1525629538.286997	1525629538.286997	0.016663	0.992691	0.104126
1525629538.294808	1525629538.294808	0.011292	0.992355	0.102692
1525629538.304946	1525629538.304946	0.011292	0.993118	0.100433
1525629538.315671	1525629538.315671	0.013336	0.993225	0.099182
1525629538.325008	1525629538.325008	0.012741	0.989532	0.097137
1525629538.334627	1525629538.334627	0.013382	0.990707	0.104126
1525629538.344992	1525629538.344992	0.015549	0.990570	0.104538
1525629538.355792	1525629538.355792	0.019928	0.984589	0.099335
1525629538.364863	1525629538.364863	0.024185	0.983429	0.095123
1525629538.374746	1525629538.374746	0.026459	0.983932	0.091080
1525629538.384902	1525629538.384902	0.024155	0.987045	0.094437
1525629538.394724	1525629538.394724	0.018494	0.992157	0.103607
1525629538.405245	1525629538.405245	0.010864	0.994843	0.108444
1525629538.414698	1525629538.414698	0.002975	0.996857	0.104706
1525629538.424875	1525629538.424875	-0.001556	0.999908	0.104675
1525629538.434639	1525629538.434639	0.000183	1.002045	0.109161
1525629538.445529	1525629538.445529	0.004059	0.996964	0.108459
1525629538.454629	1525629538.454629	0.011810	0.993103	0.099777
1525629538.464821	1525629538.464821	0.021393	0.989075	0.094345
1525629538.474678	1525629538.474678	0.030457	0.986465	0.093338
1525629538.485434	1525629538.485434	0.031021	0.986389	0.090820
1525629538.494667	1525629538.494667	0.029282	0.990021	0.090775
1525629538.504670	1525629538.504670	0.027863	0.990341	0.093918
1525629538.514618	1525629538.514618	0.024643	0.991302	0.099808
1525629538.524961	1525629538.524961	0.018753	0.995087	0.103088
1525629538.542890	1525629538.542890	0.012589	0.993729	0.105774
1525629538.544609	1525629538.544609	0.010025	0.995392	0.105072
1525629538.554469	1525629538.554469	0.012619	0.997986	0.100372
1525629538.564601	1525629538.564601	0.018707	0.996704	0.092026
1525629538.574683	1525629538.574683	0.024506	0.994675	0.089478
1525629538.585161	1525629538.585161	0.024979	0.992218	0.094025
1525629538.594451	1525629538.594451	0.020386	0.989090	0.095566
1525629538.604559	1525629538.604559	0.018661	0.986679	0.098236
1525629538.614327	1525629538.614327	0.019699	0.988220	0.100800
1525629538.625633	1525629538.625633	0.017792	0.991928	0.101700
1525629538.634358	1525629538.634358	0.015533	0.993454	0.102371
1525629538.644463	1525629538.644463	0.018661	0.992081	0.107117
1525629538.654239	1525629538.654239	0.021591	0.991272	0.103683
1525629538.664344	1525629538.664344	0.022171	0.994476	0.102554
1525629538.674503	1525629538.674503	0.022995	0.997025	0.102310
1525629538.684588	1525629538.684588	0.023712	0.996536	0.099609
1525629538.694455	1525629538.694455	0.023468	0.997925	0.100098
1525629538.706311	1525629538.706311	0.024399	0.994446	0.100082
1525629538.714203	1525629538.714203	0.022415	0.990799	0.096817
1525629538.724203	1525629538.724203	0.018631	0.994705	0.091782
1525629538.734181	1525629538.734181	0.019608	0.993332	0.091446
1525629538.744536	1525629538.744536	0.022354	0.983124	0.091400
1525629538.756282	1525629538.756282	0.028412	0.982178	0.089432
1525629538.764075	1525629538.764075	0.029861	0.980240	0.087616
1525629538.774020	1525629538.774020	0.022141	0.969513	0.090668
1525629538.784202	1525629538.784202	0.009659	0.962845	0.101028
1525629538.795064	1525629538.795064	0.006195	0.965485	0.104828
1525629538.806026	1525629538.806026	0.003845	0.973175	0.107712
1525629538.814014	1525629538.814014	0.010208	0.983948	0.107300
1525629538.824009	1525629538.824009	0.020401	0.998566	0.090714
1525629538.833935	1525629538.833935	0.025772	1.009491	0.083862
1525629538.845072	1525629538.845072	0.028656	1.013290	0.078812
1525629538.854106	1525629538.854106	0.040329	1.016037	0.044159
1525629538.864010	1525629538.864010	0.055313	1.022247	0.037323
1525629538.874133	1525629538.874133	0.069412	1.026276	0.068146
1525629538.883995	1525629538.883995	0.070679	1.018127	0.113525
1525629538.893885	1525629538.893885	0.065460	1.011917	0.118393
1525629538.903855	1525629538.903855	0.062881	1.006729	0.082458
1525629538.914031	1525629538.914031	0.071625	0.997025	0.062347
1525629538.924252	1525629538.924252	0.084076	0.983780	0.077438
1525629538.936500	1525629538.936500	0.111786	1.006973	0.139954
1525629538.944034	1525629538.944034	0.083817	0.998337	0.162476
1525629538.953582	1525629538.953582	0.030716	0.966202	0.094666
1525629538.963921	1525629538.963921	0.049500	1.010590	0.033249
1525629538.973812	1525629538.973812	0.071930	1.044250	0.013672
1525629538.983938	1525629538.983938	0.121521	1.044083	0.073471
1525629538.993795	1525629538.993795	0.216278	1.056198	0.158691
1525629539.006929	1525629539.006929	0.192123	0.971619	0.090912
1525629539.013985	1525629539.013985	0.080170	0.872864	0.030029
1525629539.023927	1525629539.023927	-0.011353	0.898972	0.168228
1525629539.033848	1525629539.033848	-0.061996	1.004089	0.292892
1525629539.043764	1525629539.043764	-0.085205	1.065292	0.253220
1525629539.053636	1525629539.053636	-0.097015	1.018631	0.136719
1525629539.063901	1525629539.063901	-0.091354	0.935394	0.079376
1525629539.073574	1525629539.073574	-0.064209	0.907944	0.106064
1525629539.083618	1525629539.083618	-0.030624	0.956024	0.147568
1525629539.093629	1525629539.093629	0.001328	1.017151	0.156281
1525629539.103594	1525629539.103594	0.023636	1.035675	0.137253
1525629539.113744	1525629539.113744	0.033218	1.009659	0.106796
1525629539.123628	1525629539.123628	0.028931	0.975281	0.093079
1525629539.133595	1525629539.133595	0.015289	0.963654	0.112793
1525629539.143618	1525629539.143618	-0.007050	0.978302	0.149612
1525629539.153541	1525629539.153541	-0.028015	0.991318	0.180664
1525629539.163606	1525629539.163606	-0.042984	0.987137	0.194138
1525629539.173576	1525629539.173576	-0.052399	0.973267	0.186356
1525629539.183554	1525629539.183554	-0.056412	0.973297	0.165588
1525629539.193379	1525629539.193379	-0.053299	0.979111	0.149200
1525629539.205220	1525629539.205220	-0.042374	0.981674	0.142838
1525629539.213310	1525629539.213310	-0.027069	0.988617	0.146698
1525629539.223414	1525629539.223414	-0.011749	0.994568	0.149628
1525629539.233250	1525629539.233250	0.001892	0.996277	0.146103
1525629539.243974	1525629539.243974	0.012192	0.995346	0.143616
1525629539.253221	1525629539.253221	0.013672	0.991714	0.132019
1525629539.263295	1525629539.263295	0.006226	0.996628	0.101990
1525629539.273224	1525629539.273224	0.000275	1.001663	0.085434
1525629539.283202	1525629539.283202	-0.005325	0.995117	0.096115
1525629539.293166	1525629539.293166	-0.012680	0.990952	0.106781
1525629539.303450	1525629539.303450	-0.013214	0.989746	0.121429
1525629539.313229	1525629539.313229	-0.009369	0.986649	0.153473
1525629539.323253	1525629539.323253	-0.015320	0.985214	0.175629
1525629539.333141	1525629539.333141	-0.028152	0.988907	0.179062
1525629539.343109	1525629539.343109	-0.042114	0.984909	0.180466
1525629539.353164	1525629539.353164	-0.047195	0.973389	0.173508
1525629539.363386	1525629539.363386	-0.044632	0.971710	0.160385
1525629539.375054	1525629539.375054	-0.047134	0.986588	0.151093
1525629539.383209	1525629539.383209	-0.059174	0.987106	0.159393
1525629539.392928	1525629539.392928	-0.072601	0.977737	0.161224
1525629539.403204	1525629539.403204	-0.084900	0.981552	0.172852
1525629539.413114	1525629539.413114	-0.093002	0.981522	0.189453
1525629539.423012	1525629539.423012	-0.098267	0.973495	0.191055
1525629539.432993	1525629539.432993	-0.104034	0.967194	0.206665
1525629539.443127	1525629539.443127	-0.108994	0.974579	0.212906
1525629539.452889	1525629539.452889	-0.110733	0.986755	0.187988
1525629539.462883	1525629539.462883	-0.105301	0.982590	0.168350
1525629539.472609	1525629539.472609	-0.090561	0.972488	0.161377
1525629539.482907	1525629539.482907	-0.067749	0.972504	0.168015
1525629539.492740	1525629539.492740	-0.039047	0.981918	0.171280
1525629539.503061	1525629539.503061	-0.013138	0.988098	0.175461
1525629539.512984	1525629539.512984	-0.001480	0.992599	0.180618
1525629539.522722	1525629539.522722	-0.010529	0.992447	0.178772
1525629539.532952	1525629539.532952	-0.033554	0.991180	0.171005
1525629539.543057	1525629539.543057	-0.065536	0.993469	0.169769
1525629539.552447	1525629539.552447	-0.092834	0.985474	0.168915
1525629539.562975	1525629539.562975	-0.105743	0.967529	0.174561
1525629539.572582	1525629539.572582	-0.105164	0.959091	0.183334
1525629539.582886	1525629539.582886	-0.096451	0.970413	0.179535
1525629539.592541	1525629539.592541	-0.083618	0.981567	0.179779
1525629539.602682	1525629539.602682	-0.078430	0.984909	0.187668
1525629539.612923	1525629539.612923	-0.085785	0.986725	0.187576
1525629539.623840	1525629539.623840	-0.103622	0.976974	0.181747
1525629539.633366	1525629539.633366	-0.119553	0.965912	0.175568
1525629539.642581	1525629539.642581	-0.125900	0.967651	0.173279
1525629539.652629	1525629539.652629	-0.123856	0.967819	0.193207
1525629539.662680	1525629539.662680	-0.119400	0.963089	0.217850
1525629539.672141	1525629539.672141	-0.110794	0.961044	0.252701
1525629539.682181	1525629539.682181	-0.106964	0.962296	0.275177
1525629539.691781	1525629539.691781	-0.119171	0.963455	0.227066
1525629539.702293	1525629539.702293	-0.136948	0.967468	0.154968
1525629539.711945	1525629539.711945	-0.149094	0.998611	0.115799
1525629539.722007	1525629539.722007	-0.154297	1.015869	0.132050
1525629539.731902	1525629539.731902	-0.147110	0.993698	0.162872
1525629539.742259	1525629539.742259	-0.128372	0.960876	0.183334
1525629539.751962	1525629539.751962	-0.106964	0.955322	0.198822
1525629539.761975	1525629539.761975	-0.094360	0.974564	0.220795
1525629539.771871	1525629539.771871	-0.092682	0.986496	0.250244
1525629539.782267	1525629539.782267	-0.096375	0.982788	0.270493
1525629539.792119	1525629539.792119	-0.107086	0.982895	0.244690
1525629539.801943	1525629539.801943	-0.121521	0.989563	0.195770
1525629539.811844	1525629539.811844	-0.134903	0.986618	0.163513
1525629539.822076	1525629539.822076	-0.144424	0.970779	0.152603
1525629539.832198	1525629539.832198	-0.146271	0.942093	0.143768
1525629539.842065	1525629539.842065	-0.140457	0.933929	0.142197
1525629539.851922	1525629539.851922	-0.131332	0.955078	0.154495
1525629539.862265	1525629539.862265	-0.126434	0.975128	0.189255
1525629539.871941	1525629539.871941	-0.133636	0.978378	0.219406
1525629539.882214	1525629539.882214	-0.144897	0.974396	0.221573
1525629539.892080	1525629539.892080	-0.148727	0.971542	0.209030
1525629539.902127	1525629539.902127	-0.134277	0.960861	0.196121
1525629539.911826	1525629539.911826	-0.103287	0.960968	0.194702
1525629539.921908	1525629539.921908	-0.077072	0.982895	0.201797
1525629539.931897	1525629539.931897	-0.070755	1.003311	0.199371
1525629539.941912	1525629539.941912	-0.079941	1.010925	0.153915
1525629539.951675	1525629539.951675	-0.092514	0.996765	0.100143
1525629539.961991	1525629539.961991	-0.114029	0.974991	0.081177
1525629539.971702	1525629539.971702	-0.141754	0.957748	0.077103
1525629539.981921	1525629539.981921	-0.165985	0.948349	0.089447
1525629539.991870	1525629539.991870	-0.184174	0.945602	0.128632
1525629540.001979	1525629540.001979	-0.194107	0.945267	0.181900
1525629540.012685	1525629540.012685	-0.193176	0.952911	0.221512
1525629540.021525	1525629540.021525	-0.183777	0.962631	0.229614
1525629540.031358	1525629540.031358	-0.171051	0.978134	0.209976
1525629540.041395	1525629540.041395	-0.152802	0.992783	0.184906
1525629540.051203	1525629540.051203	-0.131882	0.996506	0.156738
1525629540.061322	1525629540.061322	-0.122101	1.000412	0.122467
1525629540.071148	1525629540.071148	-0.133865	1.005325	0.087006
1525629540.081394	1525629540.081394	-0.163864	0.993652	0.073380
1525629540.091533	1525629540.091533	-0.200607	0.970703	0.080261
1525629540.101616	1525629540.101616	-0.238251	0.953186	0.087372
1525629540.111440	1525629540.111440	-0.268814	0.950592	0.085342
1525629540.121542	1525629540.121542	-0.272858	0.963654	0.074219
1525629540.131420	1525629540.131420	-0.243225	0.980087	0.090485
1525629540.141111	1525629540.141111	-0.199402	1.005569	0.121552
1525629540.151131	1525629540.151131	-0.154694	1.015991	0.115845
1525629540.161645	1525629540.161645	-0.113876	1.007248	0.091537
1525629540.171277	1525629540.171277	-0.089096	0.993088	0.080673
1525629540.181528	1525629540.181528	-0.085938	0.977890	0.086914
1525629540.191351	1525629540.191351	-0.108444	0.964859	0.090698
1525629540.201510	1525629540.201510	-0.150436	0.958405	0.089584
1525629540.211245	1525629540.211245	-0.204361	0.960922	0.087646
1525629540.221286	1525629540.221286	-0.252258	0.957367	0.095169
1525629540.231458	1525629540.231458	-0.280716	0.944962	0.121246
1525629540.242421	1525629540.242421	-0.288727	0.941147	0.155502
1525629540.251239	1525629540.251239	-0.279144	0.945023	0.168121
1525629540.261449	1525629540.261449	-0.254562	0.955994	0.151825
1525629540.271064	1525629540.271064	-0.222122	0.969513	0.143799
1525629540.281318	1525629540.281318	-0.191330	0.974167	0.146042
1525629540.291354	1525629540.291354	-0.168472	0.968384	0.147018
1525629540.300825	1525629540.300825	-0.165726	0.963577	0.155884
1525629540.311188	1525629540.311188	-0.189682	0.969986	0.156952
1525629540.321484	1525629540.321484	-0.226868	0.969666	0.155060
1525629540.331133	1525629540.331133	-0.260086	0.948853	0.169083
1525629540.341526	1525629540.341526	-0.279327	0.929169	0.179535
1525629540.351012	1525629540.351012	-0.283234	0.927094	0.168610
1525629540.361105	1525629540.361105	-0.264160	0.934906	0.147186
1525629540.371187	1525629540.371187	-0.227951	0.947647	0.138885
1525629540.381116	1525629540.381116	-0.191895	0.972321	0.129410
1525629540.390874	1525629540.390874	-0.164108	0.990005	0.114380
1525629540.400910	1525629540.400910	-0.146149	0.986282	0.109680
1525629540.410846	1525629540.410846	-0.140732	0.972870	0.112076
1525629540.420614	1525629540.420614	-0.144852	0.959595	0.129181
1525629540.430589	1525629540.430589	-0.159210	0.959351	0.146423
1525629540.440871	1525629540.440871	-0.180176	0.966629	0.147079
1525629540.450874	1525629540.450874	-0.204605	0.972809	0.150269
1525629540.460657	1525629540.460657	-0.226410	0.968750	0.158966
1525629540.470714	1525629540.470714	-0.235138	0.956116	0.145004
1525629540.480856	1525629540.480856	-0.237686	0.962402	0.109604
1525629540.490954	1525629540.490954	-0.240631	0.993942	0.088470
1525629540.500789	1525629540.500789	-0.244186	1.022202	0.095871
1525629540.510977	1525629540.510977	-0.253098	1.026016	0.122025
1525629540.520728	1525629540.520728	-0.269211	1.006958	0.153229
1525629540.530728	1525629540.530728	-0.291931	0.981583	0.178238
1525629540.540704	1525629540.540704	-0.312088	0.971680	0.165115
1525629540.550631	1525629540.550631	-0.321625	0.992416	0.155380
1525629540.560878	1525629540.560878	-0.334412	1.070770	0.148270
1525629540.572420	1525629540.572420	-0.373856	1.231308	0.124435
1525629540.580647	1525629540.580647	-0.347290	1.330688	0.143555
1525629540.590620	1525629540.590620	-0.253052	1.262451	0.217758
1525629540.600627	1525629540.600627	-0.190338	1.133911	0.268555
1525629540.610552	1525629540.610552	-0.174332	1.057068	0.257065
1525629540.622305	1525629540.622305	-0.167816	1.070328	0.263260
1525629540.630510	1525629540.630510	-0.173996	1.119919	0.359283
1525629540.640491	1525629540.640491	-0.183777	1.163239	0.375488
1525629540.650478	1525629540.650478	-0.197296	1.148743	0.354828
1525629540.660379	1525629540.660379	-0.219345	1.079971	0.340530
1525629540.673190	1525629540.673190	-0.229721	0.993332	0.327576
1525629540.680467	1525629540.680467	-0.224365	0.941132	0.312927
1525629540.690332	1525629540.690332	-0.205688	0.922287	0.309036
1525629540.700441	1525629540.700441	-0.179764	0.933533	0.310333
1525629540.710238	1525629540.710238	-0.162399	0.990219	0.323883
1525629540.722246	1525629540.722246	-0.152359	1.031555	0.339798
1525629540.730301	1525629540.730301	-0.133179	0.995483	0.331268
1525629540.740254	1525629540.740254	-0.103714	0.954514	0.291656
1525629540.750164	1525629540.750164	-0.069565	0.967667	0.261078
1525629540.760650	1525629540.760650	-0.028244	1.031876	0.241379
1525629540.770199	1525629540.770199	0.014801	1.152985	0.241440
1525629540.780158	1525629540.780158	0.044220	1.170425	0.285294
1525629540.790061	1525629540.790061	0.041122	1.046127	0.318390
1525629540.800161	1525629540.800161	-0.006607	0.945938	0.322983
1525629540.810062	1525629540.810062	-0.104691	0.914185	0.317139
1525629540.820172	1525629540.820172	-0.259628	0.938263	0.323959
1525629540.830104	1525629540.830104	-0.477478	0.992584	0.357529
1525629540.840128	1525629540.840128	-0.732880	0.995422	0.383881
1525629540.850201	1525629540.850201	-0.922195	0.932953	0.372818
1525629540.860023	1525629540.860023	-1.013504	0.829895	0.315247
1525629540.870661	1525629540.870661	-1.037781	0.650055	0.215973
1525629540.880148	1525629540.880148	-1.019638	0.441315	0.127365
1525629540.890669	1525629540.890669	-0.982803	0.326843	0.104309
1525629540.900154	1525629540.900154	-0.919693	0.361237	0.123566
1525629540.910356	1525629540.910356	-0.799469	0.446869	0.145264
1525629540.919972	1525629540.919972	-0.641418	0.490631	0.138657
1525629540.929884	1525629540.929884	-0.483154	0.479004	0.112305
1525629540.939703	1525629540.939703	-0.347809	0.424500	0.090805
1525629540.949776	1525629540.949776	-0.255722	0.356277	0.081390
1525629540.959853	1525629540.959853	-0.226944	0.307602	0.097717
1525629540.969757	1525629540.969757	-0.261292	0.305145	0.147202
1525629540.979876	1525629540.979876	-0.333557	0.351730	0.185898
1525629540.989661	1525629540.989661	-0.413651	0.419601	0.201431
1525629540.999736	1525629540.999736	-0.484955	0.487442	0.226349
1525629541.009793	1525629541.009793	-0.542755	0.541092	0.265488
1525629541.019671	1525629541.019671	-0.592789	0.561279	0.302292
1525629541.029729	1525629541.029729	-0.621201	0.539200	0.321808
1525629541.040461	1525629541.040461	-0.617462	0.502747	0.321014
1525629541.049967	1525629541.049967	-0.577911	0.488449	0.309402
1525629541.059584	1525629541.059584	-0.514786	0.504974	0.295639
1525629541.069858	1525629541.069858	-0.440063	0.548492	0.297699
1525629541.079740	1525629541.079740	-0.369110	0.611359	0.312393
1525629541.089287	1525629541.089287	-0.319992	0.683426	0.333771
1525629541.099666	1525629541.099666	-0.300583	0.761261	0.374115
1525629541.109370	1525629541.109370	-0.313293	0.852158	0.432144
1525629541.119569	1525629541.119569	-0.352005	0.947464	0.487396
1525629541.129236	1525629541.129236	-0.407898	1.022034	0.513657
1525629541.139414	1525629541.139414	-0.471069	1.060135	0.490326
1525629541.149315	1525629541.149315	-0.520859	1.057098	0.439865
1525629541.159397	1525629541.159397	-0.533813	1.031372	0.391495
1525629541.169318	1525629541.169318	-0.502792	1.019470	0.362244
1525629541.179459	1525629541.179459	-0.437943	1.035446	0.362488
1525629541.189389	1525629541.189389	-0.353378	1.065079	0.379395
1525629541.199526	1525629541.199526	-0.264313	1.082169	0.397400
1525629541.209246	1525629541.209246	-0.187073	1.073029	0.403122
1525629541.219070	1525629541.219070	-0.130814	1.047028	0.390961
1525629541.229074	1525629541.229074	-0.100052	1.029861	0.374725
1525629541.240064	1525629541.240064	-0.084976	1.034912	0.364883
1525629541.249190	1525629541.249190	-0.073959	1.054794	0.359863
1525629541.259291	1525629541.259291	-0.069427	1.071243	0.375275
1525629541.269110	1525629541.269110	-0.081894	1.079880	0.410110
1525629541.279198	1525629541.279198	-0.106964	1.071426	0.453033
1525629541.291876	1525629541.291876	-0.133072	1.049088	0.492126
1525629541.299472	1525629541.299472	-0.144608	1.019592	0.504257
1525629541.308965	1525629541.308965	-0.140900	0.983276	0.470306
1525629541.319123	1525629541.319123	-0.133987	0.944504	0.393143
1525629541.328950	1525629541.328950	-0.142731	0.907959	0.310364
1525629541.338964	1525629541.338964	-0.159363	0.907318	0.270538
1525629541.348917	1525629541.348917	-0.143936	0.948044	0.271851
1525629541.359149	1525629541.359149	-0.084961	0.983322	0.299118
1525629541.368677	1525629541.368677	-0.010071	0.971771	0.320297
1525629541.379117	1525629541.379117	0.038788	0.953674	0.318497
1525629541.388637	1525629541.388637	0.044022	0.954666	0.306473
1525629541.399012	1525629541.399012	0.026520	0.930573	0.299408
1525629541.408742	1525629541.408742	0.011490	0.884659	0.302780
1525629541.418925	1525629541.418925	0.005356	0.855698	0.288315
1525629541.428837	1525629541.428837	0.009781	0.846146	0.260803
1525629541.438770	1525629541.438770	0.021393	0.850296	0.242203
1525629541.448765	1525629541.448765	0.041336	0.872604	0.231094
1525629541.458813	1525629541.458813	0.062119	0.906097	0.228210
1525629541.468691	1525629541.468691	0.079803	0.932083	0.232269
1525629541.478920	1525629541.478920	0.092102	0.946976	0.233490
1525629541.488592	1525629541.488592	0.095016	0.976105	0.225983
1525629541.498769	1525629541.498769	0.095490	1.032089	0.201599
1525629541.508396	1525629541.508396	0.097534	1.058426	0.194412
1525629541.518699	1525629541.518699	0.093567	1.009155	0.209320
1525629541.528509	1525629541.528509	0.076920	0.944397	0.217056
1525629541.538593	1525629541.538593	0.049133	0.928757	0.208221
1525629541.548171	1525629541.548171	0.017166	0.977142	0.205353
1525629541.558387	1525629541.558387	-0.009445	1.041992	0.251877
1525629541.568474	1525629541.568474	-0.003204	1.075638	0.373337
1525629541.578731	1525629541.578731	0.079071	1.116776	0.555023
1525629541.588371	1525629541.588371	0.263489	1.226654	0.681717
1525629541.598587	1525629541.598587	0.481522	1.389877	0.661758
1525629541.608321	1525629541.608321	0.560394	1.543304	0.467880
1525629541.618646	1525629541.618646	0.449677	1.612473	0.149155
1525629541.628427	1525629541.628427	0.209625	1.436569	-0.072845
1525629541.638336	1525629541.638336	-0.009842	0.996429	-0.000366
1525629541.648382	1525629541.648382	-0.101089	0.568665	0.264572
1525629541.659270	1525629541.659270	-0.121078	0.445297	0.376602
1525629541.668292	1525629541.668292	-0.129715	0.656494	0.117996
1525629541.678578	1525629541.678578	-0.117981	1.010773	-0.282883
1525629541.688122	1525629541.688122	-0.055344	1.229904	-0.437195
1525629541.698488	1525629541.698488	0.021454	1.181778	-0.218307
1525629541.708545	1525629541.708545	0.038956	0.981583	0.095428
1525629541.718496	1525629541.718496	0.014740	0.811264	0.253357
1525629541.728217	1525629541.728217	0.007355	0.760468	0.302994
1525629541.740088	1525629541.740088	0.034607	0.851013	0.375610
1525629541.748196	1525629541.748196	0.072510	1.019638	0.434311
1525629541.757912	1525629541.757912	0.083344	1.120361	0.427658
1525629541.768073	1525629541.768073	0.053223	1.093109	0.320663
1525629541.778087	1525629541.778087	0.003632	1.002426	0.126099
1525629541.788040	1525629541.788040	-0.043365	0.931076	-0.049927
1525629541.801996	1525629541.801996	-0.068527	0.912949	-0.118805
1525629541.807718	1525629541.807718	-0.063797	0.942719	-0.060303
1525629541.817580	1525629541.817580	-0.036438	0.984665	0.098404
1525629541.827561	1525629541.827561	-0.012543	1.007095	0.273087
1525629541.837863	1525629541.837863	-0.016891	1.010529	0.358994
1525629541.847397	1525629541.847397	-0.046051	0.996964	0.337097
1525629541.857466	1525629541.857466	-0.079819	0.966568	0.272995
1525629541.867310	1525629541.867310	-0.103943	0.939224	0.186569
1525629541.877427	1525629541.877427	-0.104446	0.927612	0.112106
1525629541.887350	1525629541.887350	-0.078735	0.934418	0.134995
1525629541.897345	1525629541.897345	-0.045013	0.962875	0.193604
1525629541.907365	1525629541.907365	-0.018494	0.991684	0.234756
1525629541.917345	1525629541.917345	-0.007828	1.006332	0.236145
1525629541.927369	1525629541.927369	-0.009857	0.995026	0.212723
1525629541.937307	1525629541.937307	-0.018356	0.969940	0.186401
1525629541.947235	1525629541.947235	-0.026886	0.956238	0.159424
1525629541.957376	1525629541.957376	-0.032547	0.953583	0.147141
1525629541.967155	1525629541.967155	-0.037354	0.964218	0.153534
1525629541.977231	1525629541.977231	-0.044312	0.975830	0.172791
1525629541.987094	1525629541.987094	-0.055969	0.978104	0.187637
1525629541.997191	1525629541.997191	-0.067551	0.974945	0.169907
1525629542.007171	1525629542.007171	-0.068893	0.968613	0.137756
1525629542.017136	1525629542.017136	-0.057251	0.957291	0.133026
1525629542.026986	1525629542.026986	-0.038834	0.954361	0.165298
1525629542.037155	1525629542.037155	-0.028442	0.966232	0.178940
1525629542.047075	1525629542.047075	-0.028427	0.979614	0.170181
1525629542.057208	1525629542.057208	-0.028168	0.989456	0.155853
1525629542.066965	1525629542.066965	-0.025330	0.986084	0.151566
1525629542.077120	1525629542.077120	-0.027893	0.970764	0.146423
1525629542.086887	1525629542.086887	-0.032181	0.958969	0.137024
1525629542.097026	1525629542.097026	-0.035492	0.957123	0.133820
1525629542.106993	1525629542.106993	-0.054672	0.962387	0.142487
1525629542.117295	1525629542.117295	-0.082153	0.965240	0.150070
1525629542.126924	1525629542.126924	-0.096909	0.955139	0.157852
1525629542.136900	1525629542.136900	-0.088409	0.937302	0.159149
1525629542.146909	1525629542.146909	-0.069626	0.939743	0.155594
1525629542.156846	1525629542.156846	-0.071640	0.976471	0.174149
1525629542.166815	1525629542.166815	-0.101593	1.035095	0.188416
1525629542.177000	1525629542.177000	-0.134430	1.044968	0.177872
1525629542.186869	1525629542.186869	-0.154526	1.045624	0.142532
1525629542.196935	1525629542.196935	-0.198593	1.147202	0.074707
1525629542.206797	1525629542.206797	-0.240494	1.277969	0.068817
1525629542.216789	1525629542.216789	-0.210175	1.293243	0.164520
1525629542.226794	1525629542.226794	-0.161987	1.275131	0.275513
1525629542.236871	1525629542.236871	-0.119400	1.317993	0.359695
1525629542.246730	1525629542.246730	-0.059097	1.360428	0.422760
1525629542.256755	1525629542.256755	-0.008774	1.311249	0.489853
1525629542.266479	1525629542.266479	0.015030	1.210266	0.511642
1525629542.276763	1525629542.276763	0.004333	1.140076	0.506409
1525629542.288575	1525629542.288575	-0.049484	1.112228	0.504837
1525629542.296711	1525629542.296711	-0.116684	1.090714	0.510941
1525629542.306549	1525629542.306549	-0.175018	1.072266	0.516144
1525629542.316491	1525629542.316491	-0.228027	1.084763	0.498947
1525629542.326545	1525629542.326545	-0.287277	1.072754	0.480728
1525629542.336866	1525629542.336866	-0.346466	0.929962	0.457535
1525629542.346612	1525629542.346612	-0.383423	0.742325	0.405136
1525629542.356623	1525629542.356623	-0.390259	0.667236	0.308563
1525629542.369054	1525629542.369054	-0.381149	0.725128	0.208237
1525629542.376610	1525629542.376610	-0.373215	0.815186	0.173172
1525629542.386459	1525629542.386459	-0.381882	0.858673	0.194504
1525629542.396617	1525629542.396617	-0.421127	0.860428	0.217545
1525629542.406704	1525629542.406704	-0.476639	0.856201	0.223557
1525629542.416543	1525629542.416543	-0.513702	0.861710	0.209030
1525629542.426610	1525629542.426610	-0.518433	0.861084	0.178329
1525629542.436457	1525629542.436457	-0.488968	0.823532	0.129333
1525629542.447152	1525629542.447152	-0.425125	0.753296	0.065445
1525629542.456720	1525629542.456720	-0.334351	0.674042	0.018326
1525629542.466518	1525629542.466518	-0.242645	0.597717	0.008011
1525629542.476883	1525629542.476883	-0.175781	0.547470	0.055252
1525629542.486377	1525629542.486377	-0.156158	0.544952	0.136673
1525629542.496766	1525629542.496766	-0.185501	0.573120	0.220856
1525629542.506897	1525629542.506897	-0.244095	0.613770	0.262131
1525629542.516400	1525629542.516400	-0.317902	0.641891	0.285004
1525629542.527426	1525629542.527426	-0.395447	0.635544	0.323944
1525629542.538309	1525629542.538309	-0.469757	0.610168	0.349930
1525629542.546142	1525629542.546142	-0.526566	0.597397	0.346085
1525629542.556212	1525629542.556212	-0.545731	0.606796	0.324646
1525629542.566566	1525629542.566566	-0.521957	0.630417	0.307068
1525629542.576412	1525629542.576412	-0.458832	0.649582	0.291138
1525629542.586045	1525629542.586045	-0.373749	0.664383	0.276917
1525629542.596191	1525629542.596191	-0.289566	0.688461	0.269653
1525629542.606151	1525629542.606151	-0.218735	0.721146	0.269760
1525629542.618570	1525629542.618570	-0.169250	0.768570	0.277756
1525629542.625953	1525629542.625953	-0.152206	0.824463	0.291748
1525629542.635935	1525629542.635935	-0.171616	0.875610	0.313019
1525629542.646190	1525629542.646190	-0.220795	0.911606	0.337189
1525629542.656264	1525629542.656264	-0.283600	0.931076	0.368484
1525629542.665932	1525629542.665932	-0.347351	0.944412	0.398499
1525629542.676061	1525629542.676061	-0.405289	0.954620	0.415237
1525629542.685866	1525629542.685866	-0.445145	0.956284	0.419693
1525629542.696286	1525629542.696286	-0.456543	0.950333	0.417297
1525629542.706197	1525629542.706197	-0.436707	0.955841	0.408615
1525629542.716606	1525629542.716606	-0.400436	0.987732	0.400223
1525629542.725809	1525629542.725809	-0.359070	1.013214	0.398148
1525629542.735886	1525629542.735886	-0.316406	1.020767	0.398346
1525629542.745801	1525629542.745801	-0.271957	1.033997	0.391449
1525629542.755816	1525629542.755816	-0.232468	1.056442	0.373260
1525629542.765947	1525629542.765947	-0.199326	1.074600	0.352005
1525629542.775999	1525629542.775999	-0.172440	1.084412	0.332138
1525629542.786130	1525629542.786130	-0.156708	1.094315	0.320572
1525629542.796071	1525629542.796071	-0.156906	1.108994	0.322601
1525629542.805814	1525629542.805814	-0.171021	1.114441	0.338654
1525629542.815968	1525629542.815968	-0.191772	1.098038	0.356995
1525629542.825539	1525629542.825539	-0.212006	1.072159	0.366791
1525629542.835657	1525629542.835657	-0.227386	1.046890	0.363037
1525629542.845780	1525629542.845780	-0.238297	1.030014	0.358948
1525629542.855914	1525629542.855914	-0.243134	1.016220	0.354904
1525629542.867715	1525629542.867715	-0.242813	0.992722	0.350937
1525629542.875581	1525629542.875581	-0.241806	0.966080	0.339218
1525629542.885461	1525629542.885461	-0.246948	0.939667	0.316757
1525629542.895627	1525629542.895627	-0.253006	0.923141	0.298798
1525629542.905546	1525629542.905546	-0.250031	0.923355	0.298874
1525629542.915801	1525629542.915801	-0.236893	0.921051	0.318298
1525629542.925620	1525629542.925620	-0.223404	0.897308	0.345459
1525629542.935756	1525629542.935756	-0.221512	0.865524	0.364487
1525629542.945687	1525629542.945687	-0.228989	0.851440	0.367081
1525629542.955553	1525629542.955553	-0.235214	0.866577	0.354767
1525629542.965381	1525629542.965381	-0.229080	0.895569	0.341629
1525629542.975596	1525629542.975596	-0.211365	0.913696	0.327042
1525629542.985623	1525629542.985623	-0.194611	0.906586	0.291183
1525629542.995669	1525629542.995669	-0.193100	0.872040	0.260223
1525629543.006538	1525629543.006538	-0.193069	0.845169	0.254242
1525629543.015631	1525629543.015631	-0.165710	0.854034	0.277145
1525629543.026130	1525629543.026130	-0.110229	0.886063	0.342422
1525629543.036475	1525629543.036475	-0.038528	0.910629	0.489532
1525629543.045189	1525629543.045189	0.085327	0.988785	0.718857
1525629543.055899	1525629543.055899	0.348099	1.297455	0.844116
1525629543.065418	1525629543.065418	0.668045	1.874908	0.770233
1525629543.075648	1525629543.075648	0.750656	2.194855	0.310654
1525629543.087975	1525629543.087975	0.560471	1.966690	-0.349411
1525629543.095569	1525629543.095569	0.283478	1.441025	-0.520142
1525629543.105240	1525629543.105240	0.152161	0.860184	-0.113846
1525629543.115487	1525629543.115487	0.164093	0.424423	0.423996
1525629543.126809	1525629543.126809	0.222153	0.243912	0.740967
1525629543.135437	1525629543.135437	0.270691	0.397354	0.633667
1525629543.145268	1525629543.145268	0.265259	0.828217	0.312851
1525629543.157236	1525629543.157236	0.182220	1.270462	-0.022614
1525629543.165223	1525629543.165223	0.049377	1.423187	-0.283066
1525629543.175965	1525629543.175965	-0.084335	1.254654	-0.235168
1525629543.185698	1525629543.185698	-0.165939	0.946655	0.113586
1525629543.195236	1525629543.195236	-0.203812	0.692352	0.417175
1525629543.205043	1525629543.205043	-0.235535	0.589828	0.459793
1525629543.215191	1525629543.215191	-0.242142	0.685471	0.297409
1525629543.225088	1525629543.225088	-0.188614	0.915405	0.174973
1525629543.235143	1525629543.235143	-0.099350	1.130936	0.198212
1525629543.244999	1525629543.244999	-0.021332	1.201263	0.245102
1525629543.254995	1525629543.254995	0.027939	1.116348	0.180511
1525629543.265035	1525629543.265035	0.038940	0.984467	0.063751
1525629543.275795	1525629543.275795	0.034988	0.895126	0.023682
1525629543.286833	1525629543.286833	0.030258	0.885025	0.028366
1525629543.294686	1525629543.294686	0.029068	0.941895	0.033600
1525629543.304809	1525629543.304809	0.023605	1.014404	0.056290
1525629543.314988	1525629543.314988	-0.010315	1.044815	0.092422
1525629543.325027	1525629543.325027	-0.078125	1.027634	0.104645
1525629543.334942	1525629543.334942	-0.155579	0.993729	0.067169
1525629543.344822	1525629543.344822	-0.208679	0.949402	0.031143
1525629543.354808	1525629543.354808	-0.217178	0.907761	0.084457
1525629543.364836	1525629543.364836	-0.178009	0.923340	0.186203
1525629543.376132	1525629543.376132	-0.117340	0.990936	0.256256
1525629543.385551	1525629543.385551	-0.075058	1.053818	0.284515
1525629543.394802	1525629543.394802	-0.062531	1.067902	0.233963
1525629543.404514	1525629543.404514	-0.065308	1.015335	0.151489
1525629543.414802	1525629543.414802	-0.066956	0.953552	0.120605
1525629543.426208	1525629543.426208	-0.068573	0.927155	0.164169
1525629543.434755	1525629543.434755	-0.073654	0.951279	0.194458
1525629543.444366	1525629543.444366	-0.090302	1.015121	0.178757
1525629543.454764	1525629543.454764	-0.112289	1.024460	0.153549
1525629543.464628	1525629543.464628	-0.133209	0.967728	0.131332
1525629543.475569	1525629543.475569	-0.151566	0.919144	0.109573
1525629543.485702	1525629543.485702	-0.163910	0.908432	0.082169
1525629543.494737	1525629543.494737	-0.167206	0.930252	0.075989
1525629543.504441	1525629543.504441	-0.163116	0.964050	0.103210
1525629543.514264	1525629543.514264	-0.159088	0.995071	0.136459
1525629543.524362	1525629543.524362	-0.147507	0.990860	0.167404
1525629543.534571	1525629543.534571	-0.134109	0.967026	0.187943
1525629543.544344	1525629543.544344	-0.129440	0.965134	0.180771
1525629543.554393	1525629543.554393	-0.126923	0.992477	0.140686
1525629543.564306	1525629543.564306	-0.117920	1.020935	0.078888
1525629543.574365	1525629543.574365	-0.091248	1.025955	0.043915
1525629543.584866	1525629543.584866	-0.062225	1.016998	0.047958
1525629543.594533	1525629543.594533	-0.037964	1.000519	0.037720
1525629543.606143	1525629543.606143	-0.018677	0.990723	0.018051
1525629543.614418	1525629543.614418	-0.008362	0.994659	0.008194
1525629543.624264	1525629543.624264	-0.017166	1.005768	0.023529
1525629543.634355	1525629543.634355	-0.042664	1.001694	0.062241
1525629543.644130	1525629543.644130	-0.083527	0.987671	0.076996
1525629543.654222	1525629543.654222	-0.152084	0.985458	0.061646
1525629543.664278	1525629543.664278	-0.234756	0.990250	0.040680
1525629543.674798	1525629543.674798	-0.306641	0.971146	0.038956
1525629543.684594	1525629543.684594	-0.343826	0.935303	0.040421
1525629543.694093	1525629543.694093	-0.346313	0.915939	0.038864
1525629543.705253	1525629543.705253	-0.320526	0.918350	0.046646
1525629543.714231	1525629543.714231	-0.277908	0.938629	0.056183
1525629543.723933	1525629543.723933	-0.229355	0.962036	0.066986
1525629543.734106	1525629543.734106	-0.178711	0.979141	0.066788
1525629543.743916	1525629543.743916	-0.132706	1.001068	0.069458
1525629543.755820	1525629543.755820	-0.106308	1.028275	0.078461
1525629543.764273	1525629543.764273	-0.108429	1.059967	0.070496
1525629543.774052	1525629543.774052	-0.131821	1.070709	0.030533
1525629543.786597	1525629543.786597	-0.155136	1.039352	0.012863
1525629543.794634	1525629543.794634	-0.173203	0.994171	0.051834
1525629543.803916	1525629543.803916	-0.191971	0.965729	0.089478
1525629543.814014	1525629543.814014	-0.222275	0.979324	0.102921
1525629543.823831	1525629543.823831	-0.266708	1.047134	0.132156
1525629543.833898	1525629543.833898	-0.320602	1.143845	0.191574
1525629543.843907	1525629543.843907	-0.359116	1.197006	0.257690
1525629543.853784	1525629543.853784	-0.374786	1.174515	0.300705
1525629543.863756	1525629543.863756	-0.399155	1.145050	0.308014
1525629543.873794	1525629543.873794	-0.399261	1.101532	0.277832
1525629543.884118	1525629543.884118	-0.336212	1.019226	0.259674
1525629543.893930	1525629543.893930	-0.260727	0.988281	0.276443
1525629543.903548	1525629543.903548	-0.207779	1.064636	0.287827
1525629543.913832	1525629543.913832	-0.186111	1.169479	0.302826
1525629543.923571	1525629543.923571	-0.177597	1.165558	0.322174
1525629543.933705	1525629543.933705	-0.175125	1.068787	0.316788
1525629543.943838	1525629543.943838	-0.191513	0.951965	0.299423
1525629543.953751	1525629543.953751	-0.233185	0.889908	0.295853
1525629543.963540	1525629543.963540	-0.287766	0.896149	0.310654
1525629543.973553	1525629543.973553	-0.343933	0.926819	0.333359
1525629543.984139	1525629543.984139	-0.405991	0.920868	0.354218
1525629543.993540	1525629543.993540	-0.461182	0.853973	0.339279
1525629544.003568	1525629544.003568	-0.496231	0.789886	0.291840
1525629544.013524	1525629544.013524	-0.510696	0.771118	0.245026
1525629544.023536	1525629544.023536	-0.509979	0.767365	0.215347
1525629544.033593	1525629544.033593	-0.497192	0.746674	0.189240
1525629544.043254	1525629544.043254	-0.484940	0.750702	0.160812
1525629544.055201	1525629544.055201	-0.485184	0.802383	0.150955
1525629544.063145	1525629544.063145	-0.505417	0.835587	0.175095
1525629544.073178	1525629544.073178	-0.548248	0.822571	0.224121
1525629544.083422	1525629544.083422	-0.610870	0.782486	0.262589
1525629544.093535	1525629544.093535	-0.679443	0.776886	0.251007
1525629544.105049	1525629544.105049	-0.750412	0.822662	0.234833
1525629544.113430	1525629544.113430	-0.815353	0.867249	0.244675
1525629544.123283	1525629544.123283	-0.852051	0.871536	0.274567
1525629544.133601	1525629544.133601	-0.838226	0.856567	0.291092
1525629544.144042	1525629544.144042	-0.781189	0.843994	0.278687
1525629544.153177	1525629544.153177	-0.701736	0.840454	0.241287
1525629544.163151	1525629544.163151	-0.603333	0.834213	0.213348
1525629544.173026	1525629544.173026	-0.514801	0.817535	0.214310
1525629544.183709	1525629544.183709	-0.465637	0.796936	0.232056
1525629544.193761	1525629544.193761	-0.462646	0.781387	0.268280
1525629544.203275	1525629544.203275	-0.480988	0.773132	0.308975
1525629544.213138	1525629544.213138	-0.505447	0.772476	0.320221
1525629544.223063	1525629544.223063	-0.544876	0.767578	0.301697
1525629544.233290	1525629544.233290	-0.596405	0.750793	0.275711
1525629544.242875	1525629544.242875	-0.639648	0.712234	0.251419
1525629544.254763	1525629544.254763	-0.652969	0.649261	0.240295
1525629544.262977	1525629544.262977	-0.636398	0.575470	0.247971
1525629544.273078	1525629544.273078	-0.602707	0.505173	0.265854
1525629544.292847	1525629544.292847	-0.570694	0.454712	0.290161
1525629544.294587	1525629544.294587	-0.552200	0.426086	0.309540
1525629544.302562	1525629544.302562	-0.550110	0.422424	0.326202
1525629544.312962	1525629544.312962	-0.559219	0.438080	0.344788
1525629544.322688	1525629544.322688	-0.564255	0.461334	0.357269
1525629544.333056	1525629544.333056	-0.555557	0.481888	0.350174
1525629544.342663	1525629544.342663	-0.534744	0.477921	0.321426
1525629544.352825	1525629544.352825	-0.506241	0.446060	0.276108
1525629544.362906	1525629544.362906	-0.472809	0.395920	0.228119
1525629544.372864	1525629544.372864	-0.436600	0.352356	0.187881
1525629544.383493	1525629544.383493	-0.398468	0.334152	0.162933
1525629544.392984	1525629544.392984	-0.352264	0.339569	0.149796
1525629544.402631	1525629544.402631	-0.294205	0.358505	0.147339
1525629544.412787	1525629544.412787	-0.228348	0.382187	0.155975
1525629544.422462	1525629544.422462	-0.166138	0.415436	0.184891
1525629544.432587	1525629544.432587	-0.129028	0.473770	0.228790
1525629544.442297	1525629544.442297	-0.133759	0.551651	0.271774
1525629544.453484	1525629544.453484	-0.179886	0.636261	0.314438
1525629544.462514	1525629544.462514	-0.258820	0.719513	0.363373
1525629544.472424	1525629544.472424	-0.362228	0.801788	0.407761
1525629544.483194	1525629544.483194	-0.481171	0.868927	0.440857
1525629544.492587	1525629544.492587	-0.600204	0.898148	0.453735
1525629544.502400	1525629544.502400	-0.697784	0.888016	0.446304
1525629544.512716	1525629544.512716	-0.755829	0.869141	0.438934
1525629544.523484	1525629544.523484	-0.760757	0.862335	0.427475
1525629544.532417	1525629544.532417	-0.713074	0.879883	0.415527
1525629544.542410	1525629544.542410	-0.637466	0.938171	0.401886
1525629544.551973	1525629544.551973	-0.550980	1.018799	0.406052
1525629544.562337	1525629544.562337	-0.454926	1.067932	0.433350
1525629544.574130	1525629544.574130	-0.358276	1.081024	0.456223
1525629544.582900	1525629544.582900	-0.279633	1.088730	0.455017
1525629544.592434	1525629544.592434	-0.228668	1.111954	0.422989
1525629544.602197	1525629544.602197	-0.207214	1.137772	0.379623
1525629544.612292	1525629544.612292	-0.201111	1.151810	0.336517
1525629544.622088	1525629544.622088	-0.201843	1.155029	0.295914
1525629544.632178	1525629544.632178	-0.213226	1.147888	0.271088
1525629544.642702	1525629544.642702	-0.235733	1.156815	0.275482
1525629544.652059	1525629544.652059	-0.263428	1.183258	0.311340
1525629544.662187	1525629544.662187	-0.279526	1.187073	0.349777
1525629544.672059	1525629544.672059	-0.274811	1.159378	0.373383
1525629544.682460	1525629544.682460	-0.248230	1.122955	0.371765
1525629544.692015	1525629544.692015	-0.199936	1.076706	0.341476
1525629544.701993	1525629544.701993	-0.149948	1.026978	0.299194
1525629544.711788	1525629544.711788	-0.117783	0.987625	0.277222
1525629544.721857	1525629544.721857	-0.113007	0.962631	0.289764
1525629544.732021	1525629544.732021	-0.137405	0.948029	0.325211
1525629544.741861	1525629544.741861	-0.193741	0.937347	0.376465
1525629544.751978	1525629544.751978	-0.272797	0.938461	0.436996
1525629544.761899	1525629544.761899	-0.352112	0.937592	0.484970
1525629544.773698	1525629544.773698	-0.409851	0.922348	0.520706
1525629544.782416	1525629544.782416	-0.417038	0.891495	0.588181
1525629544.791883	1525629544.791883	-0.314545	0.884109	0.771469
1525629544.801492	1525629544.801492	0.005585	1.012054	0.906357
1525629544.811606	1525629544.811606	0.555725	1.358383	0.789352
1525629544.821416	1525629544.821416	0.929825	1.728729	0.466995
1525629544.831531	1525629544.831531	0.972366	1.909744	0.000031
1525629544.841631	1525629544.841631	0.742981	1.852631	-0.290970
1525629544.851761	1525629544.851761	0.460068	1.519363	-0.201202
1525629544.861738	1525629544.861738	0.344589	1.025589	0.135147
1525629544.873501	1525629544.873501	0.288727	0.628571	0.359558
1525629544.882022	1525629544.882022	0.267197	0.449005	0.222137
1525629544.891670	1525629544.891670	0.270554	0.509705	-0.108139
1525629544.901640	1525629544.901640	0.264786	0.762253	-0.326141
1525629544.911633	1525629544.911633	0.248474	1.082214	-0.314774
1525629544.921414	1525629544.921414	0.234955	1.262543	-0.133331
1525629544.931633	1525629544.931633	0.215820	1.240784	0.084015
1525629544.942572	1525629544.942572	0.174332	1.057617	0.276871
1525629544.951594	1525629544.951594	0.120453	0.817825	0.412643
1525629544.961438	1525629544.961438	0.073502	0.675858	0.477127
1525629544.971460	1525629544.971460	0.042542	0.695343	0.458054
1525629544.982044	1525629544.982044	0.023895	0.836441	0.378906
1525629544.991447	1525629544.991447	0.001877	1.004776	0.300858
1525629545.001384	1525629545.001384	-0.031494	1.104187	0.263443
1525629545.011500	1525629545.011500	-0.051178	1.094681	0.237961
1525629545.021204	1525629545.021204	-0.042923	1.011536	0.181549
1525629545.031456	1525629545.031456	-0.012512	0.927444	0.112717
1525629545.041224	1525629545.041224	0.029114	0.882339	0.061859
1525629545.051101	1525629545.051101	0.085693	0.894089	0.017044
1525629545.061292	1525629545.061292	0.146896	0.949066	0.000473
1525629545.071203	1525629545.071203	0.186005	1.014206	0.022064
1525629545.081761	1525629545.081761	0.184586	1.057800	0.035904
1525629545.091706	1525629545.091706	0.139648	1.050781	0.045044
1525629545.101043	1525629545.101043	0.066055	1.006424	0.064713
1525629545.111243	1525629545.111243	-0.005722	0.961273	0.085236
1525629545.121997	1525629545.121997	-0.056839	0.938828	0.098129
1525629545.131310	1525629545.131310	-0.087357	0.943863	0.109634
1525629545.141757	1525629545.141757	-0.098740	0.964249	0.128250
1525629545.151181	1525629545.151181	-0.098938	0.982590	0.149979
1525629545.160968	1525629545.160968	-0.087585	0.987015	0.152954
1525629545.171003	1525629545.171003	-0.063339	0.978958	0.133865
1525629545.181795	1525629545.181795	-0.031815	0.967438	0.114868
1525629545.191618	1525629545.191618	0.005615	0.969406	0.090439
1525629545.201288	1525629545.201288	0.047302	0.980637	0.070343
1525629545.210982	1525629545.210982	0.083603	0.995804	0.072983
1525629545.223742	1525629545.223742	0.110748	1.008713	0.088882
1525629545.230918	1525629545.230918	0.122910	1.010483	0.104630
1525629545.242939	1525629545.242939	0.115250	1.002365	0.123428
1525629545.251080	1525629545.251080	0.094696	0.991882	0.144791
1525629545.260401	1525629545.260401	0.063858	0.987701	0.154648
1525629545.270857	1525629545.270857	0.023636	0.985428	0.160233
1525629545.281158	1525629545.281158	-0.024048	0.982651	0.165161
1525629545.290916	1525629545.290916	-0.068222	0.977310	0.156555
1525629545.300544	1525629545.300544	-0.099869	0.969589	0.146286
1525629545.310915	1525629545.310915	-0.114044	0.966187	0.134674
1525629545.320599	1525629545.320599	-0.112473	0.965302	0.126083
1525629545.330786	1525629545.330786	-0.101608	0.966110	0.146820
1525629545.340367	1525629545.340367	-0.087189	0.971710	0.170502
1525629545.350452	1525629545.350452	-0.067337	0.979111	0.180496
1525629545.360666	1525629545.360666	-0.044632	0.984741	0.179962
1525629545.371922	1525629545.371922	-0.022659	0.987854	0.163971
1525629545.381159	1525629545.381159	-0.013992	0.986252	0.160706
1525629545.390872	1525629545.390872	-0.022980	0.985626	0.154144
1525629545.400634	1525629545.400634	-0.030334	0.982941	0.143753
1525629545.410405	1525629545.410405	-0.031067	0.979919	0.141724
1525629545.420155	1525629545.420155	-0.038940	0.979279	0.139725
1525629545.430328	1525629545.430328	-0.059525	0.979080	0.128220
1525629545.440131	1525629545.440131	-0.084396	0.978638	0.106720
1525629545.450635	1525629545.450635	-0.104950	0.969452	0.072647
1525629545.460314	1525629545.460314	-0.112137	0.964035	0.047592
1525629545.470570	1525629545.470570	-0.106888	0.969833	0.041656
1525629545.480926	1525629545.480926	-0.102280	0.976532	0.065109
1525629545.490638	1525629545.490638	-0.099915	0.986496	0.075867
1525629545.500338	1525629545.500338	-0.094910	0.990799	0.079895
1525629545.510440	1525629545.510440	-0.080276	0.987442	0.107147
1525629545.522124	1525629545.522124	-0.066238	0.988617	0.153976
1525629545.530419	1525629545.530419	-0.069626	1.006485	0.190491
1525629545.540190	1525629545.540190	-0.100677	1.063873	0.182281
1525629545.550491	1525629545.550491	-0.164642	1.174744	0.144180
1525629545.560147	1525629545.560147	-0.210251	1.254044	0.161362
1525629545.570193	1525629545.570193	-0.218018	1.218124	0.250824
1525629545.580600	1525629545.580600	-0.252762	1.177551	0.342865
1525629545.590385	1525629545.590385	-0.293396	1.228989	0.356522
1525629545.600146	1525629545.600146	-0.284256	1.310364	0.319702
1525629545.610143	1525629545.610143	-0.226089	1.292709	0.381012
1525629545.620347	1525629545.620347	-0.174805	1.185867	0.458313
1525629545.630220	1525629545.630220	-0.141052	1.071152	0.494965
1525629545.639966	1525629545.639966	-0.117371	0.998337	0.506836
1525629545.650162	1525629545.650162	-0.105972	0.975937	0.486710
1525629545.659923	1525629545.659923	-0.102921	0.965988	0.465744
1525629545.670149	1525629545.670149	-0.098816	0.937668	0.450699
1525629545.680488	1525629545.680488	-0.093292	0.904770	0.425903
1525629545.690142	1525629545.690142	-0.085007	0.928116	0.381683
1525629545.699989	1525629545.699989	-0.080734	1.021042	0.350449
1525629545.709948	1525629545.709948	-0.075211	1.075912	0.349213
1525629545.719609	1525629545.719609	-0.055557	1.079865	0.332657
1525629545.730007	1525629545.730007	-0.029984	1.087891	0.297989
1525629545.739642	1525629545.739642	-0.014145	1.080231	0.267136
1525629545.750003	1525629545.750003	-0.029694	1.032394	0.262787
1525629545.759745	1525629545.759745	-0.085129	0.937881	0.267380
1525629545.769718	1525629545.769718	-0.174118	0.823593	0.270264
1525629545.780302	1525629545.780302	-0.294281	0.706955	0.277405
1525629545.791378	1525629545.791378	-0.455948	0.629303	0.280640
1525629545.799789	1525629545.799789	-0.667664	0.605225	0.249130
1525629545.809802	1525629545.809802	-0.906647	0.596954	0.246521
1525629545.819671	1525629545.819671	-1.122406	0.583954	0.320084
1525629545.830653	1525629545.830653	-1.255112	0.590988	0.397568
1525629545.839406	1525629545.839406	-1.256012	0.611649	0.376602
1525629545.850068	1525629545.850068	-1.124588	0.593704	0.261154
1525629545.859533	1525629545.859533	-0.896606	0.519928	0.149109
1525629545.870404	1525629545.870404	-0.627518	0.426788	0.066208
1525629545.880015	1525629545.880015	-0.361725	0.365570	-0.000443
1525629545.889760	1525629545.889760	-0.124466	0.357025	-0.038040
1525629545.899621	1525629545.899621	0.043198	0.404648	-0.046494
1525629545.909593	1525629545.909593	0.129150	0.502167	-0.014893
1525629545.919206	1525629545.919206	0.157578	0.618958	0.070984
1525629545.929705	1525629545.929705	0.155807	0.703232	0.191620
1525629545.940353	1525629545.940353	0.114731	0.741394	0.285294
1525629545.949548	1525629545.949548	0.017181	0.755386	0.316544
1525629545.959377	1525629545.959377	-0.129715	0.760864	0.293427
1525629545.969565	1525629545.969565	-0.303589	0.759674	0.248550
1525629545.980090	1525629545.980090	-0.473724	0.747711	0.233963
1525629545.989457	1525629545.989457	-0.601562	0.736633	0.274155
1525629545.999222	1525629545.999222	-0.662933	0.738266	0.345078
1525629546.009249	1525629546.009249	-0.658813	0.753418	0.413055
1525629546.019288	1525629546.019288	-0.607391	0.778778	0.454758
1525629546.029138	1525629546.029138	-0.527893	0.815643	0.456955
1525629546.039162	1525629546.039162	-0.435242	0.854340	0.437561
1525629546.049024	1525629546.049024	-0.345474	0.884552	0.420090
1525629546.059217	1525629546.059217	-0.272049	0.907501	0.407227
1525629546.069258	1525629546.069258	-0.224518	0.936356	0.413239
1525629546.079659	1525629546.079659	-0.204529	0.980270	0.437943
1525629546.089184	1525629546.089184	-0.210571	1.023575	0.467072
1525629546.099155	1525629546.099155	-0.234573	1.051041	0.480347
1525629546.109080	1525629546.109080	-0.269913	1.068649	0.477020
1525629546.119216	1525629546.119216	-0.310455	1.086960	0.469223
1525629546.129045	1525629546.129045	-0.347900	1.090057	0.467682
1525629546.138923	1525629546.138923	-0.370651	1.080032	0.470428
1525629546.149100	1525629546.149100	-0.376541	1.075516	0.474548
1525629546.159147	1525629546.159147	-0.361649	1.076767	0.469101
1525629546.168766	1525629546.168766	-0.321304	1.070999	0.452499
1525629546.179607	1525629546.179607	-0.265244	1.061081	0.427750
1525629546.188780	1525629546.188780	-0.203445	1.050903	0.401764
1525629546.198943	1525629546.198943	-0.140625	1.033142	0.380417
1525629546.209202	1525629546.209202	-0.088150	1.010315	0.358688
1525629546.218744	1525629546.218744	-0.053391	0.993896	0.335495
1525629546.228708	1525629546.228708	-0.038025	0.995605	0.326019
1525629546.238850	1525629546.238850	-0.033829	1.005341	0.320877
1525629546.249293	1525629546.249293	-0.035339	1.006104	0.314560
1525629546.258755	1525629546.258755	-0.046265	0.991211	0.300217
1525629546.268832	1525629546.268832	-0.063400	0.963776	0.286301
1525629546.279279	1525629546.279279	-0.075348	0.943497	0.274887
1525629546.288842	1525629546.288842	-0.090851	0.934082	0.267853
1525629546.298692	1525629546.298692	-0.134720	0.930023	0.296204
1525629546.308761	1525629546.308761	-0.204391	0.920471	0.353790
1525629546.318630	1525629546.318630	-0.268799	0.905457	0.393677
1525629546.328819	1525629546.328819	-0.326004	0.889450	0.417328
1525629546.338593	1525629546.338593	-0.370956	0.879547	0.427612
1525629546.348560	1525629546.348560	-0.381607	0.870438	0.442963
1525629546.358546	1525629546.358546	-0.331009	0.853745	0.545532
1525629546.368679	1525629546.368679	-0.167618	0.883514	0.741974
1525629546.379131	1525629546.379131	0.161102	1.051559	0.843079
1525629546.388587	1525629546.388587	0.568192	1.359360	0.750305
1525629546.398529	1525629546.398529	0.753326	1.666245	0.424606
1525629546.408589	1525629546.408589	0.695801	1.877365	-0.029877
1525629546.418394	1525629546.418394	0.480026	1.832413	-0.298782
1525629546.428786	1525629546.428786	0.259140	1.415604	-0.228760
1525629546.438350	1525629546.438350	0.185043	0.885605	0.053772
1525629546.448440	1525629546.448440	0.208084	0.525787	0.281982
1525629546.458329	1525629546.458329	0.268738	0.430817	0.306015
1525629546.468462	1525629546.468462	0.326370	0.607101	0.179184
1525629546.480511	1525629546.480511	0.342728	0.964325	0.097473
1525629546.488274	1525629546.488274	0.312393	1.267120	0.118484
1525629546.498239	1525629546.498239	0.259552	1.286377	0.159714
1525629546.508184	1525629546.508184	0.189270	1.085449	0.236465
1525629546.518180	1525629546.518180	0.089340	0.847977	0.368683
1525629546.528275	1525629546.528275	-0.017319	0.693100	0.454559
1525629546.539093	1525629546.539093	-0.108749	0.676346	0.384430
1525629546.548232	1525629546.548232	-0.169586	0.792038	0.167175
1525629546.558703	1525629546.558703	-0.177063	0.958664	-0.042786
1525629546.568188	1525629546.568188	-0.118347	1.075272	-0.081589
1525629546.580008	1525629546.580008	-0.009140	1.085403	0.033691
1525629546.588146	1525629546.588146	0.096054	1.005356	0.196884
1525629546.598432	1525629546.598432	0.173904	0.921478	0.314407
1525629546.608103	1525629546.608103	0.219559	0.906311	0.337250
1525629546.621657	1525629546.621657	0.232544	0.961700	0.296432
1525629546.628074	1525629546.628074	0.208603	1.028046	0.213852
1525629546.638072	1525629546.638072	0.158020	1.041534	0.113113
1525629546.648024	1525629546.648024	0.098053	1.007507	0.052063
1525629546.657841	1525629546.657841	0.034637	0.961792	0.035751
1525629546.667855	1525629546.667855	-0.023560	0.930862	0.034988
1525629546.679787	1525629546.679787	-0.064392	0.929611	0.051971
1525629546.688111	1525629546.688111	-0.091614	0.961731	0.096619
1525629546.697776	1525629546.697776	-0.120026	0.993195	0.134277
1525629546.707852	1525629546.707852	-0.141769	0.994751	0.129089
1525629546.717772	1525629546.717772	-0.150574	0.967728	0.134796
1525629546.727856	1525629546.727856	-0.147873	0.946320	0.161316
1525629546.737731	1525629546.737731	-0.143784	0.956985	0.169983
1525629546.747822	1525629546.747822	-0.141052	0.986557	0.158539
1525629546.757690	1525629546.757690	-0.129440	1.001526	0.144745
1525629546.767768	1525629546.767768	-0.104248	0.983521	0.127853
1525629546.778874	1525629546.778874	-0.067032	0.958130	0.131454
1525629546.788299	1525629546.788299	-0.032806	0.954010	0.127792
1525629546.797607	1525629546.797607	-0.005203	0.964661	0.120728
1525629546.807806	1525629546.807806	0.013000	0.985168	0.131256
1525629546.817445	1525629546.817445	0.014450	1.002121	0.145248
1525629546.827534	1525629546.827534	0.000519	1.002045	0.150330
1525629546.837515	1525629546.837515	-0.024551	0.988235	0.144424
1525629546.847607	1525629546.847607	-0.056442	0.976105	0.143524
1525629546.857561	1525629546.857561	-0.091125	0.970276	0.153290
1525629546.870654	1525629546.870654	-0.123123	0.971466	0.160126
1525629546.879325	1525629546.879325	-0.149612	0.973648	0.159271
1525629546.887787	1525629546.887787	-0.165939	0.971359	0.160461
1525629546.897401	1525629546.897401	-0.168060	0.968307	0.165771
1525629546.907612	1525629546.907612	-0.156998	0.967163	0.169113
1525629546.917342	1525629546.917342	-0.135681	0.965195	0.172073
1525629546.927442	1525629546.927442	-0.116104	0.971344	0.177704
1525629546.937307	1525629546.937307	-0.100113	0.986557	0.164047
1525629546.947402	1525629546.947402	-0.078201	0.992508	0.137680
1525629546.957157	1525629546.957157	-0.050079	0.984619	0.123947
1525629546.967609	1525629546.967609	-0.021103	0.978180	0.123856
1525629546.979084	1525629546.979084	0.003418	0.984253	0.128738
1525629546.987390	1525629546.987390	0.016785	0.998367	0.128387
1525629546.997199	1525629546.997199	0.015640	1.009476	0.122971
1525629547.007272	1525629547.007272	0.003723	1.006683	0.120544
1525629547.017294	1525629547.017294	-0.010727	0.998764	0.107056
1525629547.027359	1525629547.027359	-0.014923	0.989273	0.076538
1525629547.037949	1525629547.037949	-0.004517	0.977737	0.073822
1525629547.047305	1525629547.047305	0.000626	0.985779	0.103867
1525629547.057061	1525629547.057061	-0.013718	1.001846	0.126831
1525629547.067295	1525629547.067295	-0.046402	1.011444	0.118195
1525629547.078351	1525629547.078351	-0.082855	1.007446	0.074982
1525629547.087103	1525629547.087103	-0.109680	0.982880	0.039917
1525629547.097174	1525629547.097174	-0.121780	0.961929	0.043655
1525629547.107198	1525629547.107198	-0.124496	0.962524	0.074677
1525629547.120285	1525629547.120285	-0.136093	1.014160	0.073273
1525629547.127181	1525629547.127181	-0.151794	1.107178	0.030777
1525629547.137016	1525629547.137016	-0.139771	1.149704	0.054626
1525629547.147159	1525629547.147159	-0.104767	1.110611	0.147003
1525629547.156908	1525629547.156908	-0.081589	1.064224	0.227112
1525629547.167124	1525629547.167124	-0.075516	1.076324	0.242950
1525629547.178030	1525629547.178030	-0.063522	1.115677	0.239349
1525629547.186895	1525629547.186895	-0.039658	1.123383	0.270721
1525629547.197088	1525629547.197088	-0.024490	1.119492	0.319763
1525629547.206902	1525629547.206902	-0.033936	1.133667	0.351898
1525629547.217195	1525629547.217195	-0.047791	1.110565	0.330124
1525629547.226950	1525629547.226950	-0.053024	1.024445	0.309601
1525629547.236692	1525629547.236692	-0.074646	0.934570	0.343399
1525629547.247525	1525629547.247525	-0.110397	0.911438	0.390396
1525629547.256779	1525629547.256779	-0.142349	0.938583	0.429474
1525629547.267450	1525629547.267450	-0.172058	0.969971	0.453384
1525629547.277660	1525629547.277660	-0.203751	0.996307	0.460571
1525629547.288602	1525629547.288602	-0.235321	1.013489	0.451401
1525629547.296824	1525629547.296824	-0.262802	1.014801	0.433167
1525629547.307156	1525629547.307156	-0.282120	0.997757	0.416733
1525629547.316523	1525629547.316523	-0.297775	0.968384	0.405167
1525629547.326797	1525629547.326797	-0.317581	0.935043	0.387894
1525629547.336473	1525629547.336473	-0.343628	0.898453	0.368912
1525629547.347271	1525629547.347271	-0.381958	0.849991	0.357498
1525629547.356440	1525629547.356440	-0.438538	0.799057	0.356400
1525629547.366530	1525629547.366530	-0.511932	0.758072	0.347748
1525629547.377650	1525629547.377650	-0.595383	0.726257	0.328690
1525629547.386482	1525629547.386482	-0.671677	0.701691	0.293640
1525629547.396817	1525629547.396817	-0.712708	0.677078	0.238724
1525629547.406441	1525629547.406441	-0.684204	0.636551	0.178284
1525629547.416315	1525629547.416315	-0.583969	0.570831	0.142273
1525629547.426742	1525629547.426742	-0.458618	0.494659	0.165161
1525629547.436148	1525629547.436148	-0.347595	0.448700	0.180344
1525629547.446362	1525629547.446362	-0.265060	0.450058	0.159683
1525629547.456270	1525629547.456270	-0.208145	0.485092	0.146622
1525629547.466400	1525629547.466400	-0.162125	0.531189	0.164429
1525629547.477528	1525629547.477528	-0.125702	0.578262	0.202408
1525629547.486278	1525629547.486278	-0.116562	0.625900	0.238998
1525629547.496530	1525629547.496530	-0.148743	0.674881	0.251617
1525629547.506231	1525629547.506231	-0.211151	0.719910	0.247787
1525629547.516108	1525629547.516108	-0.286575	0.746628	0.244019
1525629547.526188	1525629547.526188	-0.362854	0.757263	0.265350
1525629547.537047	1525629547.537047	-0.429016	0.773651	0.310043
1525629547.546153	1525629547.546153	-0.478012	0.822311	0.349106
1525629547.556020	1525629547.556020	-0.509613	0.900528	0.382568
1525629547.566109	1525629547.566109	-0.524261	0.981461	0.421783
1525629547.577057	1525629547.577057	-0.529114	1.042923	0.454636
1525629547.586064	1525629547.586064	-0.533035	1.078827	0.468765
1525629547.596044	1525629547.596044	-0.537460	1.072388	0.451431
1525629547.607988	1525629547.607988	-0.539307	1.026230	0.412811
1525629547.615491	1525629547.615491	-0.544800	0.972610	0.386703
1525629547.625709	1525629547.625709	-0.555191	0.949295	0.379074
1525629547.635572	1525629547.635572	-0.565994	0.965683	0.393524
1525629547.645619	1525629547.645619	-0.567657	0.999557	0.422134
1525629547.655449	1525629547.655449	-0.552948	1.022476	0.451843
1525629547.665624	1525629547.665624	-0.519211	1.009079	0.457703
1525629547.676701	1525629547.676701	-0.468079	0.963287	0.412018
1525629547.685583	1525629547.685583	-0.435226	0.942017	0.289963
1525629547.695810	1525629547.695810	-0.472595	0.972504	0.197601
1525629547.705835	1525629547.705835	-0.516693	0.979645	0.260513
1525629547.715694	1525629547.715694	-0.465073	0.949203	0.362411
1525629547.725930	1525629547.725930	-0.341568	0.916000	0.415115
1525629547.735640	1525629547.735640	-0.193817	0.879257	0.418961
1525629547.745954	1525629547.745954	-0.031631	0.851120	0.364349
1525629547.755585	1525629547.755585	0.119659	0.833603	0.273758
1525629547.765764	1525629547.765764	0.228027	0.823715	0.233521
1525629547.777482	1525629547.777482	0.267593	0.853531	0.261383
1525629547.787674	1525629547.787674	0.242447	0.919693	0.301300
1525629547.795671	1525629547.795671	0.180496	0.974716	0.340378
1525629547.805603	1525629547.805603	0.120346	0.993668	0.392288
1525629547.815488	1525629547.815488	0.084213	0.999847	0.426056
1525629547.825708	1525629547.825708	0.051758	1.038971	0.401077
1525629547.835447	1525629547.835447	-0.007477	1.113770	0.334488
1525629547.845663	1525629547.845663	-0.088348	1.166672	0.268387
1525629547.855405	1525629547.855405	-0.148911	1.142593	0.222000
1525629547.865496	1525629547.865496	-0.148834	1.053299	0.216736
1525629547.877505	1525629547.877505	-0.080170	0.965149	0.243240
1525629547.885331	1525629547.885331	0.025894	0.920776	0.264984
1525629547.895461	1525629547.895461	0.137863	0.919510	0.268860
1525629547.905546	1525629547.905546	0.234161	0.945389	0.265411
1525629547.915283	1525629547.915283	0.296677	0.986832	0.260666
1525629547.925496	1525629547.925496	0.314392	1.036087	0.256012
1525629547.935251	1525629547.935251	0.285919	1.069641	0.244080
1525629547.945324	1525629547.945324	0.222992	1.055817	0.225113
1525629547.956466	1525629547.956466	0.147644	1.000809	0.208298
1525629547.965290	1525629547.965290	0.066727	0.944107	0.204147
1525629547.977171	1525629547.977171	-0.016617	0.912094	0.212204
1525629547.985242	1525629547.985242	-0.093430	0.906219	0.225128
1525629547.995654	1525629547.995654	-0.152100	0.923370	0.236115
1525629548.005198	1525629548.005198	-0.172180	0.962402	0.244568
1525629548.015362	1525629548.015362	-0.151688	0.985931	0.263916
1525629548.025295	1525629548.025295	-0.100525	0.975922	0.275055
1525629548.040202	1525629548.040202	-0.046570	0.952805	0.283722
1525629548.045007	1525629548.045007	-0.011765	0.921249	0.293930
1525629548.055086	1525629548.055086	-0.005768	0.894318	0.308350
1525629548.065079	1525629548.065079	-0.022949	0.887756	0.306366
1525629548.075955	1525629548.075955	-0.048264	0.912399	0.269928
1525629548.085036	1525629548.085036	-0.063370	0.958206	0.197617
1525629548.094901	1525629548.094901	-0.055847	0.998016	0.130447
1525629548.105546	1525629548.105546	-0.021454	1.020523	0.102448
1525629548.114868	1525629548.114868	0.037521	1.001251	0.115891
1525629548.125116	1525629548.125116	0.105057	0.962906	0.158035
1525629548.134818	1525629548.134818	0.163452	0.943588	0.222015
1525629548.145042	1525629548.145042	0.199051	0.938492	0.284805
1525629548.154774	1525629548.154774	0.215347	0.941071	0.314590
1525629548.164873	1525629548.164873	0.217346	0.952332	0.310410
1525629548.176653	1525629548.176653	0.206665	0.964905	0.280151
1525629548.184833	1525629548.184833	0.195496	0.964233	0.219009
1525629548.194840	1525629548.194840	0.192139	0.967194	0.150696
1525629548.205023	1525629548.205023	0.198380	0.990524	0.098923
1525629548.214677	1525629548.214677	0.209015	1.010910	0.071259
1525629548.224880	1525629548.224880	0.220612	1.007584	0.080795
1525629548.234801	1525629548.234801	0.231155	0.986954	0.119598
1525629548.245230	1525629548.245230	0.244064	0.958527	0.164078
1525629548.254716	1525629548.254716	0.253876	0.940338	0.202606
1525629548.264730	1525629548.264730	0.249268	0.942383	0.220627
1525629548.275871	1525629548.275871	0.231781	0.959106	0.212418
1525629548.287861	1525629548.287861	0.213242	0.975220	0.186203
1525629548.294461	1525629548.294461	0.198105	0.980728	0.166901
1525629548.304712	1525629548.304712	0.192657	0.972549	0.151596
1525629548.314483	1525629548.314483	0.197357	0.969254	0.119247
1525629548.324696	1525629548.324696	0.207993	0.967804	0.100281
1525629548.334339	1525629548.334339	0.225861	0.961349	0.100510
1525629548.344649	1525629548.344649	0.237808	0.962631	0.111130
1525629548.354525	1525629548.354525	0.237396	0.970566	0.126816
1525629548.364364	1525629548.364364	0.227707	0.975357	0.145798
1525629548.376227	1525629548.376227	0.215439	0.969070	0.163177
1525629548.384615	1525629548.384615	0.205917	0.961533	0.163406
1525629548.394530	1525629548.394530	0.197266	0.964447	0.145645
1525629548.404530	1525629548.404530	0.192215	0.977600	0.120407
1525629548.414432	1525629548.414432	0.196671	0.983200	0.109222
1525629548.424350	1525629548.424350	0.212769	0.971161	0.116638
1525629548.434339	1525629548.434339	0.231003	0.957916	0.131607
1525629548.444137	1525629548.444137	0.237976	0.957062	0.147812
1525629548.454886	1525629548.454886	0.229980	0.961456	0.167099
1525629548.464232	1525629548.464232	0.215439	0.962128	0.190781
1525629548.476033	1525629548.476033	0.206192	0.959030	0.200317
1525629548.484342	1525629548.484342	0.204544	0.961761	0.179504
1525629548.494234	1525629548.494234	0.207565	0.966827	0.140625
1525629548.504343	1525629548.504343	0.221863	0.963135	0.104248
1525629548.514080	1525629548.514080	0.245285	0.956528	0.093094
1525629548.524155	1525629548.524155	0.274200	0.964951	0.095352
1525629548.537694	1525629548.537694	0.296967	0.987244	0.090927
1525629548.544250	1525629548.544250	0.304871	0.989960	0.083893
1525629548.554312	1525629548.554312	0.298492	0.973297	0.082169
1525629548.564138	1525629548.564138	0.281860	0.963989	0.102341
1525629548.575997	1525629548.575997	0.253998	0.962723	0.140411
1525629548.584305	1525629548.584305	0.221222	0.958389	0.157898
1525629548.594029	1525629548.594029	0.197006	0.949677	0.167084
1525629548.604109	1525629548.604109	0.186615	0.944550	0.165604
1525629548.613850	1525629548.613850	0.182861	0.950089	0.156219
1525629548.624117	1525629548.624117	0.189545	0.954590	0.143677
1525629548.634405	1525629548.634405	0.210281	0.951981	0.127853
1525629548.643890	1525629548.643890	0.236481	0.956421	0.110214
1525629548.653894	1525629548.653894	0.265152	0.963745	0.094864
1525629548.664581	1525629548.664581	0.279526	0.924561	0.152176
1525629548.674941	1525629548.674941	0.282806	0.984970	0.072357
1525629548.684392	1525629548.684392	0.283691	1.009979	0.072113
1525629548.693819	1525629548.693819	0.272537	0.979889	0.137985
1525629548.705592	1525629548.705592	0.248810	0.960327	0.142426
1525629548.714244	1525629548.714244	0.222809	0.950333	0.140701
1525629548.724444	1525629548.724444	0.208145	0.951492	0.141525
1525629548.733925	1525629548.733925	0.207214	0.973267	0.125305
1525629548.744003	1525629548.744003	0.212585	0.986862	0.112579
1525629548.753690	1525629548.753690	0.218613	0.974670	0.128296
1525629548.764011	1525629548.764011	0.231415	0.963028	0.133957
1525629548.775388	1525629548.775388	0.242279	0.948685	0.129669
1525629548.787070	1525629548.787070	0.242020	0.937317	0.137253
1525629548.793690	1525629548.793690	0.232758	0.933212	0.152084
1525629548.803692	1525629548.803692	0.221878	0.951721	0.149277
1525629548.813484	1525629548.813484	0.211517	0.976929	0.146393
1525629548.823777	1525629548.823777	0.207123	0.978012	0.150162
1525629548.833724	1525629548.833724	0.210175	0.957184	0.152008
1525629548.843693	1525629548.843693	0.220734	0.934448	0.156509
1525629548.853513	1525629548.853513	0.228409	0.940460	0.176880
1525629548.863670	1525629548.863670	0.226349	0.967041	0.180298
1525629548.875208	1525629548.875208	0.225266	0.977707	0.152206
1525629548.883983	1525629548.883983	0.231796	0.968491	0.142639
1525629548.893411	1525629548.893411	0.235352	0.959656	0.131302
1525629548.903772	1525629548.903772	0.232910	0.956573	0.132751
1525629548.913444	1525629548.913444	0.232315	0.962784	0.134323
1525629548.923698	1525629548.923698	0.239395	0.971313	0.132324
1525629548.933911	1525629548.933911	0.254074	0.977539	0.126495
1525629548.943365	1525629548.943365	0.262756	0.974060	0.134384
1525629548.955173	1525629548.955173	0.258759	0.964264	0.136551
1525629548.963544	1525629548.963544	0.209427	0.941055	0.142303
1525629548.974986	1525629548.974986	0.145233	0.920425	0.145935
1525629548.983689	1525629548.983689	0.150864	0.942703	0.168915
1525629548.993218	1525629548.993218	0.211365	0.987000	0.175552
1525629549.003415	1525629549.003415	0.270584	1.002731	0.170410
1525629549.013219	1525629549.013219	0.291595	0.986710	0.168701
1525629549.023281	1525629549.023281	0.280762	0.963013	0.158478
1525629549.033154	1525629549.033154	0.259293	0.949921	0.149460
1525629549.043235	1525629549.043235	0.222321	0.950119	0.148788
1525629549.053388	1525629549.053388	0.194550	0.962448	0.149582
1525629549.063220	1525629549.063220	0.190414	0.971863	0.138611
1525629549.074777	1525629549.074777	0.191666	0.970871	0.137695
1525629549.083403	1525629549.083403	0.200623	0.967667	0.141937
1525629549.093034	1525629549.093034	0.215393	0.961914	0.147461
1525629549.103166	1525629549.103166	0.225464	0.952789	0.163956
1525629549.112979	1525629549.112979	0.234970	0.950867	0.174377
1525629549.123094	1525629549.123094	0.243652	0.958328	0.174301
1525629549.132813	1525629549.132813	0.243073	0.962021	0.171448
1525629549.158874	1525629549.158874	0.235199	0.962723	0.157578
1525629549.158912	1525629549.158912	0.226990	0.963104	0.152634
1525629549.162536	1525629549.162536	0.213303	0.960281	0.153534
1525629549.172855	1525629549.172855	0.205872	0.955444	0.153381
1525629549.182905	1525629549.182905	0.202316	0.958649	0.160095
1525629549.192475	1525629549.192475	0.196732	0.963455	0.159515
1525629549.204560	1525629549.204560	0.185043	0.960815	0.164230
1525629549.212391	1525629549.212391	0.180832	0.961334	0.164612
1525629549.242378	1525629549.242378	0.192535	0.968231	0.172928
1525629549.243331	1525629549.243331	0.210281	0.973419	0.170074
1525629549.243481	1525629549.243481	0.221573	0.964584	0.144684
1525629549.252180	1525629549.252180	0.223236	0.952423	0.138702
1525629549.262266	1525629549.262266	0.232224	0.953766	0.138214
1525629549.272162	1525629549.272162	0.232895	0.965958	0.149155
1525629549.282311	1525629549.282311	0.233597	0.975113	0.155212
1525629549.292120	1525629549.292120	0.223846	0.966736	0.147949
1525629549.302558	1525629549.302558	0.203079	0.954544	0.141998
1525629549.312294	1525629549.312294	0.187683	0.953903	0.144089
1525629549.322643	1525629549.322643	0.186035	0.963959	0.143158
1525629549.332432	1525629549.332432	0.193283	0.973175	0.135818
1525629549.342472	1525629549.342472	0.202332	0.975876	0.121796
1525629549.352336	1525629549.352336	0.222015	0.974640	0.121948
1525629549.362418	1525629549.362418	0.238953	0.973389	0.132782
1525629549.372837	1525629549.372837	0.245514	0.971832	0.149048
1525629549.382386	1525629549.382386	0.234375	0.970215	0.158051
1525629549.392803	1525629549.392803	0.212265	0.969971	0.150009
1525629549.402313	1525629549.402313	0.186707	0.967102	0.137314
1525629549.418836	1525629549.418836	0.175980	0.963501	0.125977
1525629549.422273	1525629549.422273	0.178894	0.960800	0.116928
1525629549.432311	1525629549.432311	0.188309	0.957855	0.119736
1525629549.442295	1525629549.442295	0.198944	0.959946	0.126297
1525629549.459378	1525629549.459378	0.205521	0.964050	0.134521
1525629549.464022	1525629549.464022	0.204773	0.968643	0.141830
1525629549.472049	1525629549.472049	0.199615	0.975510	0.138138
1525629549.482276	1525629549.482276	0.194336	0.972412	0.127274
1525629549.491903	1525629549.491903	0.199951	0.969986	0.124176
1525629549.504802	1525629549.504802	0.211380	0.972992	0.119980
1525629549.511729	1525629549.511729	0.215485	0.970749	0.112198
1525629549.521826	1525629549.521826	0.212631	0.963989	0.104599
1525629549.531976	1525629549.531976	0.208359	0.963898	0.103989
1525629549.542022	1525629549.542022	0.207870	0.974884	0.099426
1525629549.555068	1525629549.555068	0.208405	0.985229	0.101776
1525629549.562012	1525629549.562012	0.208984	0.982086	0.100250
1525629549.571878	1525629549.571878	0.212173	0.973083	0.101105
1525629549.582005	1525629549.582005	0.209045	0.973480	0.105545
1525629549.592808	1525629549.592808	0.201492	0.979477	0.107437
1525629549.602158	1525629549.602158	0.194427	0.980240	0.106430
1525629549.611673	1525629549.611673	0.190140	0.970856	0.106384
1525629549.621895	1525629549.621895	0.192352	0.961426	0.108017
1525629549.635668	1525629549.635668	0.191818	0.965134	0.108627
1525629549.644861	1525629549.644861	0.191544	0.977249	0.109695
1525629549.651713	1525629549.651713	0.186584	0.983368	0.117249
1525629549.661807	1525629549.661807	0.180649	0.980240	0.120300
1525629549.671674	1525629549.671674	0.175125	0.970398	0.107468
1525629549.681910	1525629549.681910	0.167603	0.960785	0.091537
1525629549.696242	1525629549.696242	0.165512	0.960510	0.095184
1525629549.701724	1525629549.701724	0.173065	0.964462	0.104813
1525629549.711319	1525629549.711319	0.179581	0.968567	0.107681
1525629549.723653	1525629549.723653	0.185883	0.972397	0.113312
1525629549.732445	1525629549.732445	0.188904	0.970856	0.112061
1525629549.744285	1525629549.744285	0.191238	0.970566	0.100601
