1525629538.287400	1525629538.287400	0.036143	-0.047048	0.001508
1525629538.296768	1525629538.296768	0.037259	-0.048121	-0.002736
1525629538.306761	1525629538.306761	0.030940	-0.041702	-0.008135
1525629538.316787	1525629538.316787	0.023458	-0.046999	-0.008227
1525629538.326781	1525629538.326781	0.025513	-0.057664	-0.003944
1525629538.336840	1525629538.336840	0.027628	-0.059804	-0.002853
1525629538.346696	1525629538.346696	0.026614	-0.059802	-0.007123
1525629538.356789	1525629538.356789	0.018170	-0.059769	-0.014677
1525629538.368130	1525629538.368130	0.004302	-0.049051	-0.012718
1525629538.376701	1525629538.376701	-0.002112	-0.043694	-0.010668
1525629538.386778	1525629538.386778	0.008520	-0.042672	-0.007345
1525629538.396667	1525629538.396667	0.013766	-0.036295	0.001234
1525629538.406621	1525629538.406621	0.015795	-0.036300	0.009774
1525629538.416679	1525629538.416679	0.015722	-0.028836	0.017223
1525629538.426610	1525629538.426610	0.012470	-0.023491	0.022505
1525629538.436580	1525629538.436580	0.013469	-0.024558	0.027839
1525629538.446693	1525629538.446693	0.013427	-0.025623	0.031031
1525629538.458467	1525629538.458467	0.014528	-0.022431	0.028916
1525629538.466700	1525629538.466700	0.018840	-0.009660	0.027904
1525629538.476427	1525629538.476427	0.020945	-0.010734	0.030059
1525629538.486669	1525629538.486669	0.017652	-0.037364	0.032148
1525629538.497103	1525629538.497103	0.009095	-0.056513	0.029915
1525629538.506502	1525629538.506502	-0.001458	-0.041550	0.023399
1525629538.516581	1525629538.516581	-0.006697	-0.024477	0.019077
1525629538.528483	1525629538.528483	-0.002362	-0.018102	0.014873
1525629538.543172	1525629538.543172	0.006233	-0.020273	0.009656
1525629538.546521	1525629538.546521	0.008349	-0.017083	0.011811
1525629538.556809	1525629538.556809	0.007151	-0.017073	0.022440
1525629538.566404	1525629538.566404	0.002806	-0.017052	0.028773
1525629538.576352	1525629538.576352	0.001734	-0.008520	0.030888
1525629538.587119	1525629538.587119	0.000609	-0.015974	0.034067
1525629538.596375	1525629538.596375	0.000491	-0.031958	0.040453
1525629538.606527	1525629538.606527	-0.004885	-0.038329	0.042516
1525629538.616414	1525629538.616414	-0.009203	-0.042573	0.045656
1525629538.626231	1525629538.626231	-0.002843	-0.048994	0.047863
1525629538.636202	1525629538.636202	-0.000618	-0.038347	0.042568
1525629538.646266	1525629538.646266	-0.001496	-0.020230	0.030849
1525629538.656251	1525629538.656251	0.000782	0.001073	0.023425
1525629538.666111	1525629538.666111	0.007178	-0.001086	0.023504
1525629538.678603	1525629538.678603	0.017805	-0.007525	0.025763
1525629538.686457	1525629538.686457	0.023076	-0.017138	0.029020
1525629538.696359	1525629538.696359	0.027346	-0.016090	0.029073
1525629538.706458	1525629538.706458	0.026342	-0.006495	0.025867
1525629538.716195	1525629538.716195	0.017831	-0.012855	0.022570
1525629538.726096	1525629538.726096	0.011502	-0.020292	0.015042
1525629538.736054	1525629538.736054	0.009290	-0.030939	0.019273
1525629538.746347	1525629538.746347	0.008066	-0.041587	0.029902
1525629538.756401	1525629538.756401	0.002616	-0.045824	0.038350
1525629538.767486	1525629538.767486	-0.011334	-0.041498	0.045630
1525629538.776037	1525629538.776037	-0.010320	-0.005259	0.057349
1525629538.786412	1525629538.786412	0.002584	0.029857	0.056442
1525629538.795693	1525629538.795693	0.017629	0.078821	0.057689
1525629538.807217	1525629538.807217	0.036834	0.116046	0.065373
1525629538.815964	1525629538.815964	0.033451	0.121396	0.081297
1525629538.825993	1525629538.825993	0.009766	0.166273	0.107615
1525629538.835851	1525629538.835851	-0.009597	0.206865	0.128664
1525629538.845832	1525629538.845832	-0.059910	0.185767	0.137628
1525629538.859184	1525629538.859184	-0.113406	0.166813	0.145489
1525629538.866058	1525629538.866058	-0.143373	0.202119	0.160023
1525629538.875820	1525629538.875820	-0.117868	0.240387	0.176299
1525629538.885744	1525629538.885744	-0.075325	0.229552	0.185334
1525629538.896265	1525629538.896265	-0.089063	0.188035	0.166009
1525629538.905664	1525629538.905664	-0.129178	0.186058	0.130395
1525629538.916260	1525629538.916260	-0.167126	0.228839	0.101192
1525629538.926096	1525629538.926096	-0.117618	0.213690	0.063481
1525629538.939939	1525629538.939939	0.004760	0.146030	0.076688
1525629538.945567	1525629538.945567	-0.073403	0.315851	0.133202
1525629538.955715	1525629538.955715	-0.180749	0.301369	0.095701
1525629538.965723	1525629538.965723	-0.282056	0.151465	-0.026870
1525629538.975734	1525629538.975734	-0.336796	0.152698	-0.174422
1525629538.985824	1525629538.985824	-0.338311	0.427568	-0.429895
1525629538.995815	1525629538.995815	-0.687561	1.276264	-0.665158
1525629539.008307	1525629539.008307	-0.608214	0.902846	-0.772741
1525629539.015836	1525629539.015836	-0.295146	0.052090	-0.719925
1525629539.025992	1525629539.025992	-0.028501	-0.286814	-0.518683
1525629539.036301	1525629539.036301	0.071005	-0.189066	-0.259894
1525629539.045592	1525629539.045592	0.003844	-0.029885	-0.058492
1525629539.055602	1525629539.055602	-0.103682	0.099576	0.034917
1525629539.065832	1525629539.065832	-0.171623	0.229893	0.033018
1525629539.075514	1525629539.075514	-0.172700	0.328988	-0.032989
1525629539.085684	1525629539.085684	-0.122540	0.344724	-0.117524
1525629539.095675	1525629539.095675	-0.068651	0.312498	-0.167954
1525629539.105502	1525629539.105502	-0.048546	0.241003	-0.168770
1525629539.115467	1525629539.115467	-0.062950	0.136625	-0.146591
1525629539.125412	1525629539.125412	-0.096439	0.064301	-0.127840
1525629539.135537	1525629539.135537	-0.110215	0.044104	-0.139716
1525629539.145450	1525629539.145450	-0.087369	0.053584	-0.173496
1525629539.155395	1525629539.155395	-0.060394	0.065183	-0.195518
1525629539.165556	1525629539.165556	-0.047622	0.084316	-0.188977
1525629539.176527	1525629539.176527	-0.051119	0.112056	-0.159218
1525629539.185415	1525629539.185415	-0.061219	0.121710	-0.116768
1525629539.195454	1525629539.195454	-0.073409	0.106856	-0.082857
1525629539.207322	1525629539.207322	-0.080041	0.093035	-0.066972
1525629539.215376	1525629539.215376	-0.078907	0.083435	-0.074408
1525629539.225218	1525629539.225218	-0.075433	0.062092	-0.100974
1525629539.235661	1525629539.235661	-0.078274	0.054630	-0.131875
1525629539.245969	1525629539.245969	-0.082144	0.072752	-0.160661
1525629539.255059	1525629539.255059	-0.096744	0.097318	-0.183192
1525629539.265262	1525629539.265262	-0.131714	0.140093	-0.194264
1525629539.275453	1525629539.275453	-0.181766	0.171214	-0.195942
1525629539.285441	1525629539.285441	-0.201005	0.141451	-0.199369
1525629539.295106	1525629539.295106	-0.193614	0.068941	-0.207792
1525629539.305071	1525629539.305071	-0.183031	0.018802	-0.210854
1525629539.315167	1525629539.315167	-0.166976	0.008073	-0.217043
1525629539.325481	1525629539.325481	-0.146450	0.005845	-0.238079
1525629539.335122	1525629539.335122	-0.132335	0.015369	-0.256001
1525629539.344979	1525629539.344979	-0.125892	0.021735	-0.258051
1525629539.355023	1525629539.355023	-0.123945	0.040920	-0.238869
1525629539.365095	1525629539.365095	-0.120979	0.062234	-0.215418
1525629539.375855	1525629539.375855	-0.113673	0.054748	-0.203620
1525629539.385005	1525629539.385005	-0.077564	-0.006156	-0.202112
1525629539.394998	1525629539.394998	-0.030798	-0.071368	-0.200474
1525629539.404786	1525629539.404786	-0.037397	-0.113969	-0.193103
1525629539.415004	1525629539.415004	-0.059032	-0.175689	-0.181658
1525629539.425040	1525629539.425040	-0.055003	-0.182093	-0.163514
1525629539.434916	1525629539.434916	-0.042249	-0.107532	-0.144202
1525629539.444873	1525629539.444873	-0.042236	-0.013733	-0.126111
1525629539.454795	1525629539.454795	-0.066896	0.047133	-0.104062
1525629539.464490	1525629539.464490	-0.092824	0.053650	-0.076706
1525629539.474694	1525629539.474694	-0.093159	0.039807	-0.052230
1525629539.484750	1525629539.484750	-0.080515	0.007782	-0.045688
1525629539.494820	1525629539.494820	-0.068771	-0.035970	-0.055122
1525629539.506091	1525629539.506091	-0.056611	-0.054158	-0.093290
1525629539.514833	1525629539.514833	-0.052599	-0.053138	-0.159231
1525629539.524988	1525629539.524988	-0.055929	-0.043565	-0.233777
1525629539.535911	1525629539.535911	-0.069064	-0.026482	-0.290350
1525629539.544347	1525629539.544347	-0.075198	-0.013675	-0.309583
1525629539.557244	1525629539.557244	-0.059544	-0.002003	-0.278526
1525629539.564616	1525629539.564616	-0.039998	0.021390	-0.214426
1525629539.574609	1525629539.574609	-0.032200	0.055493	-0.147277
1525629539.584653	1525629539.584653	-0.049555	0.098213	-0.115560
1525629539.594458	1525629539.594458	-0.074918	0.121762	-0.130772
1525629539.604462	1525629539.604462	-0.083933	0.121779	-0.178778
1525629539.614573	1525629539.614573	-0.081149	0.073777	-0.241540
1525629539.624473	1525629539.624473	-0.055340	0.035288	-0.265703
1525629539.634550	1525629539.634550	-0.050313	0.058727	-0.235840
1525629539.644353	1525629539.644353	-0.089423	0.143126	-0.161816
1525629539.654326	1525629539.654326	-0.106256	0.129371	-0.097096
1525629539.664135	1525629539.664135	-0.064015	0.070583	-0.073162
1525629539.674076	1525629539.674076	-0.008354	0.118305	-0.077804
1525629539.684073	1525629539.684073	0.030677	0.174610	-0.116710
1525629539.693993	1525629539.693993	0.034469	0.191627	-0.161367
1525629539.703941	1525629539.703941	0.008070	0.175740	-0.187234
1525629539.713963	1525629539.713963	-0.020992	0.146028	-0.172687
1525629539.723822	1525629539.723822	0.015520	0.086212	-0.116892
1525629539.734003	1525629539.734003	0.060419	0.034894	-0.047158
1525629539.744020	1525629539.744020	0.058676	0.020003	0.004975
1525629539.753907	1525629539.753907	0.025623	0.043593	0.007763
1525629539.763974	1525629539.763974	0.028396	0.043558	-0.044357
1525629539.774154	1525629539.774154	0.067651	0.054019	-0.110932
1525629539.784159	1525629539.784159	0.114177	0.058061	-0.162516
1525629539.793882	1525629539.793882	0.131520	0.041989	-0.187848
1525629539.803810	1525629539.803810	0.110047	0.039954	-0.177467
1525629539.813864	1525629539.813864	0.085128	0.049666	-0.144777
1525629539.824069	1525629539.824069	0.085740	0.024099	-0.112838
1525629539.834188	1525629539.834188	0.094013	0.018744	-0.092514
1525629539.844106	1525629539.844106	0.086566	0.063542	-0.085156
1525629539.854063	1525629539.854063	0.066521	0.143562	-0.087533
1525629539.864078	1525629539.864078	0.080826	0.244747	-0.102262
1525629539.873911	1525629539.873911	0.115388	0.329857	-0.118871
1525629539.883878	1525629539.883878	0.117672	0.369280	-0.123102
1525629539.893867	1525629539.893867	0.103536	0.356559	-0.104116
1525629539.903882	1525629539.903882	0.092299	0.306530	-0.068064
1525629539.913917	1525629539.913917	0.095311	0.257493	-0.062704
1525629539.923814	1525629539.923814	0.121383	0.261628	-0.099637
1525629539.933886	1525629539.933886	0.134134	0.302042	-0.173988
1525629539.943854	1525629539.943854	0.119021	0.313798	-0.244421
1525629539.953945	1525629539.953945	0.111062	0.340459	-0.286029
1525629539.963905	1525629539.963905	0.112349	0.371356	-0.297722
1525629539.973693	1525629539.973693	0.090791	0.382115	-0.277763
1525629539.983769	1525629539.983769	0.065877	0.377971	-0.248266
1525629539.993732	1525629539.993732	0.070827	0.359843	-0.220531
1525629540.003734	1525629540.003734	0.098188	0.323500	-0.196780
1525629540.013968	1525629540.013968	0.109618	0.279761	-0.180673
1525629540.023459	1525629540.023459	0.125426	0.248790	-0.170900
1525629540.033833	1525629540.033833	0.128482	0.211475	-0.166604
1525629540.043087	1525629540.043087	0.130501	0.176296	-0.164449
1525629540.053281	1525629540.053281	0.146508	0.146383	-0.170639
1525629540.063180	1525629540.063180	0.121124	0.072935	-0.203942
1525629540.073389	1525629540.073389	0.104483	-0.016546	-0.257361
1525629540.083582	1525629540.083582	0.109108	-0.072006	-0.297748
1525629540.093535	1525629540.093535	0.109173	-0.082668	-0.305197
1525629540.103601	1525629540.103601	0.089563	-0.056988	-0.267121
1525629540.113524	1525629540.113524	0.043720	-0.084469	-0.188919
1525629540.123466	1525629540.123466	0.009213	-0.167411	-0.089288
1525629540.133460	1525629540.133460	0.010245	-0.227066	-0.011576
1525629540.143186	1525629540.143186	0.019518	-0.269729	0.006633
1525629540.153461	1525629540.153461	-0.010986	-0.283473	-0.032056
1525629540.163386	1525629540.163386	-0.046157	-0.281232	-0.121893
1525629540.173272	1525629540.173272	-0.062921	-0.274816	-0.232791
1525629540.183404	1525629540.183404	-0.060546	-0.263149	-0.337070
1525629540.193208	1525629540.193208	-0.060621	-0.216285	-0.408384
1525629540.204378	1525629540.204378	-0.070742	-0.117132	-0.432991
1525629540.213411	1525629540.213411	-0.098593	-0.026408	-0.405661
1525629540.223407	1525629540.223407	-0.120656	0.033403	-0.334621
1525629540.233324	1525629540.233324	-0.107779	0.080284	-0.243995
1525629540.243284	1525629540.243284	-0.091523	0.130343	-0.167163
1525629540.253352	1525629540.253352	-0.102612	0.176239	-0.123662
1525629540.263299	1525629540.263299	-0.115364	0.201873	-0.122754
1525629540.273149	1525629540.273149	-0.123610	0.192304	-0.148399
1525629540.283161	1525629540.283161	-0.118985	0.136844	-0.188787
1525629540.293057	1525629540.293057	-0.107750	0.128249	-0.236545
1525629540.305822	1525629540.305822	-0.106001	0.155930	-0.286549
1525629540.313258	1525629540.313258	-0.111853	0.166594	-0.329196
1525629540.324410	1525629540.324410	-0.101056	0.181466	-0.336515
1525629540.333203	1525629540.333203	-0.087592	0.212335	-0.296970
1525629540.342995	1525629540.342995	-0.077606	0.236833	-0.236180
1525629540.353034	1525629540.353034	-0.092244	0.216671	-0.177818
1525629540.363075	1525629540.363075	-0.101184	0.195406	-0.149189
1525629540.374722	1525629540.374722	-0.097812	0.180463	-0.166178
1525629540.383289	1525629540.383289	-0.099313	0.151666	-0.223670
1525629540.394404	1525629540.394404	-0.114475	0.112262	-0.300488
1525629540.403241	1525629540.403241	-0.131883	0.022773	-0.378397
1525629540.412916	1525629540.412916	-0.130316	-0.111556	-0.446493
1525629540.422586	1525629540.422586	-0.114952	-0.206503	-0.500584
1525629540.432594	1525629540.432594	-0.115635	-0.251282	-0.541037
1525629540.442700	1525629540.442700	-0.147228	-0.247965	-0.574418
1525629540.452833	1525629540.452833	-0.168088	-0.192467	-0.602348
1525629540.462692	1525629540.462692	-0.170966	-0.115722	-0.613030
1525629540.472663	1525629540.472663	-0.199509	-0.031403	-0.617639
1525629540.482815	1525629540.482815	-0.246093	0.023142	-0.636304
1525629540.492513	1525629540.492513	-0.269215	-0.004486	-0.670646
1525629540.502761	1525629540.502761	-0.289248	-0.097143	-0.709205
1525629540.512982	1525629540.512982	-0.298797	-0.201563	-0.734863
1525629540.522559	1525629540.522559	-0.296600	-0.228223	-0.745479
1525629540.532925	1525629540.532925	-0.331862	-0.239796	-0.743781
1525629540.542656	1525629540.542656	-0.395973	-0.242718	-0.737115
1525629540.552592	1525629540.552592	-0.487653	-0.198629	-0.735044
1525629540.562491	1525629540.562491	-0.535991	-0.059884	-0.767571
1525629540.572535	1525629540.572535	-0.514618	-0.123930	-0.783273
1525629540.582613	1525629540.582613	-0.463572	-0.355403	-0.729423
1525629540.592315	1525629540.592315	-0.417058	-0.447214	-0.625609
1525629540.602470	1525629540.602470	-0.509689	-0.377544	-0.627808
1525629540.612526	1525629540.612526	-0.615611	-0.401677	-0.783435
1525629540.624087	1525629540.624087	-0.664962	-0.259809	-0.993722
1525629540.632458	1525629540.632458	-0.623275	-0.157740	-1.152869
1525629540.642309	1525629540.642309	-0.607792	-0.189803	-1.203768
1525629540.652264	1525629540.652264	-0.592447	-0.244205	-1.161004
1525629540.662409	1525629540.662409	-0.575381	-0.307127	-1.086288
1525629540.673320	1525629540.673320	-0.571695	-0.341230	-1.045797
1525629540.682390	1525629540.682390	-0.573590	-0.324176	-1.061786
1525629540.692183	1525629540.692183	-0.584336	-0.251685	-1.127909
1525629540.702563	1525629540.702563	-0.576413	-0.154777	-1.232123
1525629540.712366	1525629540.712366	-0.527818	-0.078299	-1.350739
1525629540.723593	1525629540.723593	-0.441287	-0.080841	-1.446537
1525629540.732261	1525629540.732261	-0.362841	-0.152610	-1.506244
1525629540.742760	1525629540.742760	-0.330434	-0.238035	-1.555870
1525629540.752173	1525629540.752173	-0.322326	-0.315904	-1.623887
1525629540.762437	1525629540.762437	-0.338092	-0.400091	-1.747543
1525629540.772044	1525629540.772044	-0.356401	-0.471501	-1.922320
1525629540.782120	1525629540.782120	-0.326427	-0.548455	-2.119921
1525629540.792150	1525629540.792150	-0.320717	-0.619987	-2.339107
1525629540.802068	1525629540.802068	-0.381819	-0.641152	-2.581463
1525629540.812070	1525629540.812070	-0.466850	-0.517275	-2.844339
1525629540.822007	1525629540.822007	-0.653221	-0.290680	-3.175513
1525629540.832018	1525629540.832018	-0.846153	-0.019322	-3.571694
1525629540.842233	1525629540.842233	-0.713470	0.268844	-3.804239
1525629540.851977	1525629540.851977	-0.287297	0.472815	-3.623413
1525629540.861956	1525629540.861956	0.014118	0.445180	-2.974724
1525629540.872404	1525629540.872404	-0.022426	0.267768	-2.032143
1525629540.881788	1525629540.881788	-0.248236	0.183869	-1.124876
1525629540.891925	1525629540.891925	-0.340335	0.236776	-0.477810
1525629540.901865	1525629540.901865	-0.192612	0.242721	-0.080062
1525629540.912374	1525629540.912374	0.094505	0.032736	0.218284
1525629540.924098	1525629540.924098	0.304606	-0.335734	0.499727
1525629540.931861	1525629540.931861	0.296059	-0.643588	0.785945
1525629540.941828	1525629540.941828	0.085629	-0.752357	1.043078
1525629540.951903	1525629540.951903	-0.199942	-0.661544	1.203493
1525629540.961755	1525629540.961755	-0.399183	-0.419813	1.228722
1525629540.971495	1525629540.971495	-0.410283	-0.208779	1.132788
1525629540.981704	1525629540.981704	-0.269353	-0.179574	1.045104
1525629540.991750	1525629540.991750	-0.083497	-0.262407	1.099534
1525629541.001728	1525629541.001728	0.089074	-0.321637	1.371993
1525629541.011597	1525629541.011597	0.261582	-0.330690	1.833907
1525629541.021493	1525629541.021493	0.436016	-0.337572	2.400151
1525629541.031594	1525629541.031594	0.607098	-0.399861	2.967420
1525629541.041379	1525629541.041379	0.740887	-0.475890	3.440569
1525629541.051577	1525629541.051577	0.800603	-0.529282	3.780832
1525629541.061538	1525629541.061538	0.759856	-0.499178	3.977239
1525629541.071396	1525629541.071396	0.654646	-0.391051	4.051518
1525629541.081577	1525629541.081577	0.558160	-0.271282	4.025854
1525629541.091115	1525629541.091115	0.511531	-0.194389	3.928425
1525629541.101317	1525629541.101317	0.505683	-0.157117	3.803822
1525629541.111288	1525629541.111288	0.557212	-0.135002	3.695887
1525629541.121477	1525629541.121477	0.676238	-0.102486	3.654768
1525629541.131453	1525629541.131453	0.811308	-0.089187	3.693672
1525629541.141380	1525629541.141380	0.880457	-0.104357	3.794568
1525629541.151333	1525629541.151333	0.858623	-0.108471	3.920960
1525629541.161200	1525629541.161200	0.793355	-0.067644	4.030854
1525629541.171183	1525629541.171183	0.723663	0.008344	4.073637
1525629541.181286	1525629541.181286	0.674255	0.077811	4.027264
1525629541.191139	1525629541.191139	0.659862	0.121515	3.904685
1525629541.201286	1525629541.201286	0.673818	0.117111	3.722851
1525629541.211218	1525629541.211218	0.690294	0.058321	3.498474
1525629541.220977	1525629541.220977	0.684704	-0.037695	3.238705
1525629541.231242	1525629541.231242	0.630288	-0.137776	2.957052
1525629541.242055	1525629541.242055	0.554279	-0.246283	2.694293
1525629541.251128	1525629541.251128	0.473476	-0.319576	2.481500
1525629541.260852	1525629541.260852	0.389035	-0.354465	2.312299
1525629541.270997	1525629541.270997	0.335380	-0.340447	2.165825
1525629541.281078	1525629541.281078	0.349941	-0.289409	2.032957
1525629541.292014	1525629541.292014	0.406021	-0.206568	1.914432
1525629541.301025	1525629541.301025	0.477772	-0.109924	1.825901
1525629541.310895	1525629541.310895	0.566413	-0.012279	1.752477
1525629541.320932	1525629541.320932	0.548728	0.073013	1.645822
1525629541.330969	1525629541.330969	0.288081	0.119848	1.418053
1525629541.342057	1525629541.342057	0.035203	0.176193	1.080749
1525629541.350918	1525629541.350918	0.010719	0.260346	0.745174
1525629541.361453	1525629541.361453	0.046544	0.285675	0.526354
1525629541.370560	1525629541.370560	-0.014146	0.254978	0.422370
1525629541.381327	1525629541.381327	-0.059357	0.223168	0.361149
1525629541.391320	1525629541.391320	-0.034044	0.167605	0.286955
1525629541.400822	1525629541.400822	0.011608	0.134338	0.211945
1525629541.410669	1525629541.410669	0.061391	0.129837	0.154015
1525629541.420602	1525629541.420602	0.080916	0.138269	0.129773
1525629541.430771	1525629541.430771	0.048984	0.157589	0.127253
1525629541.440627	1525629541.440627	0.014699	0.183321	0.143863
1525629541.450818	1525629541.450818	0.016855	0.207827	0.147081
1525629541.460485	1525629541.460485	0.047109	0.224739	0.119778
1525629541.470647	1525629541.470647	0.071311	0.224610	0.060469
1525629541.480665	1525629541.480665	0.090611	0.209563	-0.037215
1525629541.490406	1525629541.490406	0.108129	0.142281	-0.174301
1525629541.500482	1525629541.500482	0.125654	0.046219	-0.317772
1525629541.510300	1525629541.510300	0.162215	-0.007281	-0.438660
1525629541.520590	1525629541.520590	0.177481	0.003262	-0.550231
1525629541.530558	1525629541.530558	0.147235	0.018249	-0.691097
1525629541.540482	1525629541.540482	0.098292	0.032231	-0.873702
1525629541.550215	1525629541.550215	0.003863	0.055984	-1.086665
1525629541.560249	1525629541.560249	-0.164764	0.133369	-1.241997
1525629541.570446	1525629541.570446	-0.336607	0.353678	-1.193017
1525629541.580687	1525629541.580687	-0.233848	0.724321	-0.795830
1525629541.590381	1525629541.590381	0.392091	1.296472	-0.036754
1525629541.600453	1525629541.600453	1.090940	1.882119	0.609327
1525629541.610242	1525629541.610242	1.254468	2.006125	0.612388
1525629541.623578	1525629541.623578	0.799740	1.451387	-0.095634
1525629541.630345	1525629541.630345	0.116314	0.700286	-1.163007
1525629541.641457	1525629541.641457	-0.174164	0.759764	-2.001019
1525629541.650184	1525629541.650184	0.125318	1.569464	-2.242183
1525629541.660113	1525629541.660113	0.473667	1.787659	-1.977161
1525629541.670331	1525629541.670331	0.450702	0.847960	-1.427140
1525629541.680241	1525629541.680241	0.221389	-0.281566	-0.708275
1525629541.690142	1525629541.690142	0.121015	-0.447106	-0.040016
1525629541.700160	1525629541.700160	0.103891	0.067918	0.330156
1525629541.710143	1525629541.710143	0.109344	0.448380	0.311052
1525629541.720248	1525629541.720248	0.119076	0.489748	-0.039004
1525629541.730146	1525629541.730146	0.080686	0.556829	-0.549304
1525629541.740164	1525629541.740164	0.064494	0.823147	-1.001862
1525629541.749986	1525629541.749986	0.139305	1.116897	-1.212764
1525629541.759690	1525629541.759690	0.270980	1.167524	-1.150486
1525629541.770273	1525629541.770273	0.374995	0.945511	-0.889504
1525629541.780031	1525629541.780031	0.311704	0.640034	-0.576283
1525629541.789955	1525629541.789955	0.086488	0.450313	-0.348066
1525629541.802132	1525629541.802132	-0.119217	0.417109	-0.286719
1525629541.809580	1525629541.809580	-0.241738	0.494329	-0.373369
1525629541.819426	1525629541.819426	-0.252295	0.656309	-0.523577
1525629541.829415	1525629541.829415	-0.128595	0.818792	-0.658307
1525629541.839472	1525629541.839472	0.046236	0.888366	-0.717904
1525629541.849373	1525629541.849373	0.146901	0.868777	-0.664518
1525629541.859335	1525629541.859335	0.142877	0.760141	-0.532584
1525629541.869339	1525629541.869339	0.106325	0.536544	-0.381885
1525629541.879301	1525629541.879301	0.045791	0.357797	-0.267669
1525629541.889370	1525629541.889370	0.051587	0.267193	-0.236729
1525629541.899149	1525629541.899149	0.098014	0.231800	-0.288314
1525629541.909237	1525629541.909237	0.131221	0.190045	-0.394342
1525629541.919204	1525629541.919204	0.154706	0.105700	-0.499424
1525629541.929221	1525629541.929221	0.170168	0.018210	-0.559901
1525629541.939228	1525629541.939228	0.168964	-0.062788	-0.565235
1525629541.949163	1525629541.949163	0.126791	-0.147861	-0.537010
1525629541.959151	1525629541.959151	0.094306	-0.235110	-0.516118
1525629541.969116	1525629541.969116	0.092069	-0.302249	-0.521465
1525629541.979097	1525629541.979097	0.113792	-0.320475	-0.556322
1525629541.989116	1525629541.989116	0.135701	-0.326985	-0.603950
1525629541.999055	1525629541.999055	0.117882	-0.377018	-0.640355
1525629542.009044	1525629542.009044	0.087991	-0.441911	-0.652427
1525629542.019007	1525629542.019007	0.085689	-0.472806	-0.645003
1525629542.029059	1525629542.029059	0.094242	-0.470712	-0.645963
1525629542.039040	1525629542.039040	0.094815	-0.439824	-0.686403
1525629542.048991	1525629542.048991	0.086158	-0.401449	-0.755693
1525629542.058856	1525629542.058856	0.038122	-0.324538	-0.825466
1525629542.068978	1525629542.068978	-0.006692	-0.239114	-0.895200
1525629542.078930	1525629542.078930	-0.035724	-0.189990	-0.954097
1525629542.088999	1525629542.088999	-0.074537	-0.134422	-0.997147
1525629542.098888	1525629542.098888	-0.127264	-0.075596	-1.036111
1525629542.108871	1525629542.108871	-0.170489	-0.093552	-1.082407
1525629542.118862	1525629542.118862	-0.218398	-0.225525	-1.118112
1525629542.128830	1525629542.128830	-0.280680	-0.428834	-1.127383
1525629542.138811	1525629542.138811	-0.331289	-0.620465	-1.129061
1525629542.148973	1525629542.148973	-0.345900	-0.693962	-1.170747
1525629542.158742	1525629542.158742	-0.382071	-0.758872	-1.279752
1525629542.168814	1525629542.168814	-0.389320	-0.860149	-1.405432
1525629542.178812	1525629542.178812	-0.441784	-0.926045	-1.491220
1525629542.188625	1525629542.188625	-0.523011	-0.823407	-1.546499
1525629542.198765	1525629542.198765	-0.542487	-0.698642	-1.586123
1525629542.208715	1525629542.208715	-0.627601	-0.796314	-1.539264
1525629542.218709	1525629542.218709	-0.636864	-0.992336	-1.432936
1525629542.228707	1525629542.228707	-0.547105	-1.153635	-1.389259
1525629542.238676	1525629542.238676	-0.498700	-1.266840	-1.444010
1525629542.248663	1525629542.248663	-0.469153	-1.263834	-1.590530
1525629542.258646	1525629542.258646	-0.396316	-1.166169	-1.767390
1525629542.268810	1525629542.268810	-0.467601	-1.007131	-1.925792
1525629542.278614	1525629542.278614	-0.549641	-0.799014	-2.067297
1525629542.290013	1525629542.290013	-0.571266	-0.665751	-2.191031
1525629542.298553	1525629542.298553	-0.542512	-0.557188	-2.251351
1525629542.308529	1525629542.308529	-0.495425	-0.431616	-2.236943
1525629542.318383	1525629542.318383	-0.461519	-0.253745	-2.181187
1525629542.328498	1525629542.328498	-0.378768	-0.037701	-2.098226
1525629542.338543	1525629542.338543	-0.277174	0.221980	-1.976718
1525629542.348433	1525629542.348433	-0.278345	0.458658	-1.833051
1525629542.358506	1525629542.358506	-0.400962	0.598849	-1.724926
1525629542.369205	1525629542.369205	-0.548391	0.696479	-1.690545
1525629542.378510	1525629542.378510	-0.627722	0.792722	-1.727706
1525629542.388428	1525629542.388428	-0.627347	0.821447	-1.839460
1525629542.398460	1525629542.398460	-0.578808	0.749767	-1.983617
1525629542.408621	1525629542.408621	-0.445718	0.661769	-2.065006
1525629542.418406	1525629542.418406	-0.289003	0.585468	-1.982196
1525629542.428397	1525629542.428397	-0.201941	0.451993	-1.712909
1525629542.438336	1525629542.438336	-0.082952	0.237454	-1.279317
1525629542.448628	1525629542.448628	0.032531	-0.087874	-0.756359
1525629542.458522	1525629542.458522	0.011439	-0.518146	-0.255290
1525629542.468312	1525629542.468312	-0.103740	-0.818049	0.113707
1525629542.478537	1525629542.478537	-0.199579	-0.821834	0.271124
1525629542.488437	1525629542.488437	-0.228345	-0.577660	0.230319
1525629542.498520	1525629542.498520	-0.201575	-0.347620	0.095466
1525629542.508292	1525629542.508292	-0.142783	-0.214674	0.026998
1525629542.518205	1525629542.518205	-0.066202	-0.066791	0.164168
1525629542.528197	1525629542.528197	0.019514	0.110994	0.519642
1525629542.541165	1525629542.541165	0.118164	0.198196	1.020031
1525629542.548142	1525629542.548142	0.229755	0.132952	1.565285
1525629542.558241	1525629542.558241	0.334418	0.006961	2.054045
1525629542.568369	1525629542.568369	0.381802	-0.112443	2.429283
1525629542.578440	1525629542.578440	0.384982	-0.195479	2.675191
1525629542.588022	1525629542.588022	0.356535	-0.258182	2.806826
1525629542.598042	1525629542.598042	0.329160	-0.335851	2.848003
1525629542.608016	1525629542.608016	0.317275	-0.453045	2.836153
1525629542.618640	1525629542.618640	0.324822	-0.588450	2.802190
1525629542.627929	1525629542.627929	0.334534	-0.737722	2.762933
1525629542.637918	1525629542.637918	0.356811	-0.882775	2.744051
1525629542.648228	1525629542.648228	0.395645	-0.992705	2.774331
1525629542.658127	1525629542.658127	0.439299	-1.016298	2.864272
1525629542.667800	1525629542.667800	0.467671	-0.953475	2.999791
1525629542.677900	1525629542.677900	0.477614	-0.871377	3.162757
1525629542.687934	1525629542.687934	0.490710	-0.777565	3.332147
1525629542.698219	1525629542.698219	0.499643	-0.683740	3.492972
1525629542.708535	1525629542.708535	0.482416	-0.578097	3.614095
1525629542.717988	1525629542.717988	0.458433	-0.485243	3.674467
1525629542.727737	1525629542.727737	0.453287	-0.414878	3.673337
1525629542.737721	1525629542.737721	0.473220	-0.384078	3.620363
1525629542.747761	1525629542.747761	0.487157	-0.394838	3.525805
1525629542.757680	1525629542.757680	0.474583	-0.435337	3.411766
1525629542.767996	1525629542.767996	0.453687	-0.505653	3.274211
1525629542.777995	1525629542.777995	0.437268	-0.596248	3.115423
1525629542.790571	1525629542.790571	0.430840	-0.693295	2.923763
1525629542.797834	1525629542.797834	0.444202	-0.785118	2.685513
1525629542.807988	1525629542.807988	0.474971	-0.841853	2.427252
1525629542.817603	1525629542.817603	0.499452	-0.852731	2.168912
1525629542.827471	1525629542.827471	0.500363	-0.830462	1.925184
1525629542.837503	1525629542.837503	0.478720	-0.773983	1.700338
1525629542.847847	1525629542.847847	0.446331	-0.696137	1.486004
1525629542.859483	1525629542.859483	0.426617	-0.595957	1.286724
1525629542.867837	1525629542.867837	0.425002	-0.485193	1.092988
1525629542.877517	1525629542.877517	0.407617	-0.390359	0.876708
1525629542.887408	1525629542.887408	0.343728	-0.329453	0.617285
1525629542.897453	1525629542.897453	0.279069	-0.269620	0.333373
1525629542.907378	1525629542.907378	0.245127	-0.163010	0.077508
1525629542.917719	1525629542.917719	0.212520	-0.005212	-0.102772
1525629542.927565	1525629542.927565	0.174779	0.197407	-0.203289
1525629542.937897	1525629542.937897	0.150416	0.391459	-0.265326
1525629542.947645	1525629542.947645	0.148276	0.518272	-0.326025
1525629542.957693	1525629542.957693	0.158961	0.586405	-0.400401
1525629542.967299	1525629542.967299	0.188785	0.649130	-0.470286
1525629542.977662	1525629542.977662	0.236513	0.707524	-0.521858
1525629542.987366	1525629542.987366	0.173338	0.687509	-0.595006
1525629542.997555	1525629542.997555	0.022076	0.576183	-0.725640
1525629543.007485	1525629543.007485	-0.024515	0.438827	-0.869894
1525629543.017457	1525629543.017457	0.033786	0.354348	-0.942620
1525629543.027327	1525629543.027327	-0.070411	0.326037	-0.891739
1525629543.040370	1525629543.040370	-0.342131	0.483983	-0.628978
1525629543.047146	1525629543.047146	-0.163792	1.000457	0.073535
1525629543.057593	1525629543.057593	0.948277	2.209153	1.258960
1525629543.067364	1525629543.067364	1.794041	2.996671	1.886609
1525629543.079149	1525629543.079149	1.709631	2.434079	1.433241
1525629543.089268	1525629543.089268	0.784324	0.883499	0.175606
1525629543.097189	1525629543.097189	-0.291750	-0.325457	-1.247794
1525629543.108212	1525629543.108212	-0.777931	-0.193794	-2.209539
1525629543.117184	1525629543.117184	-0.476440	0.831176	-2.483680
1525629543.127117	1525629543.127117	0.178286	1.283590	-2.269200
1525629543.137195	1525629543.137195	0.774475	0.738755	-1.835083
1525629543.147293	1525629543.147293	0.979995	-0.190234	-1.381253
1525629543.157305	1525629543.157305	0.813886	-0.893871	-1.030961
1525629543.167111	1525629543.167111	0.443119	-0.959351	-0.829008
1525629543.177000	1525629543.177000	0.078408	-0.404603	-0.733436
1525629543.187145	1525629543.187145	-0.055338	0.378275	-0.718066
1525629543.197111	1525629543.197111	0.088482	0.866845	-0.773797
1525629543.207003	1525629543.207003	0.329328	0.732555	-0.863447
1525629543.216939	1525629543.216939	0.401031	0.300590	-0.881715
1525629543.226914	1525629543.226914	0.352301	0.175086	-0.762035
1525629543.239658	1525629543.239658	0.339596	0.425702	-0.545068
1525629543.247052	1525629543.247052	0.363360	0.571697	-0.364906
1525629543.256920	1525629543.256920	0.382406	0.358480	-0.308255
1525629543.266941	1525629543.266941	0.353715	0.096385	-0.371395
1525629543.276699	1525629543.276699	0.289101	0.030517	-0.510550
1525629543.289708	1525629543.289708	0.174898	0.066100	-0.674795
1525629543.296612	1525629543.296612	0.076206	0.093108	-0.800533
1525629543.306770	1525629543.306770	0.089725	0.129266	-0.851458
1525629543.316948	1525629543.316948	0.182505	0.213080	-0.830103
1525629543.326737	1525629543.326737	0.215916	0.302501	-0.751999
1525629543.336885	1525629543.336885	0.143081	0.350825	-0.632618
1525629543.346803	1525629543.346803	0.003700	0.364272	-0.488507
1525629543.356709	1525629543.356709	-0.066383	0.306010	-0.354188
1525629543.366743	1525629543.366743	0.011395	0.198066	-0.279793
1525629543.376609	1525629543.376609	0.121220	0.146439	-0.283770
1525629543.386758	1525629543.386758	0.196760	0.171669	-0.347773
1525629543.396697	1525629543.396697	0.154983	0.170748	-0.421724
1525629543.406579	1525629543.406579	0.080631	0.103899	-0.463077
1525629543.416702	1525629543.416702	0.067715	0.027213	-0.469619
1525629543.426497	1525629543.426497	0.130370	-0.031667	-0.457143
1525629543.436470	1525629543.436470	0.180418	-0.090501	-0.460787
1525629543.446523	1525629543.446523	0.201808	-0.137494	-0.474360
1525629543.456470	1525629543.456470	0.229623	-0.122692	-0.477213
1525629543.466839	1525629543.466839	0.244623	-0.050276	-0.467453
1525629543.476472	1525629543.476472	0.223245	0.027627	-0.448558
1525629543.486382	1525629543.486382	0.192156	0.061873	-0.429781
1525629543.496842	1525629543.496842	0.190904	0.066149	-0.413831
1525629543.506366	1525629543.506366	0.190690	0.053367	-0.398932
1525629543.516302	1525629543.516302	0.192502	0.044844	-0.374430
1525629543.526309	1525629543.526309	0.206084	0.055456	-0.348719
1525629543.536388	1525629543.536388	0.236017	0.069183	-0.350482
1525629543.546398	1525629543.546398	0.240664	0.085138	-0.378099
1525629543.556260	1525629543.556260	0.225168	0.100108	-0.416606
1525629543.566439	1525629543.566439	0.190196	0.084259	-0.439385
1525629543.576202	1525629543.576202	0.156136	0.058819	-0.451509
1525629543.586264	1525629543.586264	0.156223	-0.021127	-0.474921
1525629543.596246	1525629543.596246	0.135169	-0.153220	-0.525200
1525629543.607117	1525629543.607117	0.083432	-0.334225	-0.606718
1525629543.616347	1525629543.616347	0.051271	-0.522787	-0.719928
1525629543.628344	1525629543.628344	0.060944	-0.667833	-0.842206
1525629543.636182	1525629543.636182	0.065086	-0.751025	-0.935817
1525629543.646489	1525629543.646489	0.052068	-0.733947	-1.001967
1525629543.657083	1525629543.657083	0.042098	-0.642262	-1.040408
1525629543.666204	1525629543.666204	0.007987	-0.552582	-1.024863
1525629543.676356	1525629543.676356	-0.008937	-0.487456	-0.936730
1525629543.686060	1525629543.686060	-0.020234	-0.466028	-0.794245
1525629543.696267	1525629543.696267	-0.045497	-0.451999	-0.645544
1525629543.707840	1525629543.707840	-0.088093	-0.418739	-0.558789
1525629543.716028	1525629543.716028	-0.130729	-0.392978	-0.557182
1525629543.726492	1525629543.726492	-0.183358	-0.409835	-0.619558
1525629543.735985	1525629543.735985	-0.232407	-0.457633	-0.719142
1525629543.745960	1525629543.745960	-0.242808	-0.492812	-0.835283
1525629543.757049	1525629543.757049	-0.211413	-0.468485	-0.954108
1525629543.765916	1525629543.765916	-0.237830	-0.451367	-1.058739
1525629543.775822	1525629543.775822	-0.290447	-0.489543	-1.126436
1525629543.794594	1525629543.794594	-0.326489	-0.558682	-1.159870
1525629543.795504	1525629543.795504	-0.344540	-0.634288	-1.182440
1525629543.805762	1525629543.805762	-0.378320	-0.693849	-1.224361
1525629543.815819	1525629543.815819	-0.459691	-0.695664	-1.289218
1525629543.825831	1525629543.825831	-0.516190	-0.605928	-1.362288
1525629543.835756	1525629543.835756	-0.506101	-0.562287	-1.393033
1525629543.845704	1525629543.845704	-0.455689	-0.594449	-1.333875
1525629543.855625	1525629543.855625	-0.440978	-0.547564	-1.218746
1525629543.865708	1525629543.865708	-0.442120	-0.466509	-1.109134
1525629543.878877	1525629543.878877	-0.495577	-0.489688	-1.018252
1525629543.885359	1525629543.885359	-0.530175	-0.474602	-0.978230
1525629543.895666	1525629543.895666	-0.569851	-0.389193	-1.031936
1525629543.905964	1525629543.905964	-0.594570	-0.328403	-1.179121
1525629543.915507	1525629543.915507	-0.565877	-0.319005	-1.341618
1525629543.927514	1525629543.927514	-0.533748	-0.365019	-1.447659
1525629543.935520	1525629543.935520	-0.543087	-0.426812	-1.481831
1525629543.945653	1525629543.945653	-0.587731	-0.439419	-1.498342
1525629543.955397	1525629543.955397	-0.625660	-0.383849	-1.526481
1525629543.965500	1525629543.965500	-0.639836	-0.256973	-1.562847
1525629543.975522	1525629543.975522	-0.647605	-0.081094	-1.589556
1525629543.985450	1525629543.985450	-0.625924	0.072292	-1.586102
1525629543.995522	1525629543.995522	-0.602899	0.180933	-1.527284
1525629544.005307	1525629544.005307	-0.623096	0.300436	-1.422163
1525629544.015403	1525629544.015403	-0.685036	0.480878	-1.294139
1525629544.025417	1525629544.025417	-0.752247	0.681593	-1.167244
1525629544.035408	1525629544.035408	-0.822419	0.863125	-1.063801
1525629544.044875	1525629544.044875	-0.915471	1.020217	-1.013855
1525629544.055321	1525629544.055321	-1.006817	1.171948	-1.017105
1525629544.065631	1525629544.065631	-1.038962	1.350057	-1.056885
1525629544.075004	1525629544.075004	-1.043154	1.535500	-1.112289
1525629544.084948	1525629544.084948	-1.072021	1.598475	-1.181827
1525629544.095233	1525629544.095233	-1.163711	1.532736	-1.288318
1525629544.105642	1525629544.105642	-1.294435	1.397864	-1.445310
1525629544.115194	1525629544.115194	-1.379002	1.260653	-1.625152
1525629544.125172	1525629544.125172	-1.321523	1.133532	-1.726623
1525629544.135147	1525629544.135147	-1.147553	0.995328	-1.671273
1525629544.145014	1525629544.145014	-0.979651	0.831635	-1.474437
1525629544.154970	1525629544.154970	-0.895799	0.657669	-1.212638
1525629544.165099	1525629544.165099	-0.877531	0.510609	-0.992088
1525629544.175350	1525629544.175350	-0.874538	0.376338	-0.915413
1525629544.185103	1525629544.185103	-0.857438	0.303744	-1.019509
1525629544.194878	1525629544.194878	-0.804406	0.294886	-1.256212
1525629544.204777	1525629544.204777	-0.652915	0.310115	-1.511935
1525629544.214995	1525629544.214995	-0.408471	0.270622	-1.701592
1525629544.224984	1525629544.224984	-0.170951	0.127824	-1.782767
1525629544.234996	1525629544.234996	-0.011102	-0.142483	-1.733972
1525629544.244812	1525629544.244812	0.073189	-0.495539	-1.544539
1525629544.254887	1525629544.254887	0.140983	-0.815424	-1.221199
1525629544.264886	1525629544.264886	0.215711	-1.004213	-0.827531
1525629544.274796	1525629544.274796	0.268527	-1.011723	-0.437329
1525629544.294524	1525629544.294524	0.284148	-0.878421	-0.117834
1525629544.294629	1525629544.294629	0.289478	-0.679041	0.097225
1525629544.304716	1525629544.304716	0.320413	-0.480874	0.225320
1525629544.314814	1525629544.314814	0.418643	-0.318171	0.340403
1525629544.324790	1525629544.324790	0.586329	-0.219683	0.521264
1525629544.334843	1525629544.334843	0.771639	-0.189429	0.817292
1525629544.344679	1525629544.344679	0.908483	-0.226066	1.223424
1525629544.354763	1525629544.354763	0.982588	-0.298646	1.691586
1525629544.364566	1525629544.364566	1.006630	-0.391268	2.148493
1525629544.374570	1525629544.374570	1.000501	-0.515768	2.535848
1525629544.384634	1525629544.384634	0.987753	-0.697830	2.842233
1525629544.394542	1525629544.394542	0.963842	-0.942753	3.088879
1525629544.404492	1525629544.404492	0.919822	-1.228102	3.313994
1525629544.414467	1525629544.414467	0.835638	-1.466394	3.517328
1525629544.424471	1525629544.424471	0.730929	-1.604434	3.674641
1525629544.434157	1525629544.434157	0.638221	-1.647708	3.742692
1525629544.444512	1525629544.444512	0.589521	-1.648581	3.711230
1525629544.454762	1525629544.454762	0.586427	-1.623029	3.620721
1525629544.464191	1525629544.464191	0.631372	-1.564639	3.535056
1525629544.474318	1525629544.474318	0.723342	-1.492555	3.532985
1525629544.484427	1525629544.484427	0.843459	-1.437583	3.668562
1525629544.494162	1525629544.494162	0.962727	-1.423041	3.952075
1525629544.504284	1525629544.504284	1.046608	-1.406172	4.337335
1525629544.514361	1525629544.514361	1.079200	-1.327260	4.741122
1525629544.524108	1525629544.524108	1.061828	-1.167172	5.059148
1525629544.534350	1525629544.534350	0.984557	-0.946146	5.227429
1525629544.544031	1525629544.544031	0.855188	-0.687676	5.214132
1525629544.554179	1525629544.554179	0.716860	-0.418572	5.063421
1525629544.564268	1525629544.564268	0.639080	-0.214775	4.834691
1525629544.574213	1525629544.574213	0.647753	-0.147782	4.576156
1525629544.584211	1525629544.584211	0.702163	-0.240864	4.296897
1525629544.594046	1525629544.594046	0.739632	-0.459655	3.981248
1525629544.604129	1525629544.604129	0.742187	-0.681507	3.640691
1525629544.614219	1525629544.614219	0.705419	-0.822188	3.303908
1525629544.624012	1525629544.624012	0.639884	-0.863620	2.983800
1525629544.634050	1525629544.634050	0.547830	-0.822870	2.667623
1525629544.644031	1525629544.644031	0.473096	-0.739566	2.339948
1525629544.653961	1525629544.653961	0.495334	-0.665197	2.020910
1525629544.664065	1525629544.664065	0.573663	-0.662465	1.724912
1525629544.673915	1525629544.673915	0.617642	-0.738457	1.429561
1525629544.683827	1525629544.683827	0.632758	-0.843104	1.132793
1525629544.693916	1525629544.693916	0.600144	-0.940096	0.814153
1525629544.703735	1525629544.703735	0.469027	-0.974875	0.448540
1525629544.714025	1525629544.714025	0.279186	-0.873006	0.026857
1525629544.723927	1525629544.723927	0.113384	-0.638021	-0.413694
1525629544.733862	1525629544.733862	0.000756	-0.319049	-0.822730
1525629544.743862	1525629544.743862	-0.097617	0.040392	-1.167732
1525629544.756493	1525629544.756493	-0.158803	0.376270	-1.417551
1525629544.763896	1525629544.763896	-0.154590	0.675695	-1.526073
1525629544.773815	1525629544.773815	-0.207193	0.931748	-1.447962
1525629544.783820	1525629544.783820	-0.459275	1.238860	-1.103009
1525629544.793682	1525629544.793682	-0.348507	1.807942	-0.187388
1525629544.803701	1525629544.803701	0.704936	2.731613	1.805177
1525629544.813453	1525629544.813453	1.215252	3.299369	3.551628
1525629544.823414	1525629544.823414	1.101562	3.124077	3.737570
1525629544.833628	1525629544.833628	0.706181	2.019888	2.341650
1525629544.843501	1525629544.843501	0.288196	0.539108	-0.072061
1525629544.853564	1525629544.853564	0.122943	0.026207	-2.188947
1525629544.863734	1525629544.863734	0.306049	0.643124	-3.246828
1525629544.874517	1525629544.874517	0.558422	1.019323	-3.302292
1525629544.883728	1525629544.883728	0.604639	0.349049	-2.596037
1525629544.893640	1525629544.893640	0.414544	-0.824141	-1.429660
1525629544.903648	1525629544.903648	0.113320	-1.563107	-0.335968
1525629544.913612	1525629544.913612	-0.084312	-1.523652	0.212951
1525629544.923689	1525629544.923689	-0.104276	-1.088728	0.189278
1525629544.933539	1525629544.933539	-0.021210	-0.592597	-0.218435
1525629544.943448	1525629544.943448	0.094277	-0.161678	-0.759858
1525629544.953677	1525629544.953677	0.201297	0.235204	-1.226879
1525629544.963435	1525629544.963435	0.271315	0.588646	-1.469772
1525629544.973297	1525629544.973297	0.271566	0.751719	-1.457002
1525629544.983562	1525629544.983562	0.236768	0.658169	-1.248810
1525629544.993487	1525629544.993487	0.259026	0.489823	-0.922839
1525629545.003945	1525629545.003945	0.363454	0.397873	-0.582028
1525629545.013436	1525629545.013436	0.470194	0.365558	-0.330597
1525629545.023802	1525629545.023802	0.484893	0.386861	-0.219725
1525629545.033413	1525629545.033413	0.391503	0.485303	-0.241093
1525629545.043366	1525629545.043366	0.257457	0.536982	-0.350234
1525629545.053247	1525629545.053247	0.138518	0.516110	-0.487927
1525629545.063364	1525629545.063364	0.060903	0.485479	-0.603826
1525629545.073865	1525629545.073865	0.047850	0.373585	-0.693388
1525629545.083540	1525629545.083540	0.074699	0.167744	-0.749464
1525629545.093057	1525629545.093057	0.102117	-0.033817	-0.764024
1525629545.103182	1525629545.103182	0.097277	-0.163816	-0.743856
1525629545.113354	1525629545.113354	0.062383	-0.204144	-0.691064
1525629545.123014	1525629545.123014	0.020991	-0.179422	-0.617066
1525629545.133031	1525629545.133031	-0.009693	-0.112110	-0.537616
1525629545.143038	1525629545.143038	-0.001852	-0.003395	-0.458761
1525629545.153375	1525629545.153375	0.034850	0.116920	-0.381682
1525629545.163145	1525629545.163145	0.072675	0.223371	-0.312039
1525629545.172898	1525629545.172898	0.074296	0.310787	-0.252418
1525629545.183184	1525629545.183184	0.042052	0.351437	-0.225140
1525629545.192863	1525629545.192863	0.006908	0.334530	-0.234085
1525629545.203358	1525629545.203358	-0.004352	0.289792	-0.282117
1525629545.212944	1525629545.212944	-0.015308	0.236515	-0.356755
1525629545.223826	1525629545.223826	-0.033583	0.158747	-0.448511
1525629545.232773	1525629545.232773	-0.052889	0.085246	-0.542408
1525629545.243014	1525629545.243014	-0.057286	0.042594	-0.627609
1525629545.252725	1525629545.252725	-0.042625	0.051030	-0.690227
1525629545.262542	1525629545.262542	-0.034632	0.073361	-0.728447
1525629545.272739	1525629545.272739	-0.039709	0.097889	-0.744475
1525629545.282801	1525629545.282801	-0.036485	0.102138	-0.745501
1525629545.292922	1525629545.292922	-0.034702	0.087221	-0.719934
1525629545.302941	1525629545.302941	-0.055673	0.057490	-0.669100
1525629545.312930	1525629545.312930	-0.082102	0.056567	-0.602369
1525629545.323674	1525629545.323674	-0.107302	0.084411	-0.543074
1525629545.332619	1525629545.332619	-0.112978	0.088711	-0.514406
1525629545.342459	1525629545.342459	-0.084068	0.083255	-0.523631
1525629545.352336	1525629545.352336	-0.055929	0.112967	-0.549897
1525629545.362578	1525629545.362578	-0.060633	0.146007	-0.594658
1525629545.372303	1525629545.372303	-0.088671	0.186602	-0.649285
1525629545.382645	1525629545.382645	-0.097506	0.174887	-0.714318
1525629545.392920	1525629545.392920	-0.077771	0.105500	-0.771550
1525629545.402421	1525629545.402421	-0.068947	0.043629	-0.807629
1525629545.412250	1525629545.412250	-0.074953	0.060695	-0.836440
1525629545.422220	1525629545.422220	-0.080730	0.127848	-0.873766
1525629545.432193	1525629545.432193	-0.103489	0.214257	-0.914492
1525629545.442176	1525629545.442176	-0.156276	0.269888	-0.949199
1525629545.452340	1525629545.452340	-0.231745	0.308571	-0.965024
1525629545.462311	1525629545.462311	-0.290440	0.275777	-0.971063
1525629545.472311	1525629545.472311	-0.333111	0.235454	-0.980099
1525629545.482647	1525629545.482647	-0.374592	0.161012	-1.006148
1525629545.492238	1525629545.492238	-0.423366	0.031167	-1.057830
1525629545.502321	1525629545.502321	-0.459200	-0.100869	-1.121062
1525629545.512276	1525629545.512276	-0.487418	-0.205230	-1.190587
1525629545.523414	1525629545.523414	-0.497250	-0.277700	-1.273725
1525629545.532275	1525629545.532275	-0.528966	-0.288274	-1.386935
1525629545.543124	1525629545.543124	-0.567674	-0.233816	-1.525776
1525629545.552223	1525629545.552223	-0.587775	-0.287071	-1.637778
1525629545.562080	1525629545.562080	-0.642770	-0.510656	-1.636315
1525629545.572083	1525629545.572083	-0.600185	-0.676010	-1.575121
1525629545.582171	1525629545.582171	-0.514484	-0.779741	-1.536817
1525629545.592031	1525629545.592031	-0.471421	-0.925928	-1.510741
1525629545.602111	1525629545.602111	-0.530141	-0.977867	-1.431631
1525629545.611991	1525629545.611991	-0.535393	-0.995929	-1.355061
1525629545.623975	1525629545.623975	-0.490760	-1.045144	-1.350256
1525629545.632072	1525629545.632072	-0.481308	-0.970604	-1.409747
1525629545.641943	1525629545.641943	-0.513550	-0.775476	-1.525098
1525629545.652016	1525629545.652016	-0.557336	-0.586701	-1.657620
1525629545.662002	1525629545.662002	-0.556759	-0.440735	-1.761924
1525629545.671871	1525629545.671871	-0.517468	-0.348200	-1.814664
1525629545.681970	1525629545.681970	-0.470154	-0.330294	-1.840695
1525629545.691888	1525629545.691888	-0.429402	-0.376309	-1.866804
1525629545.701951	1525629545.701951	-0.382119	-0.438344	-1.906670
1525629545.713161	1525629545.713161	-0.313423	-0.517528	-1.955852
1525629545.721545	1525629545.721545	-0.276564	-0.643483	-2.028838
1525629545.732162	1525629545.732162	-0.288545	-0.816139	-2.131158
1525629545.741763	1525629545.741763	-0.348051	-0.967293	-2.269183
1525629545.751889	1525629545.751889	-0.419915	-1.055522	-2.430778
1525629545.761788	1525629545.761788	-0.464986	-1.074585	-2.587789
1525629545.771920	1525629545.771920	-0.463372	-0.987247	-2.701658
1525629545.781753	1525629545.781753	-0.475811	-0.728231	-2.765680
1525629545.793282	1525629545.793282	-0.574865	-0.428336	-2.806282
1525629545.801719	1525629545.801719	-0.781908	-0.165281	-2.836496
1525629545.811708	1525629545.811708	-0.961863	0.208537	-2.790812
1525629545.821566	1525629545.821566	-0.900700	0.748757	-2.534635
1525629545.831582	1525629545.831582	-0.513309	1.189693	-1.927483
1525629545.841824	1525629545.841824	-0.011982	1.162417	-0.961298
1525629545.851672	1525629545.851672	0.366369	0.826677	0.224778
1525629545.861586	1525629545.861586	0.493989	0.495200	1.409916
1525629545.871829	1525629545.871829	0.388448	0.323436	2.411257
1525629545.881545	1525629545.881545	0.116946	0.355792	3.065709
1525629545.891542	1525629545.891542	-0.225381	0.451117	3.243524
1525629545.901375	1525629545.901375	-0.503035	0.427634	2.909113
1525629545.911342	1525629545.911342	-0.613216	0.252991	2.199972
1525629545.921144	1525629545.921144	-0.535992	0.050880	1.430327
1525629545.931313	1525629545.931313	-0.322010	-0.141042	0.909285
1525629545.941403	1525629545.941403	-0.051794	-0.362882	0.756137
1525629545.951419	1525629545.951419	0.189520	-0.696359	0.935782
1525629545.961243	1525629545.961243	0.377675	-1.140354	1.338296
1525629545.971224	1525629545.971224	0.510248	-1.567016	1.839115
1525629545.981336	1525629545.981336	0.586825	-1.800532	2.333921
1525629545.991073	1525629545.991073	0.646536	-1.797391	2.773167
1525629546.001149	1525629546.001149	0.727718	-1.621709	3.149873
1525629546.011140	1525629546.011140	0.817391	-1.391738	3.454306
1525629546.021334	1525629546.021334	0.907828	-1.226820	3.683179
1525629546.031228	1525629546.031228	0.995710	-1.158911	3.839649
1525629546.041090	1525629546.041090	1.064059	-1.155967	3.922440
1525629546.050884	1525629546.050884	1.081988	-1.176288	3.935432
1525629546.060900	1525629546.060900	1.063541	-1.186896	3.871346
1525629546.073831	1525629546.073831	1.033221	-1.133534	3.744314
1525629546.081131	1525629546.081131	1.021466	-1.034432	3.591964
1525629546.091210	1525629546.091210	1.044667	-0.925876	3.462393
1525629546.101065	1525629546.101065	1.078905	-0.846121	3.384047
1525629546.110936	1525629546.110936	1.099667	-0.780141	3.357690
1525629546.121415	1525629546.121415	1.096533	-0.701253	3.368293
1525629546.131023	1525629546.131023	1.094345	-0.587190	3.395936
1525629546.141076	1525629546.141076	1.080598	-0.422987	3.419178
1525629546.150934	1525629546.150934	1.061829	-0.243851	3.420008
1525629546.160852	1525629546.160852	1.043461	-0.087115	3.383590
1525629546.171567	1525629546.171567	1.012616	0.012102	3.308705
1525629546.180918	1525629546.180918	0.970525	0.071911	3.185787
1525629546.190769	1525629546.190769	0.911837	0.112587	3.020092
1525629546.200796	1525629546.200796	0.829196	0.136289	2.803016
1525629546.211306	1525629546.211306	0.735501	0.124837	2.523008
1525629546.220425	1525629546.220425	0.658589	0.096232	2.176152
1525629546.230482	1525629546.230482	0.608751	0.046178	1.792374
1525629546.240767	1525629546.240767	0.585574	-0.024240	1.405731
1525629546.250780	1525629546.250780	0.558964	-0.104228	1.036075
1525629546.260732	1525629546.260732	0.482034	-0.223435	0.672191
1525629546.270711	1525629546.270711	0.383788	-0.334025	0.308047
1525629546.280694	1525629546.280694	0.327257	-0.380841	-0.051332
1525629546.290751	1525629546.290751	0.238196	-0.288972	-0.427079
1525629546.300587	1525629546.300587	0.077025	-0.011345	-0.801584
1525629546.310633	1525629546.310633	-0.052665	0.358902	-1.113974
1525629546.320669	1525629546.320669	-0.086771	0.744786	-1.299602
1525629546.330590	1525629546.330590	-0.074633	1.055925	-1.355874
1525629546.340567	1525629546.340567	-0.122037	1.210700	-1.287275
1525629546.350569	1525629546.350569	-0.337669	1.273520	-1.093008
1525629546.360517	1525629546.360517	-0.612007	1.463511	-0.697235
1525629546.370606	1525629546.370606	-0.389709	1.918046	0.149507
1525629546.380374	1525629546.380374	0.717443	2.855098	1.593518
1525629546.390459	1525629546.390459	1.463057	3.437511	2.602054
1525629546.400445	1525629546.400445	1.473896	3.232766	2.459568
1525629546.410465	1525629546.410465	1.049395	2.270516	1.204848
1525629546.420960	1525629546.420960	0.393901	1.018041	-0.589125
1525629546.430349	1525629546.430349	-0.038191	0.441569	-2.016376
1525629546.440718	1525629546.440718	-0.013387	0.658625	-2.602541
1525629546.453508	1525629546.453508	0.185054	0.730343	-2.411725
1525629546.460691	1525629546.460691	0.274486	0.124887	-1.735809
1525629546.470261	1525629546.470261	0.227736	-0.650472	-0.952989
1525629546.480773	1525629546.480773	0.160760	-0.959036	-0.426941
1525629546.490147	1525629546.490147	0.141361	-0.837395	-0.299459
1525629546.500546	1525629546.500546	0.144434	-0.506023	-0.482501
1525629546.510174	1525629546.510174	0.156414	0.044795	-0.825095
1525629546.520130	1525629546.520130	0.198768	0.775604	-1.171580
1525629546.530836	1525629546.530836	0.291774	1.461490	-1.393979
1525629546.539897	1525629546.539897	0.376869	1.697730	-1.411039
1525629546.550542	1525629546.550542	0.364879	1.390927	-1.191919
1525629546.559983	1525629546.559983	0.227390	0.900357	-0.782743
1525629546.570125	1525629546.570125	0.096015	0.566459	-0.318151
1525629546.580261	1525629546.580261	0.090383	0.452598	0.030894
1525629546.590011	1525629546.590011	0.185048	0.433060	0.138488
1525629546.600188	1525629546.600188	0.307682	0.407948	-0.034566
1525629546.609972	1525629546.609972	0.387169	0.440478	-0.418893
1525629546.621869	1525629546.621869	0.382246	0.577790	-0.859602
1525629546.630034	1525629546.630034	0.307507	0.705862	-1.177699
1525629546.639909	1525629546.639909	0.211590	0.729676	-1.269343
1525629546.650079	1525629546.650079	0.122532	0.637378	-1.160801
1525629546.659868	1525629546.659868	0.092655	0.425507	-0.942966
1525629546.669854	1525629546.669854	0.112767	0.172925	-0.720261
1525629546.679901	1525629546.679901	0.144847	0.053482	-0.576177
1525629546.689809	1525629546.689809	0.141199	0.088689	-0.532584
1525629546.699669	1525629546.699669	0.117175	0.127145	-0.566938
1525629546.709776	1525629546.709776	0.077132	0.164603	-0.600424
1525629546.719747	1525629546.719747	0.049263	0.222285	-0.578415
1525629546.730023	1525629546.730023	0.051660	0.271336	-0.502818
1525629546.739704	1525629546.739704	0.062155	0.266007	-0.402640
1525629546.749691	1525629546.749691	0.058708	0.205313	-0.307952
1525629546.759663	1525629546.759663	0.060888	0.152046	-0.235548
1525629546.769643	1525629546.769643	0.046509	0.188367	-0.186764
1525629546.779556	1525629546.779556	0.020967	0.223648	-0.184949
1525629546.789619	1525629546.789619	0.010804	0.211947	-0.228711
1525629546.799590	1525629546.799590	-0.000178	0.158671	-0.301221
1525629546.809566	1525629546.809566	0.016582	0.095684	-0.375519
1525629546.819547	1525629546.819547	0.042792	0.045453	-0.434801
1525629546.829528	1525629546.829528	0.044114	-0.008923	-0.466714
1525629546.839504	1525629546.839504	0.047337	-0.047310	-0.476252
1525629546.849488	1525629546.849488	0.049335	-0.049446	-0.465584
1525629546.859332	1525629546.859332	0.043753	-0.028095	-0.441173
1525629546.870770	1525629546.870770	0.031632	-0.020568	-0.408326
1525629546.879439	1525629546.879439	0.035361	-0.037618	-0.367834
1525629546.889399	1525629546.889399	0.043169	-0.056811	-0.312392
1525629546.899382	1525629546.899382	0.050896	-0.093055	-0.253756
1525629546.909520	1525629546.909520	0.049069	-0.151645	-0.203752
1525629546.919335	1525629546.919335	0.063670	-0.170881	-0.180157
1525629546.929321	1525629546.929321	0.085115	-0.164580	-0.187345
1525629546.939259	1525629546.939259	0.086395	-0.183780	-0.208616
1525629546.949282	1525629546.949282	0.071595	-0.228490	-0.229019
1525629546.959261	1525629546.959261	0.056774	-0.281726	-0.249421
1525629546.969235	1525629546.969235	0.059205	-0.324384	-0.282385
1525629546.979200	1525629546.979200	0.049238	-0.330763	-0.341047
1525629546.989075	1525629546.989075	0.032199	-0.314742	-0.427469
1525629546.999178	1525629546.999178	0.009903	-0.304031	-0.521405
1525629547.009149	1525629547.009149	-0.014753	-0.315686	-0.601534
1525629547.019203	1525629547.019203	-0.068749	-0.390086	-0.651152
1525629547.029113	1525629547.029113	-0.140304	-0.482513	-0.664797
1525629547.039101	1525629547.039101	-0.188303	-0.546264	-0.679219
1525629547.049074	1525629547.049074	-0.199459	-0.554765	-0.728315
1525629547.059377	1525629547.059377	-0.194041	-0.517524	-0.814463
1525629547.069023	1525629547.069023	-0.217335	-0.484427	-0.909477
1525629547.079083	1525629547.079083	-0.281667	-0.477786	-0.969868
1525629547.088976	1525629547.088976	-0.358424	-0.491319	-0.978257
1525629547.098968	1525629547.098968	-0.409966	-0.514538	-0.956536
1525629547.108938	1525629547.108938	-0.457079	-0.488750	-0.937954
1525629547.120396	1525629547.120396	-0.499360	-0.445949	-0.961888
1525629547.129442	1525629547.129442	-0.556684	-0.451046	-0.987070
1525629547.138883	1525629547.138883	-0.588009	-0.542567	-0.974678
1525629547.149144	1525629547.149144	-0.553263	-0.669540	-0.962541
1525629547.158923	1525629547.158923	-0.500855	-0.810467	-1.001277
1525629547.169102	1525629547.169102	-0.500050	-0.937342	-1.092798
1525629547.178870	1525629547.178870	-0.534210	-1.040629	-1.199649
1525629547.189086	1525629547.189086	-0.526881	-1.129164	-1.293220
1525629547.198910	1525629547.198910	-0.442576	-1.205241	-1.396494
1525629547.209697	1525629547.209697	-0.332822	-1.307002	-1.492005
1525629547.218721	1525629547.218721	-0.379345	-1.389960	-1.543660
1525629547.228689	1525629547.228689	-0.484510	-1.343697	-1.572621
1525629547.238954	1525629547.238954	-0.478093	-1.233975	-1.638536
1525629547.248657	1525629547.248657	-0.460612	-1.117920	-1.735183
1525629547.258625	1525629547.258625	-0.458060	-0.962363	-1.824563
1525629547.268604	1525629547.268604	-0.420628	-0.760042	-1.877329
1525629547.278590	1525629547.278590	-0.397619	-0.606671	-1.895146
1525629547.288867	1525629547.288867	-0.378415	-0.543864	-1.882141
1525629547.298584	1525629547.298584	-0.347934	-0.523724	-1.840259
1525629547.308430	1525629547.308430	-0.335791	-0.505632	-1.782635
1525629547.318532	1525629547.318532	-0.338351	-0.472562	-1.741158
1525629547.328609	1525629547.328609	-0.356577	-0.424516	-1.724352
1525629547.338544	1525629547.338544	-0.371348	-0.353043	-1.723471
1525629547.348476	1525629547.348476	-0.379590	-0.241099	-1.724639
1525629547.358448	1525629547.358448	-0.361197	-0.075971	-1.711647
1525629547.370555	1525629547.370555	-0.311198	0.127410	-1.657824
1525629547.378344	1525629547.378344	-0.223861	0.315749	-1.519459
1525629547.388382	1525629547.388382	-0.095987	0.389942	-1.229456
1525629547.400304	1525629547.400304	0.028851	0.277726	-0.729806
1525629547.408338	1525629547.408338	0.116723	0.043191	-0.025183
1525629547.418320	1525629547.418320	0.124963	-0.068402	0.759354
1525629547.428303	1525629547.428303	0.113392	-0.033938	1.448916
1525629547.438225	1525629547.438225	0.111235	-0.020942	1.888469
1525629547.448268	1525629547.448268	0.107134	-0.097598	2.033174
1525629547.458244	1525629547.458244	0.096986	-0.187110	1.972384
1525629547.468098	1525629547.468098	0.094189	-0.214865	1.846757
1525629547.478151	1525629547.478151	0.112203	-0.181933	1.776729
1525629547.488184	1525629547.488184	0.143664	-0.206563	1.816495
1525629547.498243	1525629547.498243	0.181006	-0.365463	1.958517
1525629547.508137	1525629547.508137	0.235346	-0.629919	2.172061
1525629547.518121	1525629547.518121	0.296824	-0.869877	2.417623
1525629547.528093	1525629547.528093	0.348180	-0.943531	2.652412
1525629547.538826	1525629547.538826	0.382419	-0.854065	2.836962
1525629547.548057	1525629547.548057	0.407137	-0.692120	2.942631
1525629547.558036	1525629547.558036	0.433843	-0.521690	2.974884
1525629547.568011	1525629547.568011	0.467538	-0.382222	2.952940
1525629547.577992	1525629547.577992	0.489888	-0.285356	2.890413
1525629547.587975	1525629547.587975	0.501839	-0.268400	2.789445
1525629547.597875	1525629547.597875	0.487446	-0.334483	2.644518
1525629547.608049	1525629547.608049	0.423591	-0.388657	2.445768
1525629547.618586	1525629547.618586	0.318181	-0.324380	2.179451
1525629547.627399	1525629547.627399	0.190230	-0.106551	1.868151
1525629547.637496	1525629547.637496	0.092286	0.175100	1.559345
1525629547.647455	1525629547.647455	0.078907	0.440432	1.312242
1525629547.657391	1525629547.657391	0.140901	0.598907	1.161856
1525629547.667488	1525629547.667488	0.263197	0.601561	1.109070
1525629547.677849	1525629547.677849	0.490774	0.479069	1.059703
1525629547.687468	1525629547.687468	0.548993	0.291123	0.798589
1525629547.698016	1525629547.698016	0.178204	0.169904	0.294873
1525629547.707725	1525629547.707725	-0.209529	0.203310	-0.187768
1525629547.717739	1525629547.717739	-0.146044	0.390542	-0.366873
1525629547.727686	1525629547.727686	0.227467	0.503083	-0.173917
1525629547.737659	1525629547.737659	0.488025	0.330591	0.296529
1525629547.747646	1525629547.747646	0.500268	-0.030509	0.877830
1525629547.757608	1525629547.757608	0.401688	-0.271801	1.384331
1525629547.767565	1525629547.767565	0.253073	-0.261488	1.584741
1525629547.777595	1525629547.777595	0.047882	-0.259655	1.350201
1525629547.788339	1525629547.788339	-0.098581	-0.394666	0.736407
1525629547.797540	1525629547.797540	-0.071453	-0.494239	-0.016824
1525629547.807510	1525629547.807510	0.071262	-0.403441	-0.585578
1525629547.818184	1525629547.818184	0.203315	-0.200522	-0.784068
1525629547.827987	1525629547.827987	0.255255	-0.004564	-0.629107
1525629547.837991	1525629547.837991	0.245371	0.122487	-0.232226
1525629547.847436	1525629547.847436	0.213859	0.114310	0.247415
1525629547.858083	1525629547.858083	0.210697	-0.010194	0.653965
1525629547.870346	1525629547.870346	0.224622	-0.093279	0.893619
1525629547.877763	1525629547.877763	0.218738	-0.072982	0.942507
1525629547.887349	1525629547.887349	0.186325	0.007036	0.817578
1525629547.897887	1525629547.897887	0.151155	0.116855	0.575535
1525629547.907308	1525629547.907308	0.123958	0.204238	0.287822
1525629547.917428	1525629547.917428	0.112319	0.234012	0.024783
1525629547.927271	1525629547.927271	0.125259	0.197633	-0.167707
1525629547.937394	1525629547.937394	0.168829	0.096154	-0.260835
1525629547.947364	1525629547.947364	0.211181	-0.048977	-0.263505
1525629547.957230	1525629547.957230	0.224084	-0.164114	-0.207997
1525629547.967636	1525629547.967636	0.203989	-0.186380	-0.140123
1525629547.977421	1525629547.977421	0.167109	-0.157422	-0.085229
1525629547.987145	1525629547.987145	0.152670	-0.129626	-0.033252
1525629547.997103	1525629547.997103	0.151725	-0.126390	0.044434
1525629548.007103	1525629548.007103	0.129979	-0.142233	0.161248
1525629548.017265	1525629548.017265	0.135605	-0.190155	0.301814
1525629548.027054	1525629548.027054	0.168069	-0.239263	0.428871
1525629548.040296	1525629548.040296	0.188479	-0.260634	0.500433
1525629548.047229	1525629548.047229	0.188594	-0.209475	0.501497
1525629548.057091	1525629548.057091	0.223656	-0.070024	0.455090
1525629548.067167	1525629548.067167	0.302489	0.127865	0.418796
1525629548.076747	1525629548.076747	0.348479	0.288618	0.442769
1525629548.086937	1525629548.086937	0.309150	0.379420	0.535949
1525629548.097161	1525629548.097161	0.229660	0.404332	0.671214
1525629548.107159	1525629548.107159	0.170282	0.334299	0.800342
1525629548.120044	1525629548.120044	0.154974	0.166004	0.883180
1525629548.126889	1525629548.126889	0.152191	-0.041812	0.893795
1525629548.136835	1525629548.136835	0.154765	-0.210253	0.823584
1525629548.147048	1525629548.147048	0.215829	-0.319282	0.694483
1525629548.156807	1525629548.156807	0.313494	-0.324021	0.560504
1525629548.166966	1525629548.166966	0.375705	-0.202823	0.471855
1525629548.176765	1525629548.176765	0.389301	-0.031299	0.442214
1525629548.186730	1525629548.186730	0.373425	0.149968	0.468623
1525629548.197018	1525629548.197018	0.313435	0.297327	0.517910
1525629548.207869	1525629548.207869	0.214936	0.299889	0.545443
1525629548.216674	1525629548.216674	0.138954	0.138203	0.530682
1525629548.226645	1525629548.226645	0.139020	-0.106958	0.475343
1525629548.236504	1525629548.236504	0.201213	-0.336404	0.403735
1525629548.246934	1525629548.246934	0.249755	-0.426165	0.342598
1525629548.256581	1525629548.256581	0.249376	-0.333455	0.305338
1525629548.266649	1525629548.266649	0.223479	-0.143642	0.280536
1525629548.276500	1525629548.276500	0.209254	0.036530	0.259069
1525629548.287976	1525629548.287976	0.197852	0.175134	0.259990
1525629548.296504	1525629548.296504	0.192529	0.252968	0.274823
1525629548.306483	1525629548.306483	0.189007	0.192238	0.288618
1525629548.316615	1525629548.316615	0.184365	0.063296	0.292823
1525629548.326514	1525629548.326514	0.176659	-0.052846	0.288475
1525629548.336575	1525629548.336575	0.161812	-0.106081	0.270201
1525629548.346395	1525629548.346395	0.137726	-0.086809	0.236911
1525629548.356362	1525629548.356362	0.122376	-0.023880	0.196275
1525629548.366600	1525629548.366600	0.120841	0.048586	0.162195
1525629548.376339	1525629548.376339	0.145625	0.115624	0.156110
1525629548.386309	1525629548.386309	0.154050	0.165690	0.175370
1525629548.396168	1525629548.396168	0.118562	0.173312	0.199416
1525629548.406243	1525629548.406243	0.082046	0.123379	0.208550
1525629548.416251	1525629548.416251	0.080770	0.049844	0.210665
1525629548.426276	1525629548.426276	0.102023	-0.004604	0.206669
1525629548.436199	1525629548.436199	0.104279	-0.018475	0.193925
1525629548.446183	1525629548.446183	0.082304	-0.003475	0.161725
1525629548.456168	1525629548.456168	0.085958	0.047657	0.135159
1525629548.466146	1525629548.466146	0.129962	0.121008	0.129309
1525629548.476145	1525629548.476145	0.160874	0.204018	0.148843
1525629548.486100	1525629548.486100	0.140388	0.279793	0.181585
1525629548.496080	1525629548.496080	0.102796	0.304477	0.206669
1525629548.506049	1525629548.506049	0.076999	0.274748	0.215934
1525629548.516040	1525629548.516040	0.072785	0.243853	0.205240
1525629548.526649	1525629548.526649	0.064621	0.199106	0.165760
1525629548.537813	1525629548.537813	0.054517	0.117053	0.102842
1525629548.546388	1525629548.546388	0.052932	0.033899	0.041092
1525629548.555833	1525629548.555833	0.052278	-0.009815	-0.001489
1525629548.566565	1525629548.566565	0.034409	0.013701	-0.018738
1525629548.576109	1525629548.576109	0.016333	0.032962	-0.020024
1525629548.586697	1525629548.586697	0.023527	0.016953	-0.000777
1525629548.595870	1525629548.595870	0.056129	0.000843	0.034746
1525629548.606068	1525629548.606068	0.080271	0.030600	0.073357
1525629548.615832	1525629548.615832	0.065120	0.101022	0.105101
1525629548.625872	1525629548.625872	0.031958	0.159791	0.123852
1525629548.635791	1525629548.635791	0.024553	0.205654	0.128017
1525629548.645751	1525629548.645751	0.020502	0.214191	0.112002
1525629548.655738	1525629548.655738	0.076187	0.349317	0.123322
1525629548.665728	1525629548.665728	0.013408	0.217405	0.082113
1525629548.675629	1525629548.675629	-0.040317	0.095029	0.000568
1525629548.685683	1525629548.685683	-0.020328	0.090651	-0.064113
1525629548.695654	1525629548.695654	-0.009675	0.042641	-0.072496
1525629548.705856	1525629548.705856	-0.018765	-0.007398	-0.037482
1525629548.715515	1525629548.715515	-0.040544	-0.011553	-0.002624
1525629548.725599	1525629548.725599	-0.081059	-0.022041	-0.007377
1525629548.735577	1525629548.735577	-0.127600	-0.044242	-0.045198
1525629548.745763	1525629548.745763	-0.132559	0.001599	-0.066547
1525629548.755565	1525629548.755565	-0.096173	0.056868	-0.063975
1525629548.765520	1525629548.765520	-0.059240	0.055660	-0.030528
1525629548.775501	1525629548.775501	-0.052396	0.015149	0.012131
1525629548.787184	1525629548.787184	-0.046385	-0.010444	0.038814
1525629548.795455	1525629548.795455	-0.029269	-0.039297	0.029445
1525629548.805426	1525629548.805426	-0.034255	-0.056343	-0.002546
1525629548.815416	1525629548.815416	-0.043587	-0.042457	-0.021819
1525629548.825681	1525629548.825681	-0.043698	-0.024332	-0.009049
1525629548.835367	1525629548.835367	-0.045091	-0.013655	0.019672
1525629548.845224	1525629548.845224	-0.032270	0.035322	0.028342
1525629548.855323	1525629548.855323	-0.000909	0.078875	0.003180
1525629548.865311	1525629548.865311	0.010088	0.058564	-0.027552
1525629548.875415	1525629548.875415	0.012378	0.063878	-0.039232
1525629548.885262	1525629548.885262	-0.013451	0.062930	-0.021454
1525629548.895243	1525629548.895243	-0.046830	0.097192	0.010068
1525629548.905217	1525629548.905217	-0.069354	0.101556	0.020436
1525629548.915206	1525629548.915206	-0.075597	0.086654	0.004394
1525629548.925176	1525629548.925176	-0.076072	0.062118	-0.048829
1525629548.935081	1525629548.935081	-0.071127	0.056743	-0.105179
1525629548.945267	1525629548.945267	-0.066494	0.046051	-0.137053
1525629548.955460	1525629548.955460	-0.089233	0.089862	-0.101144
1525629548.965103	1525629548.965103	-0.085292	0.044062	0.003213
1525629548.975100	1525629548.975100	-0.020029	-0.063839	0.054039
1525629548.985048	1525629548.985048	0.011391	-0.111956	0.005465
1525629548.995030	1525629548.995030	0.009376	-0.086409	-0.086096
1525629549.004885	1525629549.004885	0.009176	-0.021420	-0.143576
1525629549.016252	1525629549.016252	0.005846	-0.000083	-0.128716
1525629549.024971	1525629549.024971	-0.010694	-0.001059	-0.085279
1525629549.037579	1525629549.037579	-0.016710	-0.012733	-0.032135
1525629549.044925	1525629549.044925	-0.000164	-0.050091	0.003193
1525629549.054908	1525629549.054908	0.006233	-0.072502	-0.000986
1525629549.064895	1525629549.064895	0.006413	-0.073575	-0.015885
1525629549.074890	1525629549.074890	-0.003045	-0.073540	-0.027708
1525629549.085981	1525629549.085981	-0.018989	-0.086266	-0.035353
1525629549.094823	1525629549.094823	-0.030796	-0.068093	-0.025919
1525629549.104801	1525629549.104801	-0.026553	-0.025473	-0.015225
1525629549.114790	1525629549.114790	-0.016885	-0.004199	-0.016172
1525629549.124763	1525629549.124763	-0.007081	0.024532	-0.026696
1525629549.134741	1525629549.134741	-0.015467	0.021364	-0.039571
1525629549.158947	1525629549.158947	-0.030349	0.001173	-0.048267
1525629549.158983	1525629549.158983	-0.036822	-0.027576	-0.048346
1525629549.164560	1525629549.164560	-0.030571	-0.051047	-0.040818
1525629549.174653	1525629549.174653	-0.007176	-0.055407	-0.035210
1525629549.186066	1525629549.186066	0.009860	-0.058676	-0.032873
1525629549.194627	1525629549.194627	0.025770	-0.043818	-0.022035
1525629549.206141	1525629549.206141	0.042709	-0.033226	-0.009056
1525629549.214307	1525629549.214307	0.078952	-0.030181	-0.005420
1525629549.243284	1525629549.243284	0.115345	-0.034603	-0.015618
1525629549.243372	1525629549.243372	0.105866	-0.032435	-0.025313
1525629549.244102	1525629549.244102	0.080286	-0.012076	-0.023498
1525629549.254272	1525629549.254272	0.050560	-0.005559	-0.034505
1525629549.264099	1525629549.264099	0.049699	-0.006629	-0.051545
1525629549.274313	1525629549.274313	0.079680	-0.025947	-0.063950
1525629549.284468	1525629549.284468	0.097771	-0.044142	-0.063729
1525629549.294431	1525629549.294431	0.101864	-0.046285	-0.049842
1525629549.304427	1525629549.304427	0.098465	-0.047329	-0.033918
1525629549.314256	1525629549.314256	0.094145	-0.057968	-0.031842
1525629549.324269	1525629549.324269	0.086646	-0.090978	-0.036190
1525629549.334520	1525629549.334520	0.072484	-0.161257	-0.026782
1525629549.344416	1525629549.344416	0.071155	-0.240119	-0.021474
1525629549.354388	1525629549.354388	0.080668	-0.275331	-0.021356
1525629549.364311	1525629549.364311	0.084172	-0.227391	-0.036216
1525629549.374512	1525629549.374512	0.092074	-0.147498	-0.055280
1525629549.385369	1525629549.385369	0.095687	-0.092101	-0.077589
1525629549.394210	1525629549.394210	0.096917	-0.068662	-0.086090
1525629549.404936	1525629549.404936	0.095754	-0.065456	-0.077589
1525629549.421061	1525629549.421061	0.081672	-0.082443	-0.063924
1525629549.424369	1525629549.424369	0.081377	-0.090958	-0.041576
1525629549.434316	1525629549.434316	0.105557	-0.098509	-0.013607
1525629549.444146	1525629549.444146	0.124486	-0.109238	0.006848
1525629549.459449	1525629549.459449	0.123453	-0.111367	0.003642
1525629549.466192	1525629549.466192	0.120611	-0.098577	-0.023002
1525629549.474059	1525629549.474059	0.114526	-0.076179	-0.044364
1525629549.484179	1525629549.484179	0.107213	-0.055901	-0.052969
1525629549.494003	1525629549.494003	0.098694	-0.049470	-0.053074
1525629549.504921	1525629549.504921	0.094344	-0.046251	-0.045676
1525629549.517216	1525629549.517216	0.080307	-0.055779	-0.034140
1525629549.524090	1525629549.524090	0.055717	-0.055672	-0.030183
1525629549.534384	1525629549.534384	0.048366	-0.050316	-0.038788
1525629549.543938	1525629549.543938	0.052827	-0.056737	-0.055763
1525629549.555199	1525629549.555199	0.054004	-0.049285	-0.063199
1525629549.564025	1525629549.564025	0.056203	-0.049297	-0.068494
1525629549.573866	1525629549.573866	0.053057	-0.048219	-0.072790
1525629549.584058	1525629549.584058	0.042492	-0.058837	-0.083563
1525629549.593837	1525629549.593837	0.037311	-0.065217	-0.097463
1525629549.605324	1525629549.605324	0.037319	-0.067349	-0.098527
1525629549.613804	1525629549.613804	0.024420	-0.069422	-0.091234
1525629549.623844	1525629549.623844	0.006116	-0.073602	-0.078685
1525629549.635739	1525629549.635739	0.003918	-0.068261	-0.072326
1525629549.644984	1525629549.644984	0.019981	-0.054474	-0.074259
1525629549.656173	1525629549.656173	0.037109	-0.041758	-0.076179
1525629549.663807	1525629549.663807	0.045464	-0.046051	-0.062240
1525629549.673742	1525629549.673742	0.052487	-0.072712	-0.031287
1525629549.684003	1525629549.684003	0.049939	-0.097202	-0.002579
1525629549.696382	1525629549.696382	0.043332	-0.090771	0.015434
1525629549.704207	1525629549.704207	0.043310	-0.073716	0.020755
1525629549.713569	1525629549.713569	0.048671	-0.063080	0.020820
1525629549.723778	1525629549.723778	0.051903	-0.055634	0.019795
1525629549.733624	1525629549.733624	0.045533	-0.058806	0.016524
1525629549.747256	1525629549.747256	0.038130	-0.058776	0.011112
