1525629538.294477	1525629538.294477	41.728745	59.541397	-360.802338
1525629538.294507	1525629538.294507	41.276932	59.090378	-361.026215
1525629538.314219	1525629538.314219	41.578476	59.466049	-360.877380
1525629538.314259	1525629538.314259	41.501328	58.941147	-361.099731
1525629538.333857	1525629538.333857	41.503220	59.390945	-360.952179
1525629538.333897	1525629538.333897	41.503357	59.391159	-361.102203
1525629538.354798	1525629538.354798	41.426590	59.015823	-361.025360
1525629538.355766	1525629538.355766	41.577347	59.166382	-361.100739
1525629538.373214	1525629538.373214	41.500992	58.866150	-361.099304
1525629538.373267	1525629538.373267	41.352768	59.240829	-361.176788
1525629538.393402	1525629538.393402	41.577423	59.166504	-361.175720
1525629538.393455	1525629538.393455	41.427841	59.241165	-361.251587
1525629538.412442	1525629538.412442	41.502914	59.241501	-361.326355
1525629538.412494	1525629538.412494	41.499496	58.565918	-360.947632
1525629538.432497	1525629538.432497	41.276489	58.940704	-361.250397
1525629538.432554	1525629538.432554	41.426666	59.015930	-361.100372
1525629538.452165	1525629538.452165	41.051254	58.939697	-361.026062
1525629538.452242	1525629538.452242	41.500809	58.791382	-361.248901
1525629538.471797	1525629538.471797	41.276154	58.865707	-361.249969
1525629538.473540	1525629538.473540	41.277832	59.240707	-361.252045
1525629538.491427	1525629538.491427	41.200699	58.715820	-361.474426
1525629538.491501	1525629538.491501	41.051071	58.864914	-361.175629
1525629538.511063	1525629538.511063	41.275314	58.715469	-361.099152
1525629538.511136	1525629538.511136	41.276489	58.940704	-361.250397
1525629538.531128	1525629538.531128	41.501831	59.016388	-361.250122
1525629538.531255	1525629538.531255	41.200806	58.790482	-361.249786
1525629538.550491	1525629538.550491	41.502945	59.316055	-361.026764
1525629538.550568	1525629538.550568	41.427353	59.165939	-361.101196
1525629538.570131	1525629538.570131	41.352844	59.240936	-361.251801
1525629538.570246	1525629538.570246	41.278168	59.315704	-361.252441
1525629538.589729	1525629538.589729	41.426590	59.015823	-361.025360
1525629538.590289	1525629538.590289	41.426483	58.941147	-361.249939
1525629538.609655	1525629538.609655	41.502243	59.091492	-361.325531
1525629538.609768	1525629538.609768	41.277908	59.240829	-361.327026
1525629538.629060	1525629538.629060	41.501938	59.091049	-361.025543
1525629538.629130	1525629538.629130	41.276443	59.015152	-360.875793
1525629538.648772	1525629538.648772	41.428619	59.465836	-361.027832
1525629538.648854	1525629538.648854	41.501678	59.016159	-361.100128
1525629538.668322	1525629538.668322	41.501755	59.016266	-361.175110
1525629538.668389	1525629538.668389	41.802170	59.092285	-361.249634
1525629538.688619	1525629538.688619	41.425583	58.790817	-361.024109
1525629538.692731	1525629538.692731	41.726822	59.017059	-361.249451
1525629538.707969	1525629538.707969	41.650406	58.716721	-361.173035
1525629538.708101	1525629538.708101	41.427841	59.241165	-361.251587
1525629538.728609	1525629538.728609	41.801834	59.017273	-361.249237
1525629538.728681	1525629538.728681	41.426147	58.866150	-361.249542
1525629538.747510	1525629538.747510	41.878174	59.317505	-361.250671
1525629538.747639	1525629538.747639	41.425354	58.641495	-361.473328
1525629538.767559	1525629538.767559	41.652496	59.166840	-361.250519
1525629538.767600	1525629538.767600	41.501633	58.941605	-361.399719
1525629538.786483	1525629538.786483	41.426147	58.866150	-361.249542
1525629538.786526	1525629538.786526	41.503250	59.316498	-361.326752
1525629538.807265	1525629538.807265	41.275574	58.790359	-361.024567
1525629538.807306	1525629538.807306	41.652924	59.241943	-361.325897
1525629538.826066	1525629538.826066	41.576828	59.016602	-361.249908
1525629538.826143	1525629538.826143	41.876633	58.942719	-361.398590
1525629538.845722	1525629538.845722	42.251984	59.018860	-361.397888
1525629538.845792	1525629538.845792	42.175827	58.793396	-361.246887
1525629538.865332	1525629538.865332	42.403519	59.394089	-361.249512
1525629538.865464	1525629538.865464	42.100891	58.793289	-361.322083
1525629538.884962	1525629538.884962	42.477280	59.168976	-361.023041
1525629538.885031	1525629538.885031	42.777557	59.244751	-360.947540
1525629538.904551	1525629538.904551	42.775818	58.795197	-361.245087
1525629538.904596	1525629538.904596	42.928635	59.470322	-361.023346
1525629538.924773	1525629538.924773	43.002136	59.170319	-360.871490
1525629538.925866	1525629538.925866	43.076981	59.170319	-360.721252
1525629538.944101	1525629538.944101	43.451462	59.021667	-360.869324
1525629538.944145	1525629538.944145	42.852966	59.320099	-361.022736
1525629538.964018	1525629538.964018	43.378235	59.396561	-360.946564
1525629538.964072	1525629538.964072	43.376724	59.096329	-360.794922
1525629538.983703	1525629538.983703	43.302185	59.245758	-360.570984
1525629538.983820	1525629538.983820	43.451096	59.021103	-360.494324
1525629539.003325	1525629539.003325	43.076721	59.244415	-360.121674
1525629539.006835	1525629539.006835	42.927582	59.468750	-359.973358
1525629539.023715	1525629539.023715	42.776260	59.242844	-359.672546
1525629539.023849	1525629539.023849	42.329224	59.916397	-359.602600
1525629539.042602	1525629539.042602	42.477951	59.616943	-359.675507
1525629539.042722	1525629539.042722	42.027237	59.540039	-359.301422
1525629539.062343	1525629539.062343	42.252991	59.690826	-359.376587
1525629539.062479	1525629539.062479	42.027451	59.540375	-359.526428
1525629539.082465	1525629539.082465	42.178925	59.915497	-359.303040
1525629539.082587	1525629539.082587	42.252579	59.615707	-359.301178
1525629539.101790	1525629539.101790	42.252686	59.690369	-359.076569
1525629539.101919	1525629539.101919	42.327240	59.540939	-359.300537
1525629539.121328	1525629539.121328	42.028244	59.765045	-359.302673
1525629539.123537	1525629539.123537	42.179596	60.065491	-359.303864
1525629539.141065	1525629539.141065	42.027344	59.614700	-359.076843
1525629539.142096	1525629539.142096	41.804031	59.989029	-359.079559
1525629539.160618	1525629539.160618	42.101776	59.539581	-358.851227
1525629539.160755	1525629539.160755	41.577682	59.688354	-359.078583
1525629539.180341	1525629539.180341	41.803467	59.913696	-358.854187
1525629539.180469	1525629539.180469	41.725647	59.238785	-359.075684
1525629539.200168	1525629539.200168	41.879364	60.064255	-359.079742
1525629539.200284	1525629539.200284	41.952011	59.539474	-359.076660
1525629539.219784	1525629539.219784	41.503952	59.988022	-359.005493
1525629539.219910	1525629539.219910	41.503616	59.913025	-359.005066
1525629539.239493	1525629539.239493	41.276962	59.611893	-358.704071
1525629539.243865	1525629539.243865	41.203796	59.986893	-358.856384
1525629539.258869	1525629539.258869	41.276276	59.461884	-358.703247
1525629539.258939	1525629539.258939	41.052887	59.836105	-358.631012
1525629539.278802	1525629539.278802	41.353088	59.911789	-358.480530
1525629539.278932	1525629539.278932	40.975983	59.460541	-358.404175
1525629539.298526	1525629539.298526	40.904434	60.210449	-358.483521
1525629539.298654	1525629539.298654	40.902847	59.910095	-358.256866
1525629539.317964	1525629539.317964	40.902588	59.835205	-358.331421
1525629539.318096	1525629539.318096	40.903183	59.985092	-358.257263
1525629539.337907	1525629539.337907	40.602768	59.909088	-358.182739
1525629539.340090	1525629539.340090	40.753708	60.134430	-358.108551
1525629539.357372	1525629539.357372	40.451752	59.683624	-358.181946
1525629539.357489	1525629539.357489	40.227432	59.832962	-358.183441
1525629539.377233	1525629539.377233	40.227097	59.757965	-358.183044
1525629539.377416	1525629539.377416	40.003143	60.056839	-357.885376
1525629539.397000	1525629539.397000	40.002319	59.906616	-357.734558
1525629539.397235	1525629539.397235	39.775436	59.456146	-357.882751
1525629539.416560	1525629539.416560	39.927582	59.981277	-357.660187
1525629539.416746	1525629539.416746	39.776718	59.756042	-357.809387
1525629539.436024	1525629539.436024	39.476974	59.830032	-357.735718
1525629539.436245	1525629539.436245	39.252640	59.979355	-357.737213
1525629539.455889	1525629539.455889	39.250534	59.529251	-357.659729
1525629539.462263	1525629539.462263	39.253540	60.129700	-357.963013
1525629539.475384	1525629539.475384	39.251282	59.679352	-357.735565
1525629539.475499	1525629539.475499	38.952408	59.978119	-357.513092
1525629539.495105	1525629539.495105	39.477417	59.979706	-357.511536
1525629539.495235	1525629539.495235	39.027420	59.978348	-357.512878
1525629539.514964	1525629539.514964	38.953690	60.278015	-357.439728
1525629539.515066	1525629539.515066	38.951401	59.753128	-357.511841
1525629539.535018	1525629539.535018	38.652298	59.902573	-357.738586
1525629539.535206	1525629539.535206	38.726883	59.827682	-357.662933
1525629539.554493	1525629539.554493	38.425308	59.526428	-357.437164
1525629539.557169	1525629539.557169	38.276917	59.900879	-357.364685
1525629539.573900	1525629539.573900	37.974854	59.375427	-357.662689
1525629539.574524	1525629539.574524	38.051987	59.900314	-357.440338
1525629539.593707	1525629539.593707	38.126205	59.675873	-357.663910
1525629539.593821	1525629539.593821	37.601166	59.748734	-357.290863
1525629539.613313	1525629539.613313	37.978088	60.125214	-357.516815
1525629539.613426	1525629539.613426	37.150146	59.522385	-357.290985
1525629539.633493	1525629539.633493	37.678192	60.198975	-357.293121
1525629539.633614	1525629539.633614	37.451645	59.823517	-357.441742
1525629539.652982	1525629539.652982	37.227020	59.972397	-357.143250
1525629539.653155	1525629539.653155	37.602280	60.048401	-357.067505
1525629539.672891	1525629539.672891	37.226501	59.822617	-357.292419
1525629539.673509	1525629539.673509	37.228180	60.197632	-357.294464
1525629539.691493	1525629539.691493	37.076828	59.897171	-357.293274
1525629539.691543	1525629539.691543	36.853180	60.196503	-357.295593
1525629539.711372	1525629539.711372	37.227432	60.047516	-357.218628
1525629539.711426	1525629539.711426	36.701340	59.820816	-357.143982
1525629539.730985	1525629539.730985	37.076675	59.896942	-357.143280
1525629539.731033	1525629539.731033	36.925476	59.596710	-357.292053
1525629539.750775	1525629539.750775	36.702087	59.970932	-357.219788
1525629539.750842	1525629539.750842	37.226501	59.822617	-357.292419
1525629539.770438	1525629539.770438	36.700882	59.671158	-357.368164
1525629539.770503	1525629539.770503	36.927658	60.046951	-357.444519
1525629539.790288	1525629539.790288	36.850708	59.596832	-357.517303
1525629539.790569	1525629539.790569	36.401031	59.670486	-357.519043
1525629539.809954	1525629539.809954	36.551041	59.670929	-357.518616
1525629539.810029	1525629539.810029	36.325546	59.595032	-357.368866
1525629539.829936	1525629539.829936	36.626114	59.671265	-357.593353
1525629539.830067	1525629539.830067	36.175095	59.444916	-357.593475
1525629539.849539	1525629539.849539	36.251678	59.745483	-357.819885
1525629539.849660	1525629539.849660	36.325653	59.520706	-357.818451
1525629539.869286	1525629539.869286	35.950241	59.444473	-357.744171
1525629539.869419	1525629539.869419	36.251480	59.670715	-357.969482
1525629539.888845	1525629539.888845	35.875473	59.444580	-357.969360
1525629539.890874	1525629539.890874	36.177170	59.820480	-357.970520
1525629539.908515	1525629539.908515	36.325027	59.296265	-358.192200
1525629539.908719	1525629539.908719	36.026627	59.670258	-358.120178
1525629539.927850	1525629539.927850	36.325363	59.371262	-358.192627
1525629539.927981	1525629539.927981	36.025772	59.445480	-358.268921
1525629539.947391	1525629539.947391	36.177124	59.745941	-358.270142
1525629539.947546	1525629539.947546	36.173828	58.996033	-358.341003
1525629539.967552	1525629539.967552	36.176758	59.596375	-358.569305
1525629539.967682	1525629539.967682	35.949982	59.220596	-358.492920
1525629539.987319	1525629539.987319	35.500137	59.219467	-358.644257
1525629539.987438	1525629539.987438	35.725296	59.220367	-358.793579
1525629540.006898	1525629540.006898	35.724045	58.995026	-358.567352
1525629540.007015	1525629540.007015	35.501373	59.444809	-358.870514
1525629540.026093	1525629540.026093	35.425095	59.144699	-358.944061
1525629540.026143	1525629540.026143	35.275513	59.219360	-359.019928
1525629540.045645	1525629540.045645	35.651260	59.370590	-359.094635
1525629540.045669	1525629540.045669	35.198746	58.844009	-358.943085
1525629540.065188	1525629540.065188	35.202042	59.593918	-358.872223
1525629540.065211	1525629540.065211	35.049789	58.994125	-359.319366
1525629540.085677	1525629540.085677	34.824646	58.993225	-359.170044
1525629540.085806	1525629540.085806	35.125473	59.144363	-359.319977
1525629540.105119	1525629540.105119	34.525040	59.067444	-359.246368
1525629540.105231	1525629540.105231	34.600006	58.993118	-359.545715
1525629540.125113	1525629540.125113	34.447830	58.542435	-359.393707
1525629540.127084	1525629540.127084	34.225113	59.066666	-359.322235
1525629540.144296	1525629540.144296	34.599945	58.993011	-359.470703
1525629540.144365	1525629540.144365	34.299118	58.841873	-359.320770
1525629540.164183	1525629540.164183	34.075867	59.216324	-359.398529
1525629540.164311	1525629540.164311	34.073425	58.691208	-359.320618
1525629540.183774	1525629540.183774	33.999786	58.990982	-359.322510
1525629540.183929	1525629540.183929	33.698761	58.765076	-359.322144
1525629540.207044	1525629540.207044	33.324554	58.988617	-359.099518
1525629540.207151	1525629540.207151	33.398956	58.838959	-359.173462
1525629540.223979	1525629540.223979	33.096512	58.312943	-359.096466
1525629540.224064	1525629540.224064	32.724045	58.911591	-358.950897
1525629540.243090	1525629540.243090	32.573196	58.686371	-359.100098
1525629540.243212	1525629540.243212	32.497696	58.610916	-358.949921
1525629540.263076	1525629540.263076	32.798721	58.836823	-358.950256
1525629540.263205	1525629540.263205	32.571869	58.460907	-358.798859
1525629540.282320	1525629540.282320	32.349762	59.135040	-358.653259
1525629540.282462	1525629540.282462	32.721954	58.461472	-358.873444
1525629540.301716	1525629540.301716	31.973892	58.909119	-358.803131
1525629540.301785	1525629540.301785	32.273636	58.835144	-358.876831
1525629540.323053	1525629540.323053	32.046722	58.459122	-358.650452
1525629540.324328	1525629540.324328	32.048782	58.834686	-359.027496
1525629540.341648	1525629540.341648	31.971634	58.458771	-358.575653
1525629540.341725	1525629540.341725	31.671906	58.532776	-358.501984
1525629540.361246	1525629540.361246	31.896378	58.383667	-358.650482
1525629540.361365	1525629540.361365	31.596176	58.307999	-358.800964
1525629540.380849	1525629540.380849	31.822571	58.683228	-358.502350
1525629540.380987	1525629540.380987	31.444870	58.082092	-358.500183
1525629540.400453	1525629540.400453	31.146927	58.605743	-358.203949
1525629540.400830	1525629540.400830	30.921555	58.455521	-358.503815
1525629540.419812	1525629540.419812	30.771408	58.454849	-358.354218
1525629540.419885	1525629540.419885	30.696991	58.604507	-358.280304
1525629540.439658	1525629540.439658	30.319443	58.003601	-358.428131
1525629540.439884	1525629540.439884	29.870483	58.301804	-358.131104
1525629540.459453	1525629540.459453	29.869476	58.076797	-358.129883
1525629540.459591	1525629540.459591	29.193481	57.924332	-357.831055
1525629540.479190	1525629540.479190	29.419312	58.075226	-357.981201
1525629540.479318	1525629540.479318	28.593063	57.847412	-357.757446
1525629540.498881	1525629540.498881	28.445175	58.297089	-357.835358
1525629540.499011	1525629540.499011	28.069260	58.145630	-357.610626
1525629540.518484	1525629540.518484	27.617981	57.844376	-357.685364
1525629540.518611	1525629540.518611	27.391998	57.693253	-357.385223
1525629540.538132	1525629540.538132	27.167038	57.767136	-357.086273
1525629540.540618	1525629540.540618	26.718048	57.990784	-357.088837
1525629540.558623	1525629540.558623	26.639557	57.314865	-356.635376
1525629540.558758	1525629540.558758	25.666901	57.836960	-356.641174
1525629540.577415	1525629540.577415	25.440430	57.610611	-356.190613
1525629540.577555	1525629540.577555	24.914520	57.458694	-355.966339
1525629540.597206	1525629540.597206	24.539978	57.607239	-355.743256
1525629540.597336	1525629540.597336	24.386887	57.006210	-355.365417
1525629540.616753	1525629540.616753	24.013657	57.380203	-355.443604
1525629540.616872	1525629540.616872	23.486237	56.928055	-355.067688
1525629540.636519	1525629540.636519	23.036316	57.075821	-354.469849
1525629540.639163	1525629540.639163	22.212204	57.372681	-354.023987
1525629540.656072	1525629540.656072	21.607910	56.470520	-353.795807
1525629540.656189	1525629540.656189	21.234177	56.769287	-353.723572
1525629540.675772	1525629540.675772	20.482025	56.391357	-353.273773
1525629540.675889	1525629540.675889	19.657578	56.613205	-352.827454
1525629540.695622	1525629540.695622	19.206451	56.461197	-352.377960
1525629540.695754	1525629540.695754	18.528854	55.933823	-352.152130
1525629540.715091	1525629540.715091	18.004639	56.156906	-351.929901
1525629540.715220	1525629540.715220	17.401764	55.554871	-351.778412
1525629540.734884	1525629540.734884	16.426575	55.626160	-351.256714
1525629540.735008	1525629540.735008	15.974792	55.249695	-351.181030
1525629540.754533	1525629540.754533	14.921448	54.571091	-350.880432
1525629540.760539	1525629540.760539	14.247116	54.719070	-350.883270
1525629540.774277	1525629540.774277	13.417450	53.815674	-350.280823
1525629540.774394	1525629540.774394	12.293030	53.962189	-350.209991
1525629540.793876	1525629540.793876	11.614090	53.134811	-349.982422
1525629540.793995	1525629540.793995	10.484756	52.305527	-349.381256
1525629540.813630	1525629540.813630	9.357224	51.776917	-349.231750
1525629540.813759	1525629540.813759	8.077438	50.797516	-348.855194
1525629540.833364	1525629540.833364	6.574005	50.117447	-348.480957
1525629540.833491	1525629540.833491	5.368439	48.913605	-348.327972
1525629540.853004	1525629540.853004	3.337967	47.781937	-347.952850
1525629540.853182	1525629540.853182	2.207626	46.578659	-348.024628
1525629540.872501	1525629540.872501	1.077774	45.450607	-348.246796
1525629540.872574	1525629540.872574	0.250061	44.848114	-348.245941
1525629540.892437	1525629540.892437	0.095322	43.797638	-348.240631
1525629540.892895	1525629540.892895	-0.354218	43.945969	-348.017822
1525629540.913016	1525629540.913016	-0.502975	44.170853	-348.244476
1525629540.913094	1525629540.913094	-0.353729	44.021194	-348.168243
1525629540.931577	1525629540.931577	-0.351700	44.471191	-348.170715
1525629540.931742	1525629540.931742	0.022202	44.247208	-348.093323
1525629540.951712	1525629540.951712	0.024857	44.921661	-347.722046
1525629540.951832	1525629540.951832	0.700729	45.148453	-347.571259
1525629540.970743	1525629540.970743	0.928619	45.823914	-347.424316
1525629540.970858	1525629540.970858	1.156174	46.424377	-347.276917
1525629540.990591	1525629540.990591	1.607040	46.650513	-347.126801
1525629540.990750	1525629540.990750	1.609634	47.324860	-346.680511
1525629541.010072	1525629541.010072	2.435959	47.552780	-346.979279
1525629541.010196	1525629541.010196	2.513031	48.077560	-346.681946
1525629541.029974	1525629541.029974	3.642990	49.131302	-346.909363
1525629541.030084	1525629541.030084	4.846115	49.810013	-346.984467
1525629541.050100	1525629541.050100	5.752213	51.162750	-346.989197
1525629541.050177	1525629541.050177	7.481247	51.993378	-347.288574
1525629541.069663	1525629541.069663	8.987686	53.422897	-347.291931
1525629541.069780	1525629541.069780	11.093765	54.704666	-347.592651
1525629541.088593	1525629541.088593	12.522903	55.609070	-347.668335
1525629541.088689	1525629541.088689	14.254715	57.039841	-348.046021
1525629541.108526	1525629541.108526	16.131500	57.420563	-348.117462
1525629541.108667	1525629541.108667	18.012085	58.626434	-348.268433
1525629541.128150	1525629541.128150	20.190796	59.383423	-348.566101
1525629541.128290	1525629541.128290	21.468552	59.912811	-348.940155
1525629541.148058	1525629541.148058	23.498642	60.894913	-349.614471
1525629541.148190	1525629541.148190	25.374115	60.901215	-350.058868
1525629541.167483	1525629541.167483	27.479996	62.108200	-350.509216
1525629541.167610	1525629541.167610	29.506302	62.265182	-351.104004
1525629541.187279	1525629541.187279	31.533417	62.721359	-351.175446
1525629541.189279	1525629541.189279	34.084839	62.954575	-351.544067
1525629541.206926	1525629541.206926	36.111145	63.111542	-352.138855
1525629541.207048	1525629541.207048	38.139343	63.792847	-352.286499
1525629541.226611	1525629541.226611	40.012360	63.199463	-352.952606
1525629541.226744	1525629541.226744	41.738007	63.280090	-353.247894
1525629541.246320	1525629541.246320	43.388596	63.360367	-353.468353
1525629541.246456	1525629541.246456	44.513153	63.214081	-353.689178
1525629541.266071	1525629541.266071	45.790314	63.593582	-354.137451
1525629541.266200	1525629541.266200	46.911682	62.772034	-354.204559
1525629541.285914	1525629541.285914	48.038879	63.225647	-354.353668
1525629541.286054	1525629541.286054	49.087570	62.854355	-354.723480
1525629541.305408	1525629541.305408	50.212128	62.708054	-354.944275
1525629541.306482	1525629541.306482	51.337036	62.636765	-355.165527
1525629541.325757	1525629541.325757	52.011002	62.339233	-355.461884
1525629541.326068	1525629541.326068	52.837311	62.567154	-355.760681
1525629541.344668	1525629541.344668	53.885040	62.045395	-355.829681
1525629541.344783	1525629541.344783	53.958649	61.820053	-355.453186
1525629541.364117	1525629541.364117	54.858765	61.748428	-355.900116
1525629541.364187	1525629541.364187	54.856674	61.298309	-355.822662
1525629541.384036	1525629541.384036	55.008621	61.748657	-355.749664
1525629541.384155	1525629541.384155	55.307953	61.599548	-355.747955
1525629541.403698	1525629541.403698	55.382202	61.449661	-355.671844
1525629541.406805	1525629541.406805	55.683212	61.675568	-355.672180
1525629541.423214	1525629541.423214	55.682281	61.450668	-355.746002
1525629541.423759	1525629541.423759	55.759079	61.900558	-355.523224
1525629541.442807	1525629541.442807	55.905334	61.001450	-355.817871
1525629541.442965	1525629541.442965	56.057358	61.451904	-355.819885
1525629541.462884	1525629541.462884	56.283554	61.752365	-355.670807
1525629541.463009	1525629541.463009	56.207291	61.452240	-355.744446
1525629541.482363	1525629541.482363	56.658295	61.678589	-355.744324
1525629541.482870	1525629541.482870	56.432205	61.452805	-355.668732
1525629541.501929	1525629541.501929	56.208557	61.752136	-355.671051
1525629541.502039	1525629541.502039	56.431198	61.227798	-355.667480
1525629541.521554	1525629541.521554	55.682129	61.450439	-355.595978
1525629541.523600	1525629541.523600	55.606750	61.300659	-355.895386
1525629541.541207	1525629541.541207	55.232422	61.449539	-355.897339
1525629541.541325	1525629541.541325	54.934082	61.749100	-356.199890
1525629541.560710	1525629541.560710	54.183731	61.671860	-356.201721
1525629541.560773	1525629541.560773	53.585297	62.119385	-355.755981
1525629541.580818	1525629541.580818	53.435562	62.193832	-355.681793
1525629541.580903	1525629541.580903	52.533966	61.890793	-355.457855
1525629541.600210	1525629541.600210	52.685852	62.341019	-355.309845
1525629541.600334	1525629541.600334	53.208939	61.818268	-355.755432
1525629541.620927	1525629541.620927	53.808044	61.520721	-356.202026
1525629541.623492	1525629541.623492	54.184296	61.747192	-356.427124
1525629541.639587	1525629541.639587	54.033096	61.446960	-356.575928
1525629541.641343	1525629541.641343	52.686157	62.192490	-356.284058
1525629541.659405	1525629541.659405	51.935394	62.040115	-356.210480
1525629541.659481	1525629541.659481	51.185989	62.187775	-356.138550
1525629541.678882	1525629541.678882	50.886444	62.187546	-356.589447
1525629541.678999	1525629541.678999	49.986771	62.259842	-356.592560
1525629541.698624	1525629541.698624	49.911499	62.184738	-356.667328
1525629541.698745	1525629541.698745	50.061386	62.110519	-356.891479
1525629541.718622	1525629541.718622	50.287064	62.261200	-356.891632
1525629541.718711	1525629541.718711	50.361465	62.111526	-356.965607
1525629541.738016	1525629541.738016	49.837296	62.260193	-357.117981
1525629541.739980	1525629541.739980	49.912888	62.410309	-357.043579
1525629541.757362	1525629541.757362	49.161453	62.107941	-356.969177
1525629541.757439	1525629541.757439	48.864426	62.781937	-356.898773
1525629541.777274	1525629541.777274	48.487396	62.330811	-356.897430
1525629541.777410	1525629541.777410	48.112762	62.330246	-357.273529
1525629541.799172	1525629541.799172	47.888351	62.479462	-357.200012
1525629541.801732	1525629541.801732	47.887680	62.329468	-357.199188
1525629541.816248	1525629541.816248	47.589294	62.703461	-357.127167
1525629541.816280	1525629541.816280	47.737457	62.328674	-356.974670
1525629541.835696	1525629541.835696	47.436890	62.252441	-356.750153
1525629541.835715	1525629541.835715	47.437225	62.327438	-356.750549
1525629541.855566	1525629541.855566	46.761948	62.250519	-356.827148
1525629541.855591	1525629541.855591	46.614731	62.850204	-356.905884
1525629541.875280	1525629541.875280	46.687714	62.400421	-356.903198
1525629541.875309	1525629541.875309	46.313644	62.624191	-356.830536
1525629541.894818	1525629541.894818	46.686386	62.174973	-356.601990
1525629541.894839	1525629541.894839	46.387512	62.324738	-357.053680
1525629541.914547	1525629541.914547	46.014572	62.848175	-356.757690
1525629541.914567	1525629541.914567	45.936569	62.098511	-357.128815
1525629541.934185	1525629541.934185	45.489532	62.772049	-357.058838
1525629541.934206	1525629541.934206	45.488754	62.547394	-357.282593
1525629541.953891	1525629541.953891	45.038666	62.545929	-357.208923
1525629541.955110	1525629541.955110	44.889633	62.695938	-357.510223
1525629541.973637	1525629541.973637	44.512039	62.169464	-357.283447
1525629541.973665	1525629541.973665	44.141068	62.993805	-357.589081
1525629541.993290	1525629541.993290	43.837524	62.242661	-357.435883
1525629541.993315	1525629541.993315	43.238083	62.316208	-357.663086
1525629542.012953	1525629542.012953	43.312866	62.316101	-357.437866
1525629542.012974	1525629542.012974	42.560272	61.639511	-357.886414
1525629542.033580	1525629542.033580	42.338898	62.463745	-357.816589
1525629542.033624	1525629542.033624	41.811905	62.086716	-357.516113
1525629542.052270	1525629542.052270	41.062729	62.234695	-357.669159
1525629542.052297	1525629542.052297	40.613998	62.533234	-357.597137
1525629542.071973	1525629542.071973	40.086105	61.856873	-357.745026
1525629542.072319	1525629542.072319	39.638611	62.380768	-357.899231
1525629542.091633	1525629542.091633	39.187439	62.154190	-357.749359
1525629542.091664	1525629542.091664	38.588486	62.451950	-357.452789
1525629542.111278	1525629542.111278	38.062881	62.300491	-357.528534
1525629542.111304	1525629542.111304	37.462036	62.148453	-357.379517
1525629542.130928	1525629542.130928	36.862640	62.296555	-357.307098
1525629542.130954	1525629542.130954	36.411057	61.994858	-357.081787
1525629542.150743	1525629542.150743	35.286652	62.141388	-357.010986
1525629542.150780	1525629542.150780	34.984650	61.765030	-356.709808
1525629542.170341	1525629542.170341	33.860840	62.061432	-356.564819
1525629542.172652	1525629542.172652	33.260010	61.909393	-356.415802
1525629542.190119	1525629542.190119	31.983185	61.604904	-355.967926
1525629542.190352	1525629542.190352	31.085434	62.201538	-355.523895
1525629542.209745	1525629542.209745	30.557571	61.599731	-355.372162
1525629542.209783	1525629542.209783	29.356171	61.370575	-354.999512
1525629542.229388	1525629542.229388	28.605103	61.217758	-354.625916
1525629542.229425	1525629542.229425	27.778290	60.914597	-354.176758
1525629542.249107	1525629542.249107	26.728500	61.060776	-353.730682
1525629542.249152	1525629542.249152	25.975601	60.532745	-353.205048
1525629542.268854	1525629542.268854	24.775467	60.603470	-352.759033
1525629542.268881	1525629542.268881	23.798508	60.299637	-352.160309
1525629542.289955	1525629542.289955	22.446991	59.995361	-352.012695
1525629542.289986	1525629542.289986	21.470169	59.691757	-351.563965
1525629542.308136	1525629542.308136	20.191406	58.937363	-351.188660
1525629542.308180	1525629542.308180	18.690598	58.857193	-350.742706
1525629542.327810	1525629542.327810	17.937500	58.254364	-350.366638
1525629542.327854	1525629542.327854	16.734711	57.650635	-350.291962
1525629542.347473	1525629542.347473	15.759140	57.572388	-350.069427
1525629542.347539	1525629542.347539	15.005081	56.670120	-350.066711
1525629542.369126	1525629542.369126	14.031082	56.892197	-350.070862
1525629542.369168	1525629542.369168	13.502090	55.990723	-350.142487
1525629542.387010	1525629542.387010	12.675171	55.612900	-349.917908
1525629542.387056	1525629542.387056	11.848389	55.235306	-349.843292
1525629542.407712	1525629542.407712	11.169830	54.408493	-349.990784
1525629542.407756	1525629542.407756	10.194473	54.330582	-349.993256
1525629542.426504	1525629542.426504	9.363953	53.053421	-350.213776
1525629542.426570	1525629542.426570	8.763641	53.051163	-349.915527
1525629542.446955	1525629542.446955	8.012131	52.748688	-349.766113
1525629542.447078	1525629542.447078	7.634720	52.147995	-350.063965
1525629542.465737	1525629542.465737	7.261185	52.521545	-349.842133
1525629542.465803	1525629542.465803	7.633926	52.072327	-349.613525
1525629542.485694	1525629542.485694	7.182877	51.920410	-349.239044
1525629542.485812	1525629542.485812	7.484344	52.295975	-349.015198
1525629542.505336	1525629542.505336	7.484375	52.370529	-348.715637
1525629542.506787	1525629542.506787	7.336334	52.819977	-348.643524
1525629542.524974	1525629542.524974	7.634079	52.370529	-348.415192
1525629542.525510	1525629542.525510	7.335205	52.669296	-348.192719
1525629542.544307	1525629542.544307	8.085770	52.746887	-348.415924
1525629542.544369	1525629542.544369	8.311935	52.972794	-348.566467
1525629542.564519	1525629542.564519	9.365631	53.726395	-348.867432
1525629542.564639	1525629542.564639	10.567413	54.105118	-348.940918
1525629542.583976	1525629542.583976	11.397568	55.232727	-349.019623
1525629542.584039	1525629542.584039	12.898407	55.387451	-349.165985
1525629542.603206	1525629542.603206	13.576599	56.064713	-349.317688
1525629542.606084	1525629542.606084	15.154846	56.819214	-349.167084
1525629542.623031	1525629542.623031	16.433243	57.573059	-349.167419
1525629542.624265	1525629542.624265	17.636215	58.251541	-349.092529
1525629542.642705	1525629542.642705	19.212479	58.481613	-349.314056
1525629542.642769	1525629542.642769	20.190231	59.159088	-349.014832
1525629542.663128	1525629542.663128	21.842758	59.689270	-349.162811
1525629542.663904	1525629542.663904	23.270142	60.218552	-349.161438
1525629542.682059	1525629542.682059	24.848419	60.898621	-349.385437
1525629542.682126	1525629542.682126	26.348892	61.052780	-349.156799
1525629542.704010	1525629542.704010	28.227448	61.808640	-349.305328
1525629542.706089	1525629542.706089	30.328323	61.890717	-349.824463
1525629542.721809	1525629542.721809	31.979431	62.120789	-349.895782
1525629542.724783	1525629542.724783	34.157913	62.877426	-349.968384
1525629542.740976	1525629542.740976	35.882828	62.807938	-350.187866
1525629542.741054	1525629542.741054	37.835098	63.264114	-350.409515
1525629542.760731	1525629542.760731	39.858810	62.895737	-350.776428
1525629542.760795	1525629542.760795	41.585068	63.126251	-350.997528
1525629542.780759	1525629542.780759	43.610352	63.207214	-350.916870
1525629542.780879	1525629542.780879	44.957733	62.611343	-350.984558
1525629542.800306	1525629542.800306	46.535309	63.066864	-351.507324
1525629542.800434	1525629542.800434	47.656982	62.245773	-351.874451
1525629542.819752	1525629542.819752	49.007339	62.324829	-351.870819
1525629542.819820	1525629542.819820	50.057541	62.253754	-352.392273
1525629542.839440	1525629542.839440	50.881088	61.881561	-352.612762
1525629542.839935	1525629542.839935	52.008682	62.410278	-352.837311
1525629542.859611	1525629542.859611	52.754379	61.437622	-352.904694
1525629542.859689	1525629542.859689	53.504501	61.365540	-353.352051
1525629542.878800	1525629542.878800	54.252899	60.992889	-353.422729
1525629542.878872	1525629542.878872	53.878860	61.142227	-353.724701
1525629542.898463	1525629542.898463	54.778351	60.995148	-353.871185
1525629542.898531	1525629542.898531	54.701630	60.545349	-354.168915
1525629542.918364	1525629542.918364	54.629593	61.220032	-354.097870
1525629542.918493	1525629542.918493	54.852936	60.771271	-354.469727
1525629542.939730	1525629542.939730	54.553207	60.845261	-354.396027
1525629542.939814	1525629542.939814	54.627792	60.770370	-354.320404
1525629542.958382	1525629542.958382	54.477005	60.545242	-354.544586
1525629542.958459	1525629542.958459	54.628799	60.995377	-354.321655
1525629542.977390	1525629542.977390	54.326767	60.544464	-354.320068
1525629542.977546	1525629542.977546	53.876999	60.543442	-354.546387
1525629542.997343	1525629542.997343	53.878006	60.768448	-354.547638
1525629542.997474	1525629542.997474	53.501160	60.392090	-354.396698
1525629543.016847	1525629543.016847	53.428940	60.992004	-354.475220
1525629543.017137	1525629543.017137	52.751678	60.539627	-354.249756
1525629543.036615	1525629543.036615	52.379227	61.138290	-354.104187
1525629543.036752	1525629543.036752	52.304230	61.138077	-354.104401
1525629543.057405	1525629543.057405	52.078735	61.062164	-353.954681
1525629543.057517	1525629543.057517	52.754349	61.214081	-353.878448
1525629543.075786	1525629543.075786	53.651764	60.542435	-354.322083
1525629543.075861	1525629543.075861	55.077301	60.547501	-354.842834
1525629543.095689	1525629543.095689	55.825562	60.025635	-355.437714
1525629543.095767	1525629543.095767	55.226074	60.173615	-355.290314
1525629543.115188	1525629543.115188	54.477936	60.621155	-355.145020
1525629543.115410	1525629543.115410	53.352036	60.467438	-354.922546
1525629543.134933	1525629543.134933	51.929901	61.137955	-354.780518
1525629543.135208	1525629543.135208	51.254227	60.985931	-354.781708
1525629543.157032	1525629543.157032	50.429474	60.909363	-355.383759
1525629543.157159	1525629543.157159	49.980713	61.133362	-355.611328
1525629543.174291	1525629543.174291	49.078720	60.606216	-355.986176
1525629543.175857	1525629543.175857	48.931381	61.131226	-356.289490
1525629543.193739	1525629543.193739	48.480209	60.904648	-356.139587
1525629543.193870	1525629543.193870	47.881104	61.053192	-356.367218
1525629543.213430	1525629543.213430	47.880173	60.828308	-356.440979
1525629543.213564	1525629543.213564	47.504898	60.752289	-356.516693
1525629543.233145	1525629543.233145	47.131805	61.126511	-356.744873
1525629543.233280	1525629543.233280	46.679703	60.675049	-356.668732
1525629543.252833	1525629543.252833	46.305084	60.674484	-357.044861
1525629543.252966	1525629543.252966	46.980347	60.751389	-356.968262
1525629543.272344	1525629543.272344	46.381317	60.900055	-357.270874
1525629543.273650	1525629543.273650	46.307343	61.124832	-357.272339
1525629543.292130	1525629543.292130	45.854294	60.448471	-357.269958
1525629543.292884	1525629543.292884	45.482147	61.047577	-357.424377
1525629543.312030	1525629543.312030	45.480942	60.747803	-357.572723
1525629543.312161	1525629543.312161	44.880600	60.671005	-357.574097
1525629543.331587	1525629543.331587	44.583176	61.195450	-357.802887
1525629543.331719	1525629543.331719	44.055740	60.668762	-357.726593
1525629543.351229	1525629543.351229	43.832764	61.118088	-357.729736
1525629543.351348	1525629543.351348	43.606064	60.742416	-357.728333
1525629543.371290	1525629543.371290	43.380768	60.741287	-357.428986
1525629543.376036	1525629543.376036	43.681412	60.817642	-357.728516
1525629543.391783	1525629543.391783	43.305878	60.666733	-357.878815
1525629543.391937	1525629543.391937	43.081741	60.890839	-357.730713
1525629543.410265	1525629543.410265	43.081024	60.666290	-358.029480
1525629543.410382	1525629543.410382	42.481277	60.739380	-357.956665
1525629543.429915	1525629543.429915	42.405945	60.664154	-357.956482
1525629543.430043	1525629543.430043	42.255188	60.513580	-357.881134
1525629543.450017	1525629543.450017	42.031921	60.813477	-358.258453
1525629543.450141	1525629543.450141	41.578979	60.211792	-358.031494
1525629543.469343	1525629543.469343	41.506393	60.662140	-358.409180
1525629543.469465	1525629543.469465	41.206116	60.586349	-358.484680
1525629543.488761	1525629543.488761	40.906189	60.585556	-358.560547
1525629543.494624	1525629543.494624	40.680740	60.435226	-358.785400
1525629543.508556	1525629543.508556	40.528381	59.909760	-358.782959
1525629543.512046	1525629543.512046	40.305481	60.359207	-358.861115
1525629543.528295	1525629543.528295	40.304535	60.134308	-358.934875
1525629543.528418	1525629543.528418	40.004578	60.058975	-359.310364
1525629543.547992	1525629543.547992	40.154770	60.134201	-359.160339
1525629543.548121	1525629543.548121	39.702393	59.607849	-359.158783
1525629543.567723	1525629543.567723	39.404343	60.056839	-359.087128
1525629543.567851	1525629543.567851	39.478226	59.757401	-359.310272
1525629543.587301	1525629543.587301	38.952881	59.680832	-359.311432
1525629543.589823	1525629543.589823	38.953629	59.830933	-359.387268
1525629543.607207	1525629543.607207	38.652420	59.530273	-359.536499
1525629543.607279	1525629543.607279	38.203842	59.829025	-359.614502
1525629543.628536	1525629543.628536	37.675049	59.002335	-359.536530
1525629543.628642	1525629543.628642	37.077332	59.525436	-359.466187
1525629543.646620	1525629543.646620	36.702744	59.599426	-359.542725
1525629543.646704	1525629543.646704	35.651306	59.296158	-359.469208
1525629543.665956	1525629543.665956	35.201813	59.444595	-359.321381
1525629543.666078	1525629543.666078	34.824600	58.918671	-359.469604
1525629543.685848	1525629543.685848	33.850723	59.215424	-359.249207
1525629543.685975	1525629543.685975	33.625107	59.064865	-359.324036
1525629543.705964	1525629543.705964	32.798752	58.762390	-359.324829
1525629543.706079	1525629543.706079	33.024963	59.062836	-359.175812
1525629543.725086	1525629543.725086	32.273102	58.685364	-359.026001
1525629543.726146	1525629543.726146	32.049530	58.984802	-359.103302
1525629543.744749	1525629543.744749	31.748962	58.908569	-358.878815
1525629543.744964	1525629543.744964	30.848801	58.905640	-358.731476
1525629543.764402	1525629543.764402	30.697906	58.754852	-358.506134
1525629543.764510	1525629543.764510	29.870712	58.302155	-358.356079
1525629543.794506	1525629543.794506	29.422440	58.750366	-358.059906
1525629543.794555	1525629543.794555	28.744766	58.222870	-357.759064
1525629543.803732	1525629543.803732	28.070724	58.520294	-357.387726
1525629543.803843	1525629543.803843	27.544403	58.293259	-357.088043
1525629543.823631	1525629543.823631	26.492783	57.915222	-357.164124
1525629543.823754	1525629543.823754	26.043152	58.063431	-356.866272
1525629543.843705	1525629543.843705	25.290131	57.460724	-356.565216
1525629543.843831	1525629543.843831	24.240387	57.681442	-355.819611
1525629543.862872	1525629543.862872	23.714279	57.454758	-355.744873
1525629543.863009	1525629543.863009	22.961685	56.927170	-355.519257
1525629543.882740	1525629543.882740	22.287735	57.224701	-355.222900
1525629543.884053	1525629543.884053	22.209229	56.548782	-354.769440
1525629543.902185	1525629543.902185	21.460129	56.845871	-354.323334
1525629543.902313	1525629543.902313	21.159714	56.769852	-354.248779
1525629543.921650	1525629543.921650	20.257553	56.391479	-353.799438
1525629543.921765	1525629543.921765	19.882324	56.390015	-353.575562
1525629543.943463	1525629543.943463	19.429321	55.788193	-353.273621
1525629543.943719	1525629543.943719	18.155197	56.083710	-352.829041
1525629543.961112	1525629543.961112	17.851257	55.257462	-352.600403
1525629543.961296	1525629543.961296	16.799286	54.953400	-352.001892
1525629543.980805	1525629543.980805	16.499542	55.027390	-351.928223
1525629543.980938	1525629543.980938	15.596115	54.349121	-351.552185
1525629544.000490	1525629544.000490	14.995773	54.272324	-351.553589
1525629544.000617	1525629544.000617	14.393356	53.819946	-351.177887
1525629544.020380	1525629544.020380	13.717194	53.592697	-351.028687
1525629544.023422	1525629544.023422	13.191696	53.515900	-350.879822
1525629544.039844	1525629544.039844	12.664856	53.139084	-350.729340
1525629544.041006	1525629544.041006	12.289963	53.212631	-350.505859
1525629544.059430	1525629544.059430	12.286240	52.387604	-350.501343
1525629544.060290	1525629544.060290	11.537064	52.535599	-350.654419
1525629544.079062	1525629544.079062	11.385635	52.235031	-350.578217
1525629544.079128	1525629544.079128	11.158783	51.859116	-350.426819
1525629544.098985	1525629544.098985	11.008789	51.858658	-350.427277
1525629544.099111	1525629544.099111	10.630814	51.182648	-350.499664
1525629544.118724	1525629544.118724	9.731140	51.254944	-350.502777
1525629544.118844	1525629544.118844	9.353882	50.803482	-350.276428
1525629544.138236	1525629544.138236	8.675690	50.126221	-350.124725
1525629544.138351	1525629544.138351	8.376053	50.274872	-349.826416
1525629544.158047	1525629544.158047	7.921921	49.373383	-349.747803
1525629544.160559	1525629544.160559	7.096909	49.370911	-349.750275
1525629544.177547	1525629544.177547	7.318390	48.621353	-349.595490
1525629544.177952	1525629544.177952	6.568146	48.618759	-349.372742
1525629544.197240	1525629544.197240	6.342239	48.467743	-349.147614
1525629544.197360	1525629544.197360	6.190140	48.017166	-349.070557
1525629544.217062	1525629544.217062	5.138809	47.788574	-348.772491
1525629544.217187	1525629544.217187	4.983749	46.663101	-348.766754
1525629544.236655	1525629544.236655	4.007599	46.509506	-348.318817
1525629544.236794	1525629544.236794	3.705200	45.909042	-348.616425
1525629544.256215	1525629544.256215	3.100494	44.931763	-348.312866
1525629544.256808	1525629544.256808	2.725342	44.930420	-348.164001
1525629544.276009	1525629544.276009	2.571060	44.029617	-347.934509
1525629544.276123	1525629544.276123	1.896729	44.326584	-347.263184
1525629544.295380	1525629544.295380	2.195633	44.102371	-347.186035
1525629544.295909	1525629544.295909	2.270157	44.027359	-347.035400
1525629544.315456	1525629544.315456	2.421951	44.477478	-346.812408
1525629544.315582	1525629544.315582	2.497101	44.477936	-346.962189
1525629544.334979	1525629544.334979	2.349060	44.927383	-346.890106
1525629544.335095	1525629544.335095	2.799286	44.929062	-347.113739
1525629544.354875	1525629544.354875	3.175308	45.155197	-347.113861
1525629544.357904	1525629544.357904	4.003662	45.833130	-347.415131
1525629544.374380	1525629544.374380	4.604828	46.060150	-347.564575
1525629544.374495	1525629544.374495	5.510727	47.338120	-347.718872
1525629544.393908	1525629544.393908	6.788605	47.942169	-347.868347
1525629544.394399	1525629544.394399	7.766998	48.695099	-347.869568
1525629544.413837	1525629544.413837	9.122269	49.898956	-347.722107
1525629544.414128	1525629544.414128	10.625549	50.578796	-347.946350
1525629544.433791	1525629544.433791	11.756332	51.931747	-347.650421
1525629544.433878	1525629544.433878	13.783905	52.537598	-347.497650
1525629544.453605	1525629544.453605	15.438278	53.591995	-347.123474
1525629544.453680	1525629544.453680	17.167358	54.497192	-347.123260
1525629544.472489	1525629544.472489	18.894745	55.027359	-347.121002
1525629544.472530	1525629544.472530	20.772507	55.707550	-346.819122
1525629544.492722	1525629544.492722	22.423828	55.937943	-347.115417
1525629544.492800	1525629544.492800	24.304489	57.143921	-347.341431
1525629544.512409	1525629544.512409	26.479889	57.151001	-347.709930
1525629544.512570	1525629544.512570	28.808853	57.983322	-347.932526
1525629544.532048	1525629544.532048	31.586212	58.442093	-348.226715
1525629544.532302	1525629544.532302	34.287598	58.601212	-348.894501
1525629544.551270	1525629544.551270	36.763794	58.833847	-349.038330
1525629544.551341	1525629544.551341	39.239822	58.917282	-349.706360
1525629544.571227	1525629544.571227	41.712906	58.474792	-349.771515
1525629544.572202	1525629544.572202	44.261627	58.107986	-350.136871
1525629544.591154	1525629544.591154	46.135147	57.664383	-350.653809
1525629544.592359	1525629544.592359	48.610992	57.822037	-350.797241
1525629544.610421	1525629544.610421	50.182220	56.852631	-351.387207
1525629544.610556	1525629544.610556	51.606796	56.707230	-351.607117
1525629544.630395	1525629544.630395	53.478775	55.888840	-352.272003
1525629544.630519	1525629544.630519	54.376083	55.291534	-352.266022
1525629544.650058	1525629544.650058	55.576553	55.295792	-352.712463
1525629544.650182	1525629544.650182	56.398056	54.473587	-352.930481
1525629544.669740	1525629544.669740	57.298721	54.551743	-353.228180
1525629544.669870	1525629544.669870	57.744781	53.578735	-353.671509
1525629544.689736	1525629544.689736	57.669998	53.578857	-353.896729
1525629544.689855	1525629544.689855	58.493958	53.281769	-354.192627
1525629544.708641	1525629544.708641	58.266220	52.606537	-354.489563
1525629544.708717	1525629544.708717	58.642273	52.758224	-354.864288
1525629544.728703	1525629544.728703	58.190887	52.382324	-355.163574
1525629544.728833	1525629544.728833	57.892380	52.681656	-355.316101
1525629544.748456	1525629544.748456	57.442230	52.680069	-355.167450
1525629544.748580	1525629544.748580	56.992218	52.678726	-355.168793
1525629544.768036	1525629544.768036	56.394028	53.126602	-354.948059
1525629544.768163	1525629544.768163	56.016495	52.600235	-354.796295
1525629544.790834	1525629544.790834	55.417953	52.973114	-354.575134
1525629544.790968	1525629544.790968	55.418671	53.197678	-354.276398
1525629544.807455	1525629544.807455	55.417419	52.972321	-354.050140
1525629544.808566	1525629544.808566	56.991760	52.827042	-354.044617
1525629544.826807	1525629544.826807	58.711655	51.707077	-353.958282
1525629544.826874	1525629544.826874	60.586136	51.562912	-354.101868
1525629544.846814	1525629544.846814	61.633148	50.965591	-353.795471
1525629544.846933	1525629544.846933	61.258820	51.114471	-353.797394
1525629544.866556	1525629544.866556	60.810837	51.563141	-353.801208
1525629544.866678	1525629544.866678	59.236160	51.633423	-353.806335
1525629544.886159	1525629544.886159	57.965088	52.454956	-354.039673
1525629544.886286	1525629544.886286	56.989624	52.302368	-354.266754
1525629544.905821	1525629544.905821	56.241425	52.600800	-354.720612
1525629544.906949	1525629544.906949	55.867661	52.825027	-354.947968
1525629544.925541	1525629544.925541	55.490738	52.448563	-354.722046
1525629544.926515	1525629544.926515	55.794098	53.124924	-355.024872
1525629544.945291	1525629544.945291	55.565628	52.374115	-354.946411
1525629544.945412	1525629544.945412	54.966721	52.597443	-355.024445
1525629544.964900	1525629544.964900	54.593323	52.971207	-354.952606
1525629544.965028	1525629544.965028	54.142532	52.745193	-355.177704
1525629544.984527	1525629544.984527	53.545151	53.343292	-355.107788
1525629544.984655	1525629544.984655	53.093948	53.042175	-355.257477
1525629545.004065	1525629545.004065	52.570404	53.415268	-355.036133
1525629545.006583	1525629545.006583	52.569366	53.115707	-355.334473
1525629545.023918	1525629545.023918	52.269989	53.190262	-355.635773
1525629545.023989	1525629545.023989	52.721237	53.416962	-355.860687
1525629545.043930	1525629545.043930	52.268188	52.740601	-355.858337
1525629545.043978	1525629545.043978	52.495224	53.191269	-355.860138
1525629545.063475	1525629545.063475	52.270828	53.340500	-355.786652
1525629545.063592	1525629545.063592	51.969208	52.964691	-355.860474
1525629545.083291	1525629545.083291	51.820206	53.189255	-355.862152
1525629545.083407	1525629545.083407	51.218933	52.887558	-355.937286
1525629545.102894	1525629545.102894	51.146820	53.562134	-355.791229
1525629545.103105	1525629545.103105	51.070099	53.112350	-356.088989
1525629545.122124	1525629545.122124	50.171631	53.484436	-355.943726
1525629545.122202	1525629545.122202	50.247040	53.559769	-356.018890
1525629545.142877	1525629545.142877	49.869675	53.033630	-356.017120
1525629545.142965	1525629545.142965	49.723007	53.857635	-355.647064
1525629545.161395	1525629545.161395	49.646439	53.408081	-356.094879
1525629545.161519	1525629545.161519	49.346436	53.407181	-356.095764
1525629545.181927	1525629545.181927	49.346695	53.482071	-356.021179
1525629545.182037	1525629545.182037	49.121246	53.331726	-356.246033
1525629545.201410	1525629545.201410	49.422897	53.782074	-355.872589
1525629545.201485	1525629545.201485	49.195419	53.181732	-356.094971
1525629545.220774	1525629545.220774	48.746536	53.480057	-355.872955
1525629545.222864	1525629545.222864	48.971542	53.480728	-355.872284
1525629545.240769	1525629545.240769	48.445511	53.254150	-355.872620
1525629545.242832	1525629545.242832	48.671539	53.479828	-355.873199
1525629545.259636	1525629545.259636	48.295776	53.328583	-355.798492
1525629545.259709	1525629545.259709	47.922134	53.627472	-355.801270
1525629545.279829	1525629545.279829	47.697128	53.626801	-355.801941
1525629545.279958	1525629545.279958	46.947037	53.624435	-355.729156
1525629545.299449	1525629545.299449	47.097229	53.699661	-355.579102
1525629545.299580	1525629545.299580	46.421280	53.472748	-355.654877
1525629545.319256	1525629545.319256	46.272903	53.847198	-355.582397
1525629545.319374	1525629545.319374	46.347626	53.772537	-355.656738
1525629545.338441	1525629545.338441	45.746460	53.545502	-355.507294
1525629545.338904	1525629545.338904	45.897064	53.695847	-355.432678
1525629545.358705	1525629545.358705	45.521454	53.544830	-355.507965
1525629545.358846	1525629545.358846	45.147995	53.918488	-355.361145
1525629545.378311	1525629545.378311	44.995697	53.393143	-355.433716
1525629545.378570	1525629545.378570	44.548508	54.066467	-355.213776
1525629545.397943	1525629545.397943	44.772354	53.841904	-355.061859
1525629545.398058	1525629545.398058	44.321671	53.690552	-355.062378
1525629545.417095	1525629545.417095	43.572937	53.988205	-354.991272
1525629545.417164	1525629545.417164	43.571442	53.687973	-354.839630
1525629545.436749	1525629545.436749	42.897263	53.836182	-354.992462
1525629545.438252	1525629545.438252	42.821350	53.685608	-354.766846
1525629545.456684	1525629545.456684	41.995407	53.458252	-354.843079
1525629545.457770	1525629545.457770	41.698212	54.132034	-354.622681
1525629545.476504	1525629545.476504	41.620438	53.531677	-354.544586
1525629545.476632	1525629545.476632	41.022125	53.904892	-354.548431
1525629545.496248	1525629545.496248	41.021149	53.754440	-354.247620
1525629545.496377	1525629545.496377	40.196060	53.751846	-354.175079
1525629545.515789	1525629545.515789	39.821609	53.975052	-353.727448
1525629545.515914	1525629545.515914	38.994583	53.522568	-353.727448
1525629545.535645	1525629545.535645	38.396225	53.970215	-353.356720
1525629545.535841	1525629545.535841	38.020172	53.818542	-352.981995
1525629545.555144	1525629545.555144	37.044174	53.665161	-352.684082
1525629545.555259	1525629545.555259	36.294022	53.662689	-352.536316
1525629545.574879	1525629545.574879	35.391800	53.284195	-352.011932
1525629545.575845	1525629545.575845	34.867828	53.582169	-351.715179
1525629545.594385	1525629545.594385	34.040878	53.129807	-351.790131
1525629545.594509	1525629545.594509	32.991577	53.351227	-351.494537
1525629545.614368	1525629545.614368	32.466187	53.349075	-351.121094
1525629545.614496	1525629545.614496	31.638031	52.745926	-350.670258
1525629545.634036	1525629545.634036	30.965942	53.493240	-350.226410
1525629545.634163	1525629545.634163	30.287476	52.741089	-350.149292
1525629545.653489	1525629545.653489	29.464233	53.262726	-349.554596
1525629545.653604	1525629545.653604	28.787048	52.810471	-349.404144
1525629545.673309	1525629545.673309	27.585037	52.431412	-349.105682
1525629545.673424	1525629545.673424	26.834808	52.428818	-348.882904
1525629545.692833	1525629545.692833	26.232407	51.976456	-348.507233
1525629545.692937	1525629545.692937	25.182236	51.973099	-348.360352
1525629545.713671	1525629545.713671	24.430725	51.670609	-348.210938
1525629545.713718	1525629545.713718	23.229660	51.516449	-347.838684
1525629545.732293	1525629545.732293	22.403336	51.288513	-347.539917
1525629545.732386	1525629545.732386	21.574158	50.460358	-347.087860
1525629545.752017	1525629545.752017	20.074509	50.605408	-346.793152
1525629545.752132	1525629545.752132	19.395218	49.703033	-346.565247
1525629545.771757	1525629545.771757	17.819672	49.697525	-346.044922
1525629545.771847	1525629545.771847	17.066101	49.019470	-345.518463
1525629545.793110	1525629545.793110	15.788193	48.489853	-344.994415
1525629545.793210	1525629545.793210	14.285767	48.034790	-344.621399
1525629545.810833	1525629545.810833	13.305542	46.906616	-344.468140
1525629545.810955	1525629545.810955	12.176620	46.152451	-343.942352
1525629545.830811	1525629545.830811	11.124512	45.699173	-343.868011
1525629545.830933	1525629545.830933	10.221313	45.021240	-343.716980
1525629545.850370	1525629545.850370	9.696411	44.945343	-344.168152
1525629545.850490	1525629545.850490	10.145477	44.721802	-344.240570
1525629545.870532	1525629545.870532	9.924347	45.546356	-344.395782
1525629545.870606	1525629545.870606	10.902206	46.149521	-344.546173
1525629545.889879	1525629545.889879	11.579361	46.527237	-344.996246
1525629545.889953	1525629545.889953	13.160797	47.956985	-344.999359
1525629545.909713	1525629545.909713	14.436935	48.260468	-344.772186
1525629545.909791	1525629545.909791	14.967804	49.611740	-344.553040
1525629545.929338	1525629545.929338	15.943222	49.689774	-344.625549
1525629545.929593	1525629545.929593	16.021149	50.439331	-344.179382
1525629545.948913	1525629545.948913	16.471710	50.665009	-343.729279
1525629545.949155	1525629545.949155	16.773148	50.966019	-343.805023
1525629545.968519	1525629545.968519	16.850067	51.490585	-343.357666
1525629545.968646	1525629545.968646	18.200607	51.644409	-343.204468
1525629545.989252	1525629545.989252	18.427734	52.169754	-342.981689
1525629545.989383	1525629545.989383	19.630310	52.773132	-342.831390
1525629546.007847	1525629546.007847	21.059143	53.677094	-342.607086
1525629546.008282	1525629546.008282	22.489243	54.806381	-342.609009
1525629546.027367	1525629546.027367	24.516434	55.262680	-342.755463
1525629546.027491	1525629546.027491	25.869568	55.941864	-342.830109
1525629546.047026	1525629546.047026	28.350220	57.149628	-343.054321
1525629546.047096	1525629546.047096	30.078247	57.755264	-343.352448
1525629546.066953	1525629546.066953	32.181015	58.287125	-343.724060
1525629546.067080	1525629546.067080	34.508179	58.669785	-344.169189
1525629546.086557	1525629546.086557	36.389175	59.950760	-344.395599
1525629546.089094	1525629546.089094	38.639725	59.958282	-344.913910
1525629546.106158	1525629546.106158	40.441818	60.339249	-345.285614
1525629546.106704	1525629546.106704	42.392929	60.421219	-346.030212
1525629546.127108	1525629546.127108	44.493668	60.503082	-346.399353
1525629546.127236	1525629546.127236	46.295303	60.734375	-346.995209
1525629546.145698	1525629546.145698	48.243744	60.290894	-347.436920
1525629546.145826	1525629546.145826	50.194290	60.297516	-347.956116
1525629546.164874	1525629546.164874	52.594849	60.305496	-348.473938
1525629546.164947	1525629546.164947	54.393784	59.936783	-349.066528
1525629546.185029	1525629546.185029	56.569077	59.869202	-349.659607
1525629546.185156	1525629546.185156	58.364563	58.750351	-350.173126
1525629546.205591	1525629546.205591	60.314529	58.681641	-350.466858
1525629546.209090	1525629546.209090	61.888916	58.461914	-350.835938
1525629546.223954	1525629546.223954	63.009583	57.415833	-351.201813
1525629546.224021	1525629546.224021	64.884064	57.271667	-351.345398
1525629546.244062	1525629546.244062	65.556000	56.524124	-351.639282
1525629546.244183	1525629546.244183	66.682266	56.752838	-351.862152
1525629546.263687	1525629546.263687	67.279938	56.155197	-352.232056
1525629546.263809	1525629546.263809	67.879501	56.007324	-352.454437
1525629546.283558	1525629546.283558	68.330292	56.084351	-352.903534
1525629546.283667	1525629546.283667	67.879944	56.007996	-352.904449
1525629546.302904	1525629546.302904	68.481415	56.235474	-353.353882
1525629546.303029	1525629546.303029	67.956940	56.383682	-353.206299
1525629546.322985	1525629546.322985	67.432648	56.606659	-352.909088
1525629546.323096	1525629546.323096	67.358841	56.906219	-352.760986
1525629546.342360	1525629546.342360	66.759552	57.128967	-352.463989
1525629546.342482	1525629546.342482	66.236191	57.576843	-352.093018
1525629546.361990	1525629546.361990	65.861572	57.725281	-351.794983
1525629546.362109	1525629546.362109	65.862427	58.099045	-350.972015
1525629546.381718	1525629546.381718	65.936371	57.948700	-350.595978
1525629546.381833	1525629546.381833	66.983521	57.351608	-350.439545
1525629546.401350	1525629546.401350	68.634003	57.506226	-350.210449
1525629546.401465	1525629546.401465	69.753784	56.384338	-350.050934
1525629546.421522	1525629546.421522	70.801620	55.937256	-349.895294
1525629546.421597	1525629546.421597	71.026062	55.862579	-349.669220
1525629546.440830	1525629546.440830	70.053864	56.534332	-349.450806
1525629546.440904	1525629546.440904	69.231064	57.056656	-349.306152
1525629546.460803	1525629546.460803	67.658829	57.652069	-349.389160
1525629546.460877	1525629546.460877	67.061035	58.175049	-349.243805
1525629546.480626	1525629546.480626	66.687424	58.399490	-349.621155
1525629546.480703	1525629546.480703	66.236145	58.098251	-349.695862
1525629546.500364	1525629546.500364	66.238022	58.399048	-350.222534
1525629546.500473	1525629546.500473	65.863510	58.473160	-350.374054
1525629546.519449	1525629546.519449	65.565536	58.922256	-350.377441
1525629546.520050	1525629546.520050	65.338852	58.546585	-350.376038
1525629546.539205	1525629546.539205	64.516312	59.143784	-350.156830
1525629546.539281	1525629546.539281	63.991821	59.291992	-350.009186
1525629546.558816	1525629546.558816	63.392426	59.440079	-349.936798
1525629546.558891	1525629546.558891	63.244110	59.814636	-349.939301
1525629546.580119	1525629546.580119	62.943542	59.738403	-349.714783
1525629546.580192	1525629546.580192	62.794220	59.887955	-349.716034
1525629546.598543	1525629546.598543	63.093124	59.663742	-349.638885
1525629546.598615	1525629546.598615	62.867447	59.513062	-349.638733
1525629546.621465	1525629546.621465	63.244110	59.814636	-349.939301
1525629546.621582	1525629546.621582	62.717682	59.512955	-349.864197
1525629546.637889	1525629546.637889	62.270554	60.186386	-349.719238
1525629546.638000	1525629546.638000	61.895325	60.035934	-350.169586
1525629546.657167	1525629546.657167	61.147308	60.558136	-349.799683
1525629546.657753	1525629546.657753	60.773468	60.782257	-349.952026
1525629546.676862	1525629546.676862	60.472458	60.556351	-349.951691
1525629546.676974	1525629546.676974	60.249329	61.005463	-349.804840
1525629546.696747	1525629546.696747	60.174225	60.930573	-350.029663
1525629546.696859	1525629546.696859	59.498871	60.853546	-350.031250
1525629546.716209	1525629546.716209	59.199615	61.002762	-350.107971
1525629546.716322	1525629546.716322	58.974060	60.926743	-349.883209
1525629546.735923	1525629546.735923	58.900146	61.151642	-349.959686
1525629546.736033	1525629546.736033	59.049393	61.001968	-349.883392
1525629546.755563	1525629546.755563	58.601349	61.450531	-349.812225
1525629546.755675	1525629546.755675	58.600479	61.225739	-349.960999
1525629546.775349	1525629546.775349	58.375412	61.224960	-349.886658
1525629546.775460	1525629546.775460	58.152420	61.674286	-349.889771
1525629546.794785	1525629546.794785	58.150406	61.224274	-349.887329
1525629546.794899	1525629546.794899	58.076263	61.448837	-349.738770
1525629546.814588	1525629546.814588	58.076187	61.448730	-349.663757
1525629546.814700	1525629546.814700	57.626190	61.447372	-349.665100
1525629546.834291	1525629546.834291	57.251816	61.521713	-349.966644
1525629546.834402	1525629546.834402	57.101334	61.446030	-349.816711
1525629546.853954	1525629546.853954	57.178284	61.896149	-349.743927
1525629546.854064	1525629546.854064	56.876251	61.445236	-349.742371
1525629546.873814	1525629546.873814	56.426239	61.443893	-349.743713
1525629546.873925	1525629546.873925	56.352448	61.743454	-349.595581
1525629546.893335	1525629546.893335	56.127106	61.667770	-349.595825
1525629546.893447	1525629546.893447	56.053345	61.892899	-349.822296
1525629546.912955	1525629546.912955	55.826996	61.592209	-349.821320
1525629546.913066	1525629546.913066	55.528305	61.816772	-350.123474
1525629546.933014	1525629546.933014	55.603897	61.966888	-350.049072
1525629546.933128	1525629546.933128	55.528564	61.891663	-350.048889
1525629546.953912	1525629546.953912	55.305069	62.191223	-350.201202
1525629546.954027	1525629546.954027	55.228043	61.740982	-350.198975
1525629546.972024	1525629546.972024	54.779877	62.114868	-350.352356
1525629546.972137	1525629546.972137	55.229721	62.115997	-350.201019
1525629546.991712	1525629546.991712	54.554047	61.963959	-350.202209
1525629546.991823	1525629546.991823	54.405136	62.188644	-350.278870
1525629547.011550	1525629547.011550	54.179947	62.113190	-350.429138
1525629547.011667	1525629547.011667	53.805878	62.336960	-350.356506
1525629547.031092	1525629547.031092	53.656616	62.486618	-350.432770
1525629547.031204	1525629547.031204	53.057816	62.784607	-350.286194
1525629547.051193	1525629547.051193	52.833786	62.934387	-350.587708
1525629547.051307	1525629547.051307	52.455261	62.183014	-350.434692
1525629547.070441	1525629547.070441	51.858063	62.855896	-350.215210
1525629547.070553	1525629547.070553	51.633224	62.855453	-350.365875
1525629547.090127	1525629547.090127	50.808990	63.077652	-350.144562
1525629547.090237	1525629547.090237	50.584183	63.151749	-349.995636
1525629547.109721	1525629547.109721	49.907364	62.849045	-349.545990
1525629547.109826	1525629547.109826	49.460403	63.522705	-349.551025
1525629547.129555	1525629547.129555	48.933212	63.070892	-349.400146
1525629547.129973	1525629547.129973	48.109375	63.442642	-348.879669
1525629547.149257	1525629547.149257	48.259476	63.517761	-348.654602
1525629547.149329	1525629547.149329	47.583832	63.440292	-348.356232
1525629547.169214	1525629547.169214	46.909210	63.587814	-348.059052
1525629547.169285	1525629547.169285	46.459122	63.586365	-347.985413
1525629547.188903	1525629547.188903	45.711029	64.108444	-347.540527
1525629547.189014	1525629547.189014	45.261017	64.107101	-347.541870
1525629547.209510	1525629547.209510	44.285568	64.103500	-347.094757
1525629547.209624	1525629547.209624	43.535812	64.176147	-347.022430
1525629547.227759	1525629547.227759	42.784760	64.023331	-346.648834
1525629547.227863	1525629547.227863	42.185547	64.246201	-346.426849
1525629547.247747	1525629547.247747	41.059357	64.017593	-346.278992
1525629547.247822	1525629547.247822	40.009308	64.088898	-345.907532
1525629547.267561	1525629547.267561	39.409485	64.161865	-345.759735
1525629547.267633	1525629547.267633	38.432404	63.783371	-345.385590
1525629547.288719	1525629547.288719	37.158783	64.154114	-345.091431
1525629547.288797	1525629547.288797	36.334229	64.301315	-344.869720
1525629547.307267	1525629547.307267	35.657303	63.923935	-344.644684
1525629547.307340	1525629547.307340	34.907410	63.996353	-344.422302
1525629547.326611	1525629547.326611	34.156311	63.768997	-344.348297
1525629547.326724	1525629547.326724	33.108353	64.290405	-344.054321
1525629547.346981	1525629547.346981	32.505569	63.688477	-343.977814
1525629547.347197	1525629547.347197	31.605453	63.760117	-343.530914
1525629547.365614	1525629547.365614	30.930588	63.758316	-343.682922
1525629547.365725	1525629547.365725	30.253250	63.305832	-343.382446
1525629547.385301	1525629547.385301	29.279785	63.677704	-343.237427
1525629547.385413	1525629547.385413	28.677902	63.226120	-343.386749
1525629547.404847	1525629547.404847	28.227600	63.224319	-343.088104
1525629547.404959	1525629547.404959	28.453720	63.375671	-343.538269
1525629547.424667	1525629547.424667	28.529922	63.675674	-343.389648
1525629547.424777	1525629547.424777	29.205612	63.827698	-343.388458
1525629547.444401	1525629547.444401	30.480774	63.831741	-343.534698
1525629547.444514	1525629547.444514	31.684845	64.735352	-343.536041
1525629547.464327	1525629547.464327	33.262451	65.265427	-343.759216
1525629547.464550	1525629547.464550	34.687805	65.344696	-343.755371
1525629547.483878	1525629547.483878	35.816345	66.098312	-343.906158
1525629547.483989	1525629547.483989	37.316360	66.102814	-343.901672
1525629547.503559	1525629547.503559	38.143250	66.555069	-343.751648
1525629547.503672	1525629547.503672	39.794846	66.860352	-343.973389
1525629547.523209	1525629547.523209	41.070801	67.089066	-343.895844
1525629547.523319	1525629547.523319	43.397400	67.396362	-344.115509
1525629547.542915	1525629547.542915	45.272491	67.402100	-344.184937
1525629547.543028	1525629547.543028	46.924393	67.707840	-344.706696
1525629547.562344	1525629547.562344	49.023483	67.489243	-344.774200
1525629547.562454	1525629547.562454	50.750641	67.870087	-345.221100
1525629547.582376	1525629547.582376	53.150513	67.728058	-345.738129
1525629547.582491	1525629547.582491	55.099258	67.434006	-345.805634
1525629547.601675	1525629547.601675	56.974991	67.515198	-346.175476
1525629547.601775	1525629547.601775	58.772766	66.921249	-346.616821
1525629547.620952	1525629547.620952	60.499466	67.301422	-346.613708
1525629547.620993	1525629547.620993	62.221909	66.632248	-347.054840
1525629547.640661	1525629547.640661	63.120377	66.260162	-347.200134
1525629547.640706	1525629547.640706	64.546219	66.414658	-347.346710
1525629547.660337	1525629547.660337	65.292877	65.741440	-347.040741
1525629547.660380	1525629547.660380	65.969437	66.118256	-346.890778
1525629547.680193	1525629547.680193	67.166214	65.372055	-347.033081
1525629547.680315	1525629547.680315	67.465698	65.223175	-347.181396
1525629547.703972	1525629547.703972	68.290588	65.150986	-347.403503
1525629547.704849	1525629547.704849	68.289276	64.925537	-347.102264
1525629547.719900	1525629547.719900	67.991150	65.374405	-346.955658
1525629547.720010	1525629547.720010	67.689346	64.923843	-347.179077
1525629547.739537	1525629547.739537	67.540131	65.148056	-346.955750
1525629547.739714	1525629547.739714	67.915207	65.149292	-347.029602
1525629547.759225	1525629547.759225	68.139648	64.925644	-347.477722
1525629547.759335	1525629547.759335	69.113052	64.553665	-347.547760
1525629547.778908	1525629547.778908	69.710495	63.955673	-347.692688
1525629547.779019	1525629547.779019	70.385239	63.882797	-347.765228
1525629547.798600	1525629547.798600	71.059235	63.659821	-347.761993
1525629547.798711	1525629547.798711	70.683929	63.509262	-348.137299
1525629547.818301	1525629547.818301	70.536179	63.959152	-348.365204
1525629547.818374	1525629547.818374	70.085175	63.732803	-348.365326
1525629547.838103	1525629547.838103	69.187592	64.255234	-348.445892
1525629547.838175	1525629547.838175	69.262146	64.105789	-348.669861
1525629547.858196	1525629547.858196	69.261963	64.031021	-348.819427
1525629547.858268	1525629547.858268	69.712234	64.107254	-348.743500
1525629547.877622	1525629547.877622	69.859268	63.432800	-348.814362
1525629547.877697	1525629547.877697	70.385590	63.659836	-349.114014
1525629547.897594	1525629547.897594	70.908157	63.136276	-349.034576
1525629547.897814	1525629547.897814	71.057480	62.986725	-349.033325
1525629547.917238	1525629547.917238	71.508881	63.213638	-349.408203
1525629547.917354	1525629547.917354	71.506851	62.763626	-349.405731
1525629547.937210	1525629547.937210	71.434738	63.438202	-349.259644
1525629547.937322	1525629547.937322	71.283340	63.063187	-349.558044
1525629547.957078	1525629547.957078	71.058350	63.062515	-349.558716
1525629547.957161	1525629547.957161	71.283569	63.063522	-349.783051
1525629547.977281	1525629547.977281	70.759171	63.211838	-349.710419
1525629547.977354	1525629547.977354	70.985153	63.362976	-350.010590
1525629547.995765	1525629547.995765	70.759888	63.287415	-350.085876
1525629547.995838	1525629547.995838	70.759964	63.287521	-350.160889
1525629548.015473	1525629548.015473	70.984604	63.138641	-350.459381
1525629548.015545	1525629548.015545	70.984680	63.138763	-350.534393
1525629548.039283	1525629548.039283	71.135193	63.288986	-350.384735
1525629548.039401	1525629548.039401	71.658478	62.841003	-350.680725
1525629548.054903	1525629548.054903	71.584976	63.141006	-350.832581
1525629548.055013	1525629548.055013	71.882843	62.617233	-351.053802
1525629548.074273	1525629548.074273	71.881226	62.242340	-351.126740
1525629548.075849	1525629548.075849	72.407959	62.544479	-351.501831
1525629548.094006	1525629548.094006	72.255325	61.944122	-351.573975
1525629548.094116	1525629548.094116	72.855789	62.095596	-351.348022
1525629548.113534	1525629548.113534	73.154999	61.871826	-351.570892
1525629548.113905	1525629548.113905	73.378082	61.497147	-351.343170
1525629548.133242	1525629548.133242	74.051971	61.199509	-351.564514
1525629548.133353	1525629548.133353	74.350784	60.900620	-351.711945
1525629548.153116	1525629548.153116	74.726532	61.051865	-351.786682
1525629548.153226	1525629548.153226	74.873703	60.377640	-352.007538
1525629548.172403	1525629548.172403	74.950104	60.603424	-352.383545
1525629548.172513	1525629548.172513	75.323837	60.304657	-352.455750
1525629548.192205	1525629548.192205	74.947708	60.003860	-352.680237
1525629548.192315	1525629548.192315	75.324478	60.380112	-352.756195
1525629548.211892	1525629548.211892	75.545563	59.480988	-352.900574
1525629548.212004	1525629548.212004	75.922607	59.932129	-352.901917
1525629548.231582	1525629548.231582	76.219879	59.258453	-353.197296
1525629548.231693	1525629548.231693	76.070129	59.332886	-353.123199
1525629548.252000	1525629548.252000	76.371216	59.558914	-353.198517
1525629548.252113	1525629548.252113	76.518631	58.885025	-353.644379
1525629548.270807	1525629548.270807	76.370651	59.334579	-353.647278
1525629548.270918	1525629548.270918	76.517593	58.585464	-353.942719
1525629548.290727	1525629548.290727	76.668686	58.811035	-354.018494
1525629548.290839	1525629548.290839	76.518417	58.735703	-354.093536
1525629548.310305	1525629548.310305	76.742401	58.511368	-354.091614
1525629548.310413	1525629548.310413	77.268692	58.812836	-354.016724
1525629548.330194	1525629548.330194	77.491272	58.213943	-354.312744
1525629548.330494	1525629548.330494	77.342224	58.438385	-354.239441
1525629548.349681	1525629548.349681	77.716431	58.214844	-354.462067
1525629548.349791	1525629548.349791	77.641022	58.139511	-354.386902
1525629548.370750	1525629548.370750	77.416779	58.288940	-354.463379
1525629548.370866	1525629548.370866	77.564301	57.689728	-354.684631
1525629548.389014	1525629548.389014	77.339828	57.838821	-354.536133
1525629548.389127	1525629548.389127	77.938965	57.615845	-354.683105
1525629548.408703	1525629548.408703	77.938477	57.540619	-354.532715
1525629548.408813	1525629548.408813	78.164124	57.616745	-354.832428
1525629548.428306	1525629548.428306	78.162613	57.316513	-354.680786
1525629548.428417	1525629548.428417	78.313629	57.541962	-354.681580
1525629548.448064	1525629548.448064	78.312164	57.167297	-354.904541
1525629548.448173	1525629548.448173	78.162277	57.241501	-354.680389
1525629548.467997	1525629548.467997	78.313705	57.542068	-354.756592
1525629548.468109	1525629548.468109	78.386490	57.017517	-354.903473
1525629548.487429	1525629548.487429	78.463074	57.318085	-355.129913
1525629548.487538	1525629548.487538	78.611816	57.093185	-354.903229
1525629548.507112	1525629548.507112	78.537613	57.317627	-354.679657
1525629548.507222	1525629548.507222	78.910934	56.943741	-354.676483
1525629548.526766	1525629548.526766	78.685257	56.793076	-354.676331
1525629548.526839	1525629548.526839	78.912888	57.393646	-354.603973
1525629548.546499	1525629548.546499	78.910599	56.868744	-354.676086
1525629548.546572	1525629548.546572	78.985703	56.943634	-354.451263
1525629548.566679	1525629548.566679	79.434097	56.570084	-354.522888
1525629548.566750	1525629548.566750	79.209930	56.719635	-354.674377
1525629548.586478	1525629548.586478	79.136078	56.944641	-354.825806
1525629548.586628	1525629548.586628	79.134247	56.569412	-354.673767
1525629548.605887	1525629548.605887	79.061951	57.169205	-354.677277
1525629548.605997	1525629548.605997	79.135147	56.719757	-354.899597
1525629548.625687	1525629548.625687	78.835342	56.793625	-354.750916
1525629548.625800	1525629548.625800	79.212250	57.170105	-354.976868
1525629548.644863	1525629548.644863	79.282898	56.269852	-354.671661
1525629548.644974	1525629548.644974	79.285706	56.944534	-354.450378
1525629548.664801	1525629548.664801	79.284698	56.719528	-354.449127
1525629548.664873	1525629548.664873	79.359253	56.719070	-353.998932
1525629548.684504	1525629548.684504	79.585037	56.795425	-354.448639
1525629548.684577	1525629548.684577	79.359619	56.719635	-354.373932
1525629548.705710	1525629548.705710	79.511078	57.094757	-354.150543
1525629548.705786	1525629548.705786	79.435379	56.869980	-354.449524
1525629548.724260	1525629548.724260	79.510376	56.870209	-354.449280
1525629548.724372	1525629548.724372	79.885040	56.796326	-354.447754
1525629548.743819	1525629548.743819	79.434250	56.719299	-353.998718
1525629548.743930	1525629548.743930	79.661316	57.095551	-354.375092
1525629548.763557	1525629548.763557	79.359467	56.719421	-354.223938
1525629548.763933	1525629548.763933	79.360336	56.944199	-354.075134
1525629548.782793	1525629548.782793	79.584930	56.869751	-353.999084
1525629548.782903	1525629548.782903	79.434097	56.719070	-353.848724
1525629548.802279	1525629548.802279	79.735336	56.945312	-354.074036
1525629548.802390	1525629548.802390	79.283035	56.419067	-354.147491
1525629548.821982	1525629548.821982	79.510941	57.094528	-354.000549
1525629548.822092	1525629548.822092	79.434128	56.644638	-354.223297
1525629548.841567	1525629548.841567	79.210602	57.018631	-354.001038
1525629548.841678	1525629548.841678	79.511154	57.094879	-354.225555
1525629548.861412	1525629548.861412	79.283905	56.643860	-353.998749
1525629548.861518	1525629548.861518	79.435745	57.019531	-354.150360
1525629548.881186	1525629548.881186	79.135849	57.093292	-353.926636
1525629548.881303	1525629548.881303	79.210938	57.093628	-354.001434
1525629548.900843	1525629548.900843	79.361496	57.169434	-354.226410
1525629548.900954	1525629548.900954	79.209763	56.868408	-353.850220
1525629548.920339	1525629548.920339	79.286713	57.318527	-353.777435
1525629548.920449	1525629548.920449	79.209091	56.718399	-353.849396
1525629548.940037	1525629548.940037	79.210785	57.093414	-353.851440
1525629548.940293	1525629548.940293	79.284531	56.868286	-353.624969
1525629548.959725	1525629548.959725	79.210480	57.092957	-353.551422
1525629548.959837	1525629548.959837	79.287735	57.543533	-353.778687
1525629548.979375	1525629548.979375	79.133865	56.717834	-353.624603
1525629548.979485	1525629548.979485	79.435486	57.093628	-353.550751
1525629548.999148	1525629548.999148	79.510483	57.093857	-353.550537
1525629548.999259	1525629548.999259	78.985962	57.167511	-353.702515
1525629549.018736	1525629549.018736	79.436722	57.318970	-353.777008
1525629549.018848	1525629549.018848	79.134460	56.867737	-353.550415
1525629549.039108	1525629549.039108	78.911819	57.392075	-353.553955
1525629549.039190	1525629549.039190	78.911072	57.241943	-353.478149
1525629549.058102	1525629549.058102	78.685547	57.091492	-353.627991
1525629549.058211	1525629549.058211	79.136871	57.318298	-353.927887
1525629549.077751	1525629549.077751	78.985550	57.092392	-353.627106
1525629549.077860	1525629549.077860	78.987427	57.542175	-353.479584
1525629549.097495	1525629549.097495	79.361954	57.319092	-354.002228
1525629549.097718	1525629549.097718	78.611481	57.316162	-353.554443
1525629549.120123	1525629549.120123	78.911484	57.317062	-353.553558
1525629549.120236	1525629549.120236	78.836975	57.392075	-353.704193
1525629549.158628	1525629549.158628	78.912735	57.542404	-353.779785
1525629549.158757	1525629549.158757	78.910477	57.092056	-353.552307
1525629549.158799	1525629549.158799	78.613663	57.766403	-353.706909
1525629549.158838	1525629549.158838	78.761642	57.316849	-353.703979
1525629549.176135	1525629549.176135	78.461227	57.240829	-353.629486
1525629549.176246	1525629549.176246	78.613815	57.766632	-353.856934
1525629549.195615	1525629549.195615	78.611099	57.166611	-353.853638
1525629549.195720	1525629549.195720	78.537384	57.466278	-353.780487
1525629549.215173	1525629549.215173	78.537460	57.466400	-353.855499
1525629549.215235	1525629549.215235	78.162125	57.390274	-353.856232
1525629549.243409	1525629549.243409	78.613510	57.617188	-354.231110
1525629549.243446	1525629549.243446	78.611450	57.241623	-353.854065
1525629549.254318	1525629549.254318	78.387802	57.540955	-353.856384
1525629549.254345	1525629549.254345	78.612350	57.391953	-354.079865
1525629549.274379	1525629549.274379	78.312958	57.540955	-354.006592
1525629549.274416	1525629549.274416	78.388504	57.616516	-354.231781
1525629549.294212	1525629549.294212	78.238358	57.615829	-354.082214
1525629549.294340	1525629549.294340	78.389526	57.841522	-354.233032
1525629549.313975	1525629549.313975	78.237839	57.466064	-354.231415
1525629549.314171	1525629549.314171	78.087845	57.465607	-354.231842
1525629549.333513	1525629549.333513	78.389145	57.691971	-354.532196
1525629549.334408	1525629549.334408	78.012726	57.390732	-354.456635
1525629549.353268	1525629549.353268	78.089981	57.841293	-354.683899
1525629549.353388	1525629549.353388	78.312622	57.316956	-354.680328
1525629549.373001	1525629549.373001	78.013626	57.541061	-354.682465
1525629549.373082	1525629549.373082	78.089310	57.542313	-355.357269
1525629549.392921	1525629549.392921	77.787903	57.315842	-354.981934
1525629549.392994	1525629549.392994	77.864410	57.616287	-355.133331
1525629549.420915	1525629549.420915	77.712616	57.166168	-355.356323
1525629549.420992	1525629549.420992	77.564224	57.540619	-355.283813
1525629549.431963	1525629549.431963	77.639114	57.466171	-355.508179
1525629549.432084	1525629549.432084	77.487762	57.165726	-355.506989
1525629549.459190	1525629549.459190	77.714874	57.616516	-355.583771
1525629549.459304	1525629549.459304	77.339417	57.465729	-355.809113
1525629549.471237	1525629549.471237	77.416443	57.915970	-355.811340
1525629549.471358	1525629549.471358	77.413971	57.316299	-356.033051
1525629549.491343	1525629549.491343	77.339157	57.390854	-355.883698
1525629549.491463	1525629549.491463	77.489716	57.466629	-356.108673
1525629549.510916	1525629549.510916	77.265137	57.541077	-356.184753
1525629549.511029	1525629549.511029	77.490768	57.617203	-356.484497
1525629549.530290	1525629549.530290	77.264526	57.391190	-356.258942
1525629549.530411	1525629549.530411	77.115204	57.540741	-356.260193
1525629549.549852	1525629549.549852	77.265213	57.541183	-356.259766
1525629549.549974	1525629549.549974	76.965271	57.540405	-356.335632
1525629549.569525	1525629549.569525	77.341782	57.841751	-356.486176
1525629549.569652	1525629549.569652	77.115753	57.616074	-356.485626
1525629549.589650	1525629549.589650	76.891663	57.765747	-356.712097
1525629549.589768	1525629549.589768	76.815582	57.540405	-356.636108
1525629549.608796	1525629549.608796	76.590424	57.539505	-356.486786
1525629549.608917	1525629549.608917	76.816147	57.615738	-356.861511
1525629549.634701	1525629549.634701	76.590729	57.539948	-356.786774
1525629549.635587	1525629549.635587	76.667572	57.915405	-356.938599
1525629549.648057	1525629549.648057	76.667343	57.915070	-356.713593
1525629549.648174	1525629549.648174	76.517685	57.989624	-356.714447
1525629549.669289	1525629549.669289	76.667984	57.990524	-357.014008
1525629549.669412	1525629549.669412	76.516068	57.614731	-356.787384
1525629549.687515	1525629549.687515	76.518768	58.214737	-356.790680
1525629549.687636	1525629549.687636	76.516144	57.614838	-356.862396
1525629549.706549	1525629549.706549	76.517563	57.914963	-356.939026
1525629549.706620	1525629549.706620	76.366135	57.614395	-356.862854
1525629549.726705	1525629549.726705	76.290802	57.539169	-356.862671
1525629549.726828	1525629549.726828	76.218719	58.139297	-357.091156
1525629549.747383	1525629549.747383	76.140762	57.464157	-357.162689
1525629549.747461	1525629549.747461	76.218994	58.214188	-357.016602
