1525628912.718964	1525628912.718964	0.349197	0.938492	-0.048309
1525628912.723049	1525628912.723049	0.350204	0.940033	-0.051834
1525628912.733086	1525628912.733086	0.350174	0.935684	-0.060699
1525628912.742995	1525628912.742995	0.348099	0.929062	-0.062210
1525628912.752998	1525628912.752998	0.347290	0.927277	-0.059158
1525628912.762955	1525628912.762955	0.347153	0.930389	-0.057770
1525628912.772933	1525628912.772933	0.344604	0.932617	-0.057281
1525628912.782954	1525628912.782954	0.336716	0.934402	-0.053146
1525628912.792890	1525628912.792890	0.331909	0.935837	-0.051422
1525628912.802871	1525628912.802871	0.330154	0.934967	-0.051025
1525628912.812847	1525628912.812847	0.331741	0.930435	-0.055191
1525628912.822831	1525628912.822831	0.336914	0.933472	-0.057831
1525628912.832868	1525628912.832868	0.337402	0.937790	-0.056976
1525628912.842935	1525628912.842935	0.333420	0.935165	-0.056137
1525628912.852769	1525628912.852769	0.330292	0.935349	-0.057190
1525628912.862728	1525628912.862728	0.332138	0.936050	-0.056610
1525628912.872722	1525628912.872722	0.339844	0.932846	-0.052521
1525628912.882746	1525628912.882746	0.350784	0.931335	-0.048477
1525628912.892680	1525628912.892680	0.354141	0.930069	-0.048523
1525628912.902661	1525628912.902661	0.352798	0.932983	-0.055557
1525628912.912605	1525628912.912605	0.349945	0.940170	-0.058182
1525628912.922613	1525628912.922613	0.345917	0.942947	-0.058685
1525628912.932648	1525628912.932648	0.344040	0.938980	-0.058609
1525628912.942576	1525628912.942576	0.343628	0.940796	-0.059021
1525628912.952859	1525628912.952859	0.342346	0.941650	-0.059052
1525628912.963262	1525628912.963262	0.344498	0.933563	-0.060547
1525628912.972581	1525628912.972581	0.350723	0.930145	-0.056671
1525628912.982845	1525628912.982845	0.354279	0.930679	-0.052673
1525628912.992758	1525628912.992758	0.354034	0.929810	-0.058350
1525628913.002477	1525628913.002477	0.350922	0.927567	-0.056793
1525628913.012628	1525628913.012628	0.349319	0.929413	-0.053329
1525628913.022687	1525628913.022687	0.345673	0.932205	-0.049118
1525628913.032673	1525628913.032673	0.341568	0.934219	-0.043457
1525628913.042621	1525628913.042621	0.335083	0.935303	-0.043793
1525628913.052611	1525628913.052611	0.332108	0.931335	-0.049210
1525628913.064134	1525628913.064134	0.333313	0.930115	-0.050659
1525628913.072424	1525628913.072424	0.332047	0.933624	-0.046814
1525628913.082527	1525628913.082527	0.325882	0.932877	-0.051620
1525628913.092512	1525628913.092512	0.322525	0.932236	-0.058945
1525628913.102577	1525628913.102577	0.326035	0.935104	-0.066284
1525628913.113022	1525628913.113022	0.338440	0.940628	-0.070297
1525628913.122592	1525628913.122592	0.346069	0.939575	-0.068787
1525628913.132440	1525628913.132440	0.351578	0.934418	-0.071442
1525628913.142419	1525628913.142419	0.356598	0.932602	-0.070602
1525628913.153808	1525628913.153808	0.350357	0.933975	-0.069611
1525628913.162899	1525628913.162899	0.337250	0.933594	-0.080521
1525628913.172354	1525628913.172354	0.320511	0.934296	-0.094833
1525628913.182333	1525628913.182333	0.309860	0.932404	-0.102768
1525628913.193037	1525628913.193037	0.310593	0.931900	-0.098343
1525628913.202290	1525628913.202290	0.320175	0.935730	-0.080582
1525628913.213276	1525628913.213276	0.328690	0.930145	-0.070862
1525628913.222258	1525628913.222258	0.326080	0.914764	-0.058731
1525628913.232646	1525628913.232646	0.318298	0.899643	-0.042465
1525628913.252320	1525628913.252320	0.307831	0.919434	0.007126
1525628913.252657	1525628913.252657	0.330963	0.963104	0.036087
1525628913.262396	1525628913.262396	0.357605	0.934860	-0.005768
1525628913.272382	1525628913.272382	0.282806	0.882797	-0.048096
1525628913.282770	1525628913.282770	0.236618	0.869629	-0.116211
1525628913.292190	1525628913.292190	0.212463	0.889648	-0.073685
1525628913.302082	1525628913.302082	0.211533	0.949905	0.026382
1525628913.312391	1525628913.312391	0.258240	0.974976	0.072205
1525628913.322170	1525628913.322170	0.309265	0.958496	0.057938
1525628913.332018	1525628913.332018	0.355530	0.925659	-0.017151
1525628913.342049	1525628913.342049	0.381363	0.907547	-0.084610
1525628913.351971	1525628913.351971	0.388535	0.912613	-0.098022
1525628913.362262	1525628913.362262	0.388763	0.931122	-0.073532
1525628913.371935	1525628913.371935	0.388947	0.949417	-0.054276
1525628913.381913	1525628913.381913	0.392822	0.957642	-0.054962
1525628913.391872	1525628913.391872	0.388443	0.954697	-0.065308
1525628913.401873	1525628913.401873	0.370712	0.958572	-0.069031
1525628913.412227	1525628913.412227	0.331375	0.974655	-0.055908
1525628913.421894	1525628913.421894	0.261337	0.979538	-0.031860
1525628913.431812	1525628913.431812	0.159805	0.957581	-0.027145
1525628913.441909	1525628913.441909	0.071579	0.898926	-0.085312
1525628913.451937	1525628913.451937	0.088257	0.836990	-0.062073
1525628913.462687	1525628913.462687	0.184753	0.849243	0.038757
1525628913.471672	1525628913.471672	0.345276	0.898407	-0.004440
1525628913.482152	1525628913.482152	0.538330	0.957367	-0.132233
1525628913.491782	1525628913.491782	0.674088	1.005234	-0.192688
1525628913.501800	1525628913.501800	0.707443	1.012314	-0.125275
1525628913.512034	1525628913.512034	0.651047	0.990143	0.021851
1525628913.521624	1525628913.521624	0.522186	0.956314	0.151611
1525628913.531906	1525628913.531906	0.341934	0.899414	0.166962
1525628913.541672	1525628913.541672	0.186676	0.795532	0.076492
1525628913.551433	1525628913.551433	0.103638	0.712692	0.081177
1525628913.561915	1525628913.561915	0.084702	0.737640	0.161133
1525628913.571549	1525628913.571549	0.118790	0.864838	0.137054
1525628913.581609	1525628913.581609	0.171890	1.039551	-0.017395
1525628913.591508	1525628913.591508	0.221878	1.131744	-0.165634
1525628913.601486	1525628913.601486	0.285233	1.095154	-0.157944
1525628913.611545	1525628913.611545	0.365265	1.008926	-0.027893
1525628913.621577	1525628913.621577	0.418274	0.937332	0.127045
1525628913.631425	1525628913.631425	0.385956	0.885544	0.192719
1525628913.641406	1525628913.641406	0.266602	0.831253	0.127213
1525628913.651386	1525628913.651386	0.124512	0.778244	0.051605
1525628913.661364	1525628913.661364	0.006927	0.756851	0.057968
1525628913.671213	1525628913.671213	-0.074265	0.778854	0.151138
1525628913.681143	1525628913.681143	-0.117722	0.834290	0.260193
1525628913.691303	1525628913.691303	-0.115387	0.899475	0.290955
1525628913.701284	1525628913.701284	-0.058411	0.946655	0.244202
1525628913.711864	1525628913.711864	0.047897	0.969177	0.177948
1525628913.721373	1525628913.721373	0.187866	0.981430	0.115326
1525628913.731216	1525628913.731216	0.338440	0.990814	0.069550
1525628913.741198	1525628913.741198	0.473740	1.003860	0.042404
1525628913.751313	1525628913.751313	0.576202	1.012711	0.022003
1525628913.761156	1525628913.761156	0.634232	1.004715	-0.000671
1525628913.771300	1525628913.771300	0.646179	0.988373	-0.022583
1525628913.781113	1525628913.781113	0.615692	0.970032	-0.028412
1525628913.791094	1525628913.791094	0.545929	0.964539	-0.003036
1525628913.801211	1525628913.801211	0.454010	0.980087	0.045090
1525628913.811137	1525628913.811137	0.368744	1.013306	0.083817
1525628913.821166	1525628913.821166	0.311539	1.051086	0.103439
1525628913.831009	1525628913.831009	0.300995	1.089066	0.078781
1525628913.842865	1525628913.842865	0.338470	1.124725	0.023041
1525628913.850964	1525628913.850964	0.400177	1.143005	-0.014099
1525628913.860909	1525628913.860909	0.471573	1.141281	-0.030029
1525628913.871154	1525628913.871154	0.544388	1.100052	-0.005493
1525628913.880834	1525628913.880834	0.600037	1.037125	0.064606
1525628913.891336	1525628913.891336	0.600479	0.982666	0.150574
1525628913.901429	1525628913.901429	0.523727	0.956818	0.210785
1525628913.910930	1525628913.910930	0.383804	0.961899	0.226410
1525628913.921247	1525628913.921247	0.227386	0.970322	0.207352
1525628913.930799	1525628913.930799	0.090881	0.966843	0.179810
1525628913.941143	1525628913.941143	-0.000671	0.956390	0.173126
1525628913.950894	1525628913.950894	-0.040344	0.943344	0.179626
1525628913.961119	1525628913.961119	-0.038849	0.936722	0.179794
1525628913.970719	1525628913.970719	-0.013779	0.942917	0.160400
1525628913.980829	1525628913.980829	0.032104	0.961441	0.128937
1525628913.990851	1525628913.990851	0.091339	0.975983	0.103912
1525628914.000462	1525628914.000462	0.151581	0.980530	0.093948
1525628914.010713	1525628914.010713	0.204758	0.976166	0.099838
1525628914.020512	1525628914.020512	0.239243	0.962494	0.115417
1525628914.030669	1525628914.030669	0.246414	0.969391	0.131409
1525628914.040627	1525628914.040627	0.236694	1.003174	0.110580
1525628914.050689	1525628914.050689	0.225571	1.017776	0.093048
1525628914.060531	1525628914.060531	0.214691	1.006485	0.091660
1525628914.070647	1525628914.070647	0.203903	0.990097	0.066864
1525628914.080489	1525628914.080489	0.192932	0.971451	0.039078
1525628914.090530	1525628914.090530	0.186081	0.958542	0.028015
1525628914.100536	1525628914.100536	0.185577	0.956238	0.038101
1525628914.110482	1525628914.110482	0.186340	0.963257	0.062332
1525628914.120431	1525628914.120431	0.184509	0.980637	0.082367
1525628914.130382	1525628914.130382	0.175400	0.991669	0.104065
1525628914.140406	1525628914.140406	0.162354	0.988632	0.131592
1525628914.150483	1525628914.150483	0.149826	0.981644	0.148865
1525628914.160200	1525628914.160200	0.133057	0.978210	0.151871
1525628914.170304	1525628914.170304	0.111374	0.975235	0.136551
1525628914.180158	1525628914.180158	0.088287	0.968781	0.103821
1525628914.190529	1525628914.190529	0.075836	0.972000	0.067429
1525628914.200237	1525628914.200237	0.083282	0.982925	0.059341
1525628914.210297	1525628914.210297	0.111954	0.993866	0.076920
1525628914.220196	1525628914.220196	0.146179	1.001160	0.098495
1525628914.230197	1525628914.230197	0.168137	1.005798	0.106979
1525628914.240286	1525628914.240286	0.169830	1.006973	0.099442
1525628914.250135	1525628914.250135	0.154480	1.002258	0.087631
1525628914.260346	1525628914.260346	0.128174	1.001251	0.082916
1525628914.270225	1525628914.270225	0.100845	1.000900	0.088989
1525628914.280111	1525628914.280111	0.078583	0.996048	0.090500
1525628914.290052	1525628914.290052	0.051712	0.979477	0.115616
1525628914.300021	1525628914.300021	0.011658	0.959244	0.183502
1525628914.310034	1525628914.310034	-0.023712	0.953110	0.210373
1525628914.319868	1525628914.319868	-0.040497	0.948608	0.203674
1525628914.329967	1525628914.329967	-0.031418	0.948730	0.213043
1525628914.340082	1525628914.340082	-0.013687	0.966980	0.234848
1525628914.350001	1525628914.350001	-0.002396	0.990570	0.239517
1525628914.359907	1525628914.359907	-0.000320	1.004883	0.213425
1525628914.370023	1525628914.370023	-0.007263	1.014145	0.152786
1525628914.379866	1525628914.379866	-0.018494	1.001602	0.086487
1525628914.389978	1525628914.389978	-0.022766	0.973984	0.042496
1525628914.399817	1525628914.399817	-0.015930	0.955856	0.038376
1525628914.409879	1525628914.409879	0.006622	0.957657	0.062851
1525628914.419917	1525628914.419917	0.036560	0.974655	0.110184
1525628914.429761	1525628914.429761	0.059113	0.995667	0.154175
1525628914.439871	1525628914.439871	0.072525	1.002075	0.170044
1525628914.449717	1525628914.449717	0.075943	0.998291	0.159515
1525628914.459700	1525628914.459700	0.062637	0.997925	0.127487
1525628914.469808	1525628914.469808	0.032120	1.004776	0.089462
1525628914.479527	1525628914.479527	-0.002014	1.004944	0.057846
1525628914.489772	1525628914.489772	-0.026245	0.992218	0.041641
1525628914.499610	1525628914.499610	-0.037354	0.983078	0.033600
1525628914.509741	1525628914.509741	-0.046692	0.985703	0.027847
1525628914.519709	1525628914.519709	-0.062088	0.992569	0.030991
1525628914.529618	1525628914.529618	-0.063553	0.990875	0.022720
1525628914.539552	1525628914.539552	-0.038956	0.978165	0.030441
1525628914.549520	1525628914.549520	-0.002716	0.976013	0.048431
1525628914.559492	1525628914.559492	0.021576	0.988480	0.061539
1525628914.569609	1525628914.569609	0.033554	1.002563	0.079147
1525628914.579302	1525628914.579302	0.037567	1.008347	0.104279
1525628914.589564	1525628914.589564	0.034134	1.012894	0.115005
1525628914.599405	1525628914.599405	0.009308	1.014099	0.102859
1525628914.609999	1525628914.609999	-0.031555	1.003143	0.093079
1525628914.619501	1525628914.619501	-0.069016	0.986633	0.089417
1525628914.629714	1525628914.629714	-0.090698	0.973495	0.099228
1525628914.639536	1525628914.639536	-0.093262	0.967194	0.116608
1525628914.649818	1525628914.649818	-0.088150	0.970383	0.135910
1525628914.659286	1525628914.659286	-0.078934	0.981186	0.149933
1525628914.669843	1525628914.669843	-0.062012	0.990051	0.142151
1525628914.679267	1525628914.679267	-0.033630	0.993607	0.116989
1525628914.689387	1525628914.689387	-0.004654	0.997360	0.087784
1525628914.699339	1525628914.699339	0.014511	1.001038	0.076080
1525628914.709497	1525628914.709497	0.025085	0.997589	0.086731
1525628914.719296	1525628914.719296	0.018585	0.996521	0.107193
1525628914.729159	1525628914.729159	-0.015030	1.002975	0.104691
1525628914.739254	1525628914.739254	-0.053040	1.002716	0.094009
1525628914.749093	1525628914.749093	-0.074158	0.991348	0.100296
1525628914.759130	1525628914.759130	-0.083481	0.980606	0.110504
1525628914.768929	1525628914.768929	-0.088898	0.977890	0.123123
1525628914.779047	1525628914.779047	-0.092621	0.989502	0.129318
1525628914.789006	1525628914.789006	-0.094681	1.000778	0.121323
1525628914.799212	1525628914.799212	-0.092148	0.996231	0.109604
1525628914.809047	1525628914.809047	-0.090271	0.989395	0.103058
1525628914.819087	1525628914.819087	-0.093018	0.992004	0.080338
1525628914.829256	1525628914.829256	-0.092117	1.003281	0.052353
1525628914.839038	1525628914.839038	-0.091431	1.016785	0.042404
1525628914.849028	1525628914.849028	-0.105728	1.022064	0.044662
1525628914.858935	1525628914.858935	-0.126343	1.009048	0.072617
1525628914.868984	1525628914.868984	-0.151077	0.993744	0.111893
1525628914.879168	1525628914.879168	-0.176453	0.988724	0.121765
1525628914.888806	1525628914.888806	-0.187759	0.992996	0.096741
1525628914.898914	1525628914.898914	-0.180191	1.000504	0.081482
1525628914.908912	1525628914.908912	-0.155304	1.011307	0.078613
1525628914.918876	1525628914.918876	-0.119141	1.027725	0.068954
1525628914.928925	1525628914.928925	-0.089554	1.041702	0.061707
1525628914.938695	1525628914.938695	-0.086624	1.062225	0.059021
1525628914.948819	1525628914.948819	-0.105164	1.088394	0.052917
1525628914.958849	1525628914.958849	-0.146957	1.129379	0.040344
1525628914.968769	1525628914.968769	-0.189758	1.179123	0.027145
1525628914.979006	1525628914.979006	-0.191193	1.178970	0.046982
1525628914.988874	1525628914.988874	-0.166779	1.146088	0.081055
1525628914.998747	1525628914.998747	-0.139404	1.136459	0.088333
1525628915.008751	1525628915.008751	-0.099304	1.118759	0.130875
1525628915.018699	1525628915.018699	-0.070221	1.070419	0.230499
1525628915.028989	1525628915.028989	-0.062057	1.030075	0.300430
1525628915.038681	1525628915.038681	-0.097321	1.037201	0.329712
1525628915.048571	1525628915.048571	-0.172195	1.045425	0.338669
1525628915.058572	1525628915.058572	-0.242111	0.966309	0.329697
1525628915.069632	1525628915.069632	-0.295837	0.880478	0.289673
1525628915.078404	1525628915.078404	-0.322891	0.815262	0.238144
1525628915.088433	1525628915.088433	-0.327713	0.828857	0.227539
1525628915.098404	1525628915.098404	-0.327850	0.894196	0.268448
1525628915.108524	1525628915.108524	-0.309845	0.940994	0.321609
1525628915.118571	1525628915.118571	-0.263077	0.934509	0.330887
1525628915.128287	1525628915.128287	-0.192703	0.888275	0.284790
1525628915.138451	1525628915.138451	-0.120987	0.871475	0.234985
1525628915.148432	1525628915.148432	-0.078323	0.908447	0.232834
1525628915.158364	1525628915.158364	-0.066513	0.967773	0.251251
1525628915.168249	1525628915.168249	-0.079605	1.014206	0.254135
1525628915.178765	1525628915.178765	-0.107651	1.043457	0.239502
1525628915.188347	1525628915.188347	-0.131577	1.071472	0.236435
1525628915.198326	1525628915.198326	-0.135162	1.088623	0.261139
1525628915.208340	1525628915.208340	-0.114471	1.089935	0.295563
1525628915.218328	1525628915.218328	-0.076447	1.092316	0.324234
1525628915.228265	1525628915.228265	-0.033356	1.103134	0.348373
1525628915.237976	1525628915.237976	0.008301	1.113007	0.371704
1525628915.248096	1525628915.248096	0.043213	1.114349	0.385574
1525628915.258369	1525628915.258369	0.059891	1.117828	0.384186
1525628915.268531	1525628915.268531	0.042969	1.112793	0.370499
1525628915.278238	1525628915.278238	-0.020935	1.091843	0.350632
1525628915.288139	1525628915.288139	-0.135712	1.048218	0.326920
1525628915.298758	1525628915.298758	-0.294876	0.995682	0.309570
1525628915.307993	1525628915.307993	-0.482529	0.957489	0.292267
1525628915.318517	1525628915.318517	-0.673035	0.935074	0.281631
1525628915.328532	1525628915.328532	-0.800980	0.918121	0.244583
1525628915.340009	1525628915.340009	-0.826813	0.871094	0.145554
1525628915.347977	1525628915.347977	-0.757767	0.781204	0.016510
1525628915.358407	1525628915.358407	-0.585297	0.665726	-0.131622
1525628915.367918	1525628915.367918	-0.342026	0.552856	-0.249985
1525628915.378759	1525628915.378759	-0.084061	0.464188	-0.299225
1525628915.387911	1525628915.387911	0.151428	0.434998	-0.283646
1525628915.398292	1525628915.398292	0.329895	0.461578	-0.210236
1525628915.408027	1525628915.408027	0.410599	0.530640	-0.089020
1525628915.418164	1525628915.418164	0.386292	0.633148	0.068115
1525628915.427874	1525628915.427874	0.270020	0.695770	0.235062
1525628915.437528	1525628915.437528	0.086639	0.696030	0.378448
1525628915.447670	1525628915.447670	-0.154770	0.697372	0.519989
1525628915.457691	1525628915.457691	-0.454254	0.715576	0.656708
1525628915.467799	1525628915.467799	-0.770538	0.728806	0.737518
1525628915.477746	1525628915.477746	-1.022781	0.737015	0.720886
1525628915.487773	1525628915.487773	-1.189865	0.629272	0.726303
1525628915.497702	1525628915.497702	-1.259232	0.526093	0.663666
1525628915.507849	1525628915.507849	-1.185913	0.454865	0.498001
1525628915.517527	1525628915.517527	-0.980118	0.426025	0.387482
1525628915.527642	1525628915.527642	-0.731781	0.463303	0.361588
1525628915.537469	1525628915.537469	-0.497803	0.554291	0.392090
1525628915.547601	1525628915.547601	-0.286041	0.681717	0.435654
1525628915.557842	1525628915.557842	-0.100784	0.803146	0.452988
1525628915.567430	1525628915.567430	0.043304	0.887619	0.430664
1525628915.577517	1525628915.577517	0.129288	0.943573	0.369919
1525628915.587555	1525628915.587555	0.149750	0.998001	0.273178
1525628915.597573	1525628915.597573	0.113693	1.059662	0.156921
1525628915.607649	1525628915.607649	0.044647	1.118256	0.090240
1525628915.617504	1525628915.617504	-0.041809	1.179291	0.120316
1525628915.627422	1525628915.627422	-0.146149	1.247955	0.222763
1525628915.637460	1525628915.637460	-0.268417	1.322144	0.303543
1525628915.647392	1525628915.647392	-0.402069	1.433868	0.354599
1525628915.657478	1525628915.657478	-0.483521	1.480362	0.424469
1525628915.667420	1525628915.667420	-0.460938	1.384521	0.493240
1525628915.677333	1525628915.677333	-0.385422	1.230789	0.482147
1525628915.687235	1525628915.687235	-0.324417	1.061417	0.399918
1525628915.718953	1525628915.718953	-0.317215	0.923828	0.339172
1525628915.719075	1525628915.719075	-0.359116	0.842010	0.378906
1525628915.719146	1525628915.719146	-0.421036	0.826630	0.492096
1525628915.727039	1525628915.727039	-0.496536	0.906754	0.574356
1525628915.737046	1525628915.737046	-0.554688	1.012985	0.549728
1525628915.746815	1525628915.746815	-0.561584	1.054886	0.432388
1525628915.756837	1525628915.756837	-0.513199	1.008957	0.303513
1525628915.766878	1525628915.766878	-0.434021	0.929733	0.238968
1525628915.776758	1525628915.776758	-0.349976	0.870392	0.247421
1525628915.786754	1525628915.786754	-0.272552	0.846527	0.306458
1525628915.796755	1525628915.796755	-0.192825	0.858917	0.407715
1525628915.806789	1525628915.806789	-0.072678	0.917206	0.511002
1525628915.816710	1525628915.816710	0.170761	1.066071	0.630081
1525628915.826587	1525628915.826587	0.563065	1.342133	0.637650
1525628915.836570	1525628915.836570	0.862701	1.571487	0.188217
1525628915.846470	1525628915.846470	0.789429	1.639343	-0.497345
1525628915.856380	1525628915.856380	0.423645	1.738129	-0.768951
1525628915.866476	1525628915.866476	0.204498	1.628891	-0.426376
1525628915.876547	1525628915.876547	0.226974	1.237640	0.159210
1525628915.886519	1525628915.886519	0.325272	0.825150	0.630447
1525628915.896377	1525628915.896377	0.443390	0.543442	0.942719
1525628915.906384	1525628915.906384	0.470276	0.543625	0.942200
1525628915.916298	1525628915.916298	0.351608	0.748215	0.590027
1525628915.926306	1525628915.926306	0.145264	0.980927	0.030457
1525628915.936394	1525628915.936394	-0.025726	1.097504	-0.426636
1525628915.946375	1525628915.946375	-0.116379	1.075394	-0.329285
1525628915.956354	1525628915.956354	-0.104614	0.961212	0.139038
1525628915.966331	1525628915.966331	-0.029938	0.825043	0.465698
1525628915.976746	1525628915.976746	0.051605	0.771851	0.447449
1525628915.986648	1525628915.986648	0.130051	0.838547	0.179077
1525628915.996574	1525628915.996574	0.200592	0.961288	-0.036270
1525628916.006838	1525628916.006838	0.253082	1.059402	-0.045273
1525628916.016387	1525628916.016387	0.279678	1.088623	0.094025
1525628916.026788	1525628916.026788	0.263519	1.063828	0.250916
1525628916.036475	1525628916.036475	0.207230	1.006210	0.325348
1525628916.046736	1525628916.046736	0.132721	0.938477	0.301392
1525628916.056399	1525628916.056399	0.054352	0.898285	0.222412
1525628916.066940	1525628916.066940	-0.018967	0.898361	0.162857
1525628916.076359	1525628916.076359	-0.077148	0.931396	0.146622
1525628916.086549	1525628916.086549	-0.105591	0.962906	0.159683
1525628916.096234	1525628916.096234	-0.109818	0.984589	0.172974
1525628916.106414	1525628916.106414	-0.095718	0.990387	0.153442
1525628916.116273	1525628916.116273	-0.056778	0.981262	0.097778
1525628916.126166	1525628916.126166	0.000824	0.968292	0.047882
1525628916.136515	1525628916.136515	0.063812	0.962570	0.035889
1525628916.146125	1525628916.146125	0.114532	0.972275	0.056046
1525628916.156183	1525628916.156183	0.132004	1.004196	0.066116
1525628916.166087	1525628916.166087	0.115326	1.034302	0.044159
1525628916.176024	1525628916.176024	0.077332	1.034210	0.008331
1525628916.186261	1525628916.186261	0.030884	1.008179	-0.017838
1525628916.196070	1525628916.196070	-0.011276	0.971619	-0.026123
1525628916.206262	1525628916.206262	-0.033951	0.947144	-0.010605
1525628916.216064	1525628916.216064	-0.032883	0.950653	0.012512
1525628916.225913	1525628916.225913	-0.014542	0.976242	0.032562
1525628916.236038	1525628916.236038	0.008224	1.007538	0.044540
1525628916.246056	1525628916.246056	0.029419	1.021301	0.054352
1525628916.255987	1525628916.255987	0.045914	1.013626	0.056366
1525628916.265960	1525628916.265960	0.053986	0.998642	0.048477
1525628916.275938	1525628916.275938	0.050400	0.986755	0.048492
1525628916.285920	1525628916.285920	0.037079	0.988129	0.056183
1525628916.295912	1525628916.295912	0.019470	0.994614	0.071732
1525628916.305954	1525628916.305954	0.002487	0.997498	0.092636
1525628916.315854	1525628916.315854	-0.012604	0.994324	0.112411
1525628916.325791	1525628916.325791	-0.030182	0.983871	0.133606
1525628916.335689	1525628916.335689	-0.047943	0.975128	0.147522
1525628916.345888	1525628916.345888	-0.062836	0.970596	0.146332
1525628916.355777	1525628916.355777	-0.069717	0.975006	0.133392
1525628916.365703	1525628916.365703	-0.064041	0.984650	0.117508
1525628916.375726	1525628916.375726	-0.046219	0.993439	0.110733
1525628916.385913	1525628916.385913	-0.031403	1.001129	0.098099
1525628916.395835	1525628916.395835	-0.022430	0.999527	0.085907
1525628916.405780	1525628916.405780	-0.019073	0.991409	0.086746
1525628916.415676	1525628916.415676	-0.021530	0.986465	0.094467
1525628916.425766	1525628916.425766	-0.028427	0.987656	0.101898
1525628916.435640	1525628916.435640	-0.036362	0.989944	0.110107
1525628916.445785	1525628916.445785	-0.042099	0.993103	0.119949
1525628916.455593	1525628916.455593	-0.042145	0.998688	0.128586
1525628916.465572	1525628916.465572	-0.036362	1.007843	0.126190
1525628916.475640	1525628916.475640	-0.033127	1.011322	0.126648
1525628916.485532	1525628916.485532	-0.034378	1.006866	0.132050
1525628916.497319	1525628916.497319	-0.037933	1.010681	0.130966
1525628916.505568	1525628916.505568	-0.044861	1.018173	0.121567
1525628916.515474	1525628916.515474	-0.051605	1.010483	0.115326
1525628916.525637	1525628916.525637	-0.056992	0.995071	0.119247
1525628916.535433	1525628916.535433	-0.065186	0.988266	0.122208
1525628916.545994	1525628916.545994	-0.073318	0.990250	0.123520
1525628916.555391	1525628916.555391	-0.076569	0.992722	0.119812
1525628916.565370	1525628916.565370	-0.080856	1.003326	0.105652
1525628916.575418	1525628916.575418	-0.083527	1.009552	0.089401
1525628916.585329	1525628916.585329	-0.083527	1.002899	0.082123
1525628916.595634	1525628916.595634	-0.088135	0.994308	0.079193
1525628916.605362	1525628916.605362	-0.099915	0.991226	0.079437
1525628916.615268	1525628916.615268	-0.113602	0.990875	0.081436
1525628916.625212	1525628916.625212	-0.127609	0.995407	0.087418
1525628916.635224	1525628916.635224	-0.138260	1.001038	0.102997
1525628916.645717	1525628916.645717	-0.146378	0.999130	0.120758
1525628916.655258	1525628916.655258	-0.145889	0.996246	0.124252
1525628916.665161	1525628916.665161	-0.136719	1.009933	0.122055
1525628916.675140	1525628916.675140	-0.126205	1.036774	0.118988
1525628916.685113	1525628916.685113	-0.111298	1.062286	0.110428
1525628916.696049	1525628916.696049	-0.096832	1.079559	0.090942
1525628916.705151	1525628916.705151	-0.081848	1.080872	0.075989
1525628916.715666	1525628916.715666	-0.079788	1.071365	0.084610
1525628916.726096	1525628916.726096	-0.098236	1.074249	0.110397
1525628916.735420	1525628916.735420	-0.133514	1.087219	0.143723
1525628916.745296	1525628916.745296	-0.169220	1.100647	0.170975
1525628916.755417	1525628916.755417	-0.193802	1.103256	0.190826
1525628916.764952	1525628916.764952	-0.212997	1.091949	0.207321
1525628916.775336	1525628916.775336	-0.237732	1.094955	0.209152
1525628916.785081	1525628916.785081	-0.253998	1.112930	0.197876
1525628916.795767	1525628916.795767	-0.233536	1.093231	0.192886
1525628916.804950	1525628916.804950	-0.189743	1.025146	0.200699
1525628916.814969	1525628916.814969	-0.165756	0.961807	0.215012
1525628916.824827	1525628916.824827	-0.173111	0.927582	0.222900
1525628916.834574	1525628916.834574	-0.193436	0.904663	0.225983
1525628916.844787	1525628916.844787	-0.224319	0.884766	0.237137
1525628916.854769	1525628916.854769	-0.265167	0.870300	0.248550
1525628916.864746	1525628916.864746	-0.307617	0.860870	0.246964
1525628916.874670	1525628916.874670	-0.342010	0.859360	0.238724
1525628916.884703	1525628916.884703	-0.359192	0.862061	0.231033
1525628916.894685	1525628916.894685	-0.354645	0.867737	0.230377
1525628916.904733	1525628916.904733	-0.329269	0.878983	0.236481
1525628916.914643	1525628916.914643	-0.289474	0.901138	0.243332
1525628916.924655	1525628916.924655	-0.245682	0.927856	0.244507
1525628916.934471	1525628916.934471	-0.206818	0.939468	0.246017
1525628916.944451	1525628916.944451	-0.172882	0.929428	0.248154
1525628916.954478	1525628916.954478	-0.146500	0.921234	0.246201
1525628916.964536	1525628916.964536	-0.127304	0.918320	0.246048
1525628916.974590	1525628916.974590	-0.113037	0.929306	0.254181
1525628916.984489	1525628916.984489	-0.101608	0.955109	0.266205
1525628916.994477	1525628916.994477	-0.088669	0.999405	0.277725
1525628917.004610	1525628917.004610	-0.069229	1.052231	0.296478
1525628917.014355	1525628917.014355	-0.042267	1.105927	0.320312
1525628917.024455	1525628917.024455	-0.014435	1.157730	0.345551
1525628917.034392	1525628917.034392	0.002106	1.169510	0.379517
1525628917.044373	1525628917.044373	0.001617	1.143539	0.400757
1525628917.054351	1525628917.054351	-0.026489	1.118866	0.405685
1525628917.064282	1525628917.064282	-0.093689	1.071854	0.412537
1525628917.074394	1525628917.074394	-0.202698	1.021408	0.403412
1525628917.084286	1525628917.084286	-0.346680	0.983276	0.387299
1525628917.094264	1525628917.094264	-0.507065	0.945099	0.367203
1525628917.104202	1525628917.104202	-0.664246	0.919342	0.354507
1525628917.114224	1525628917.114224	-0.795090	0.922424	0.322830
1525628917.124238	1525628917.124238	-0.858612	0.911880	0.224838
1525628917.134260	1525628917.134260	-0.826736	0.829346	0.105103
1525628917.144166	1525628917.144166	-0.699249	0.691010	0.021652
1525628917.154087	1525628917.154087	-0.515091	0.555008	-0.000946
1525628917.164056	1525628917.164056	-0.330688	0.463089	0.026794
1525628917.174203	1525628917.174203	-0.186234	0.433990	0.053635
1525628917.184079	1525628917.184079	-0.092407	0.467239	0.059738
1525628917.194058	1525628917.194058	-0.053543	0.526230	0.077148
1525628917.204313	1525628917.204313	-0.074921	0.579391	0.119873
1525628917.214010	1525628917.214010	-0.156708	0.606430	0.168533
1525628917.223997	1525628917.223997	-0.278427	0.603867	0.202393
1525628917.233977	1525628917.233977	-0.417419	0.596085	0.231354
1525628917.243955	1525628917.243955	-0.559036	0.593674	0.266083
1525628917.253933	1525628917.253933	-0.685181	0.588181	0.297485
1525628917.263791	1525628917.263791	-0.778015	0.580124	0.313156
1525628917.273882	1525628917.273882	-0.811630	0.577927	0.323364
1525628917.283865	1525628917.283865	-0.782379	0.590897	0.331650
1525628917.293883	1525628917.293883	-0.697311	0.623550	0.330505
1525628917.305955	1525628917.305955	-0.578094	0.672424	0.313141
1525628917.313794	1525628917.313794	-0.449661	0.726730	0.288712
1525628917.323788	1525628917.323788	-0.328674	0.774689	0.261841
1525628917.333762	1525628917.333762	-0.227905	0.816833	0.231583
1525628917.343747	1525628917.343747	-0.154739	0.868790	0.212219
1525628917.353723	1525628917.353723	-0.117493	0.920090	0.219269
1525628917.363702	1525628917.363702	-0.114044	0.960251	0.232071
1525628917.373681	1525628917.373681	-0.143066	0.997208	0.238678
1525628917.383721	1525628917.383721	-0.191299	1.026672	0.237137
1525628917.393641	1525628917.393641	-0.244400	1.055756	0.226639
1525628917.403695	1525628917.403695	-0.296188	1.085983	0.210846
1525628917.413713	1525628917.413713	-0.338608	1.081635	0.208969
1525628917.424000	1525628917.424000	-0.358856	1.055908	0.228149
1525628917.433557	1525628917.433557	-0.348663	1.043686	0.264374
1525628917.443949	1525628917.443949	-0.306671	1.048920	0.293762
1525628917.453596	1525628917.453596	-0.246338	1.070602	0.298737
1525628917.463790	1525628917.463790	-0.181946	1.087296	0.279434
1525628917.473471	1525628917.473471	-0.126266	1.084885	0.249207
1525628917.483763	1525628917.483763	-0.088120	1.084061	0.229797
1525628917.493436	1525628917.493436	-0.073532	1.100418	0.236542
1525628917.503620	1525628917.503620	-0.072281	1.117676	0.262268
1525628917.513393	1525628917.513393	-0.077591	1.116974	0.282410
1525628917.523267	1525628917.523267	-0.098526	1.093369	0.282288
1525628917.533346	1525628917.533346	-0.123978	1.056885	0.266815
1525628917.543328	1525628917.543328	-0.144882	1.025024	0.250565
1525628917.553182	1525628917.553182	-0.160095	1.002823	0.261993
1525628917.563322	1525628917.563322	-0.165634	0.991928	0.295166
1525628917.573267	1525628917.573267	-0.162811	0.989746	0.332260
1525628917.583325	1525628917.583325	-0.158859	0.983612	0.359497
1525628917.593231	1525628917.593231	-0.155472	0.968887	0.373718
1525628917.603281	1525628917.603281	-0.154190	0.955582	0.379486
1525628917.613107	1525628917.613107	-0.155716	0.952637	0.381897
1525628917.623162	1525628917.623162	-0.160736	0.959717	0.378403
1525628917.635075	1525628917.635075	-0.169754	0.967697	0.364487
1525628917.643123	1525628917.643123	-0.182907	0.975616	0.348434
1525628917.653099	1525628917.653099	-0.204681	0.982346	0.329910
1525628917.663262	1525628917.663262	-0.238846	1.009079	0.284271
1525628917.673054	1525628917.673054	-0.282623	1.026062	0.251175
1525628917.683074	1525628917.683074	-0.293488	0.961197	0.359421
1525628917.693018	1525628917.693018	-0.219360	0.936554	0.554703
1525628917.703077	1525628917.703077	-0.033875	1.038391	0.606186
1525628917.712914	1525628917.712914	0.265747	1.202606	0.454163
1525628917.722915	1525628917.722915	0.599411	1.450729	0.137253
1525628917.732938	1525628917.732938	0.783295	1.696228	-0.269257
1525628917.742989	1525628917.742989	0.737762	1.743378	-0.408127
1525628917.752865	1525628917.752865	0.638504	1.523163	-0.153122
1525628917.763088	1525628917.763088	0.709244	1.060104	0.285889
1525628917.772855	1525628917.772855	0.818756	0.673309	0.771393
1525628917.782887	1525628917.782887	0.835037	0.558945	1.098907
1525628917.792877	1525628917.792877	0.725403	0.684753	0.980133
1525628917.802617	1525628917.802617	0.458389	0.916428	0.406998
1525628917.812837	1525628917.812837	0.102020	1.070206	-0.244278
1525628917.822776	1525628917.822776	-0.198975	1.059921	-0.501968
1525628917.832758	1525628917.832758	-0.343552	0.946457	-0.328400
1525628917.842686	1525628917.842686	-0.332306	0.808945	-0.026840
1525628917.852748	1525628917.852748	-0.199127	0.713638	0.184174
1525628917.862701	1525628917.862701	-0.038895	0.722382	0.243011
1525628917.872599	1525628917.872599	0.093475	0.834976	0.187210
1525628917.882732	1525628917.882732	0.191422	0.991547	0.134186
1525628917.892690	1525628917.892690	0.243912	1.111725	0.156586
1525628917.902759	1525628917.902759	0.262939	1.138245	0.198380
1525628917.912595	1525628917.912595	0.241272	1.081741	0.228531
1525628917.922661	1525628917.922661	0.186661	0.994141	0.249344
1525628917.932657	1525628917.932657	0.123886	0.927704	0.228546
1525628917.942655	1525628917.942655	0.068161	0.904022	0.167252
1525628917.952578	1525628917.952578	0.036575	0.913254	0.095398
1525628917.962468	1525628917.962468	0.032867	0.943436	0.041794
1525628917.972546	1525628917.972546	0.061203	0.972748	0.018585
1525628917.982500	1525628917.982500	0.113770	0.985245	0.038605
1525628917.992428	1525628917.992428	0.163208	0.989059	0.070251
1525628918.002540	1525628918.002540	0.188660	0.994003	0.088104
1525628918.012697	1525628918.012697	0.185852	0.999069	0.100174
1525628918.022051	1525628918.022051	0.159164	1.002686	0.121078
1525628918.031971	1525628918.031971	0.119553	0.999527	0.154129
1525628918.042114	1525628918.042114	0.074631	0.987396	0.182449
1525628918.052046	1525628918.052046	0.026688	0.974869	0.184082
1525628918.061952	1525628918.061952	-0.011246	0.963837	0.153168
1525628918.072034	1525628918.072034	-0.018402	0.953445	0.101700
1525628918.081899	1525628918.081899	0.008865	0.953949	0.040131
1525628918.091848	1525628918.091848	0.059235	0.969833	-0.008667
1525628918.101868	1525628918.101868	0.119080	0.988953	-0.025665
1525628918.111818	1525628918.111818	0.177734	1.001160	-0.009308
1525628918.121898	1525628918.121898	0.222717	1.005249	0.026520
1525628918.132044	1525628918.132044	0.240707	1.005554	0.062225
1525628918.141856	1525628918.141856	0.223297	1.006821	0.089462
1525628918.151949	1525628918.151949	0.173355	1.004257	0.108994
1525628918.161817	1525628918.161817	0.108826	0.996552	0.116821
1525628918.171751	1525628918.171751	0.050232	0.983719	0.112686
1525628918.181789	1525628918.181789	0.010468	0.974030	0.095840
1525628918.191592	1525628918.191592	-0.007172	0.969650	0.075012
1525628918.201767	1525628918.201767	-0.001724	0.968048	0.054504
1525628918.211718	1525628918.211718	0.018280	0.969177	0.062057
1525628918.221689	1525628918.221689	0.043671	0.976456	0.094650
1525628918.231631	1525628918.231631	0.066071	0.986069	0.123016
1525628918.241937	1525628918.241937	0.078384	0.993988	0.137711
1525628918.251914	1525628918.251914	0.071991	0.997025	0.139359
1525628918.262039	1525628918.262039	0.057358	0.988678	0.125198
1525628918.271837	1525628918.271837	0.047867	0.976868	0.103882
1525628918.281817	1525628918.281817	0.045090	0.973877	0.082077
1525628918.291798	1525628918.291798	0.050858	0.979385	0.070038
1525628918.301857	1525628918.301857	0.064026	0.987473	0.075607
1525628918.312020	1525628918.312020	0.075287	0.994247	0.094254
1525628918.321736	1525628918.321736	0.071869	0.997223	0.118164
1525628918.331711	1525628918.331711	0.056992	0.996094	0.123657
1525628918.341663	1525628918.341663	0.045364	0.988495	0.105957
1525628918.351545	1525628918.351545	0.045364	0.979980	0.083466
1525628918.361957	1525628918.361957	0.054733	0.980774	0.075089
1525628918.371632	1525628918.371632	0.066193	0.987091	0.079575
1525628918.381658	1525628918.381658	0.080750	0.992096	0.082062
1525628918.391541	1525628918.391541	0.095551	0.995407	0.076752
1525628918.401784	1525628918.401784	0.107513	0.998611	0.081207
1525628918.411549	1525628918.411549	0.118912	0.992859	0.106522
1525628918.421662	1525628918.421662	0.121460	0.989502	0.135223
1525628918.431497	1525628918.431497	0.096420	0.998291	0.144272
1525628918.441522	1525628918.441522	0.054764	1.004715	0.137131
1525628918.451466	1525628918.451466	0.023422	0.996704	0.131332
1525628918.461448	1525628918.461448	0.014862	0.983566	0.125793
1525628918.471639	1525628918.471639	0.021225	0.980148	0.108994
1525628918.481354	1525628918.481354	0.033676	0.983871	0.096207
1525628918.491358	1525628918.491358	0.042007	0.995346	0.092804
1525628918.501590	1525628918.501590	0.054092	1.001556	0.088226
1525628918.511220	1525628918.511220	0.080200	0.992126	0.083023
1525628918.521321	1525628918.521321	0.111191	0.979309	0.095215
1525628918.531610	1525628918.531610	0.125580	0.982529	0.121887
1525628918.541278	1525628918.541278	0.109680	1.004150	0.137192
1525628918.551259	1525628918.551259	0.060242	1.027588	0.114349
1525628918.561236	1525628918.561236	0.004349	1.025040	0.071671
1525628918.571215	1525628918.571215	-0.024765	0.991348	0.056641
1525628918.581195	1525628918.581195	-0.024506	0.961319	0.079529
1525628918.591317	1525628918.591317	-0.009140	0.958969	0.102844
1525628918.601226	1525628918.601226	0.012299	0.978821	0.110168
1525628918.611134	1525628918.611134	0.031845	0.994919	0.108215
1525628918.621247	1525628918.621247	0.041519	0.997208	0.095108
1525628918.631090	1525628918.631090	0.043442	0.982895	0.087921
1525628918.640997	1525628918.640997	0.033936	0.965515	0.095398
1525628918.651049	1525628918.651049	0.009354	0.973221	0.113525
1525628918.661030	1525628918.661030	-0.024124	0.992767	0.145538
1525628918.671225	1525628918.671225	-0.050171	1.005249	0.160721
1525628918.680985	1525628918.680985	-0.056427	0.997513	0.160538
1525628918.691452	1525628918.691452	-0.045441	0.966354	0.153809
1525628918.701022	1525628918.701022	-0.017654	0.936554	0.145401
1525628918.711286	1525628918.711286	0.022507	0.933060	0.143356
1525628918.721042	1525628918.721042	0.066498	0.951065	0.144943
1525628918.730879	1525628918.730879	0.104080	0.975403	0.162766
1525628918.740864	1525628918.740864	0.118195	1.006027	0.157516
1525628918.750978	1525628918.750978	0.110565	1.014786	0.108902
1525628918.761086	1525628918.761086	0.099182	0.995056	0.062256
1525628918.795256	1525628918.795256	0.096527	0.972870	0.062164
1525628918.795324	1525628918.795324	0.092697	0.950317	0.104019
1525628918.795392	1525628918.795392	0.092209	0.949905	0.123749
1525628918.801356	1525628918.801356	0.103180	0.969315	0.138168
1525628918.810779	1525628918.810779	0.123657	0.987167	0.154861
1525628918.821304	1525628918.821304	0.149139	0.990036	0.149155
1525628918.830746	1525628918.830746	0.170624	0.985931	0.142868
1525628918.841129	1525628918.841129	0.183334	0.991013	0.137833
1525628918.850776	1525628918.850776	0.187393	1.018387	0.135590
1525628918.861008	1525628918.861008	0.184158	1.034256	0.130981
1525628918.870586	1525628918.870586	0.165527	1.005920	0.140686
1525628918.880896	1525628918.880896	0.121780	0.961884	0.166779
1525628918.890800	1525628918.890800	0.057358	0.943466	0.177124
1525628918.900686	1525628918.900686	0.000839	0.947891	0.154266
1525628918.910506	1525628918.910506	-0.016693	0.949112	0.116318
1525628918.921673	1525628918.921673	0.023514	0.942017	0.086975
1525628918.930463	1525628918.930463	0.112167	0.941116	0.074982
1525628918.940437	1525628918.940437	0.212952	0.957840	0.068268
1525628918.950419	1525628918.950419	0.295105	0.993546	0.059158
1525628918.960276	1525628918.960276	0.348907	1.027786	0.058090
1525628918.970521	1525628918.970521	0.358902	1.038025	0.081116
1525628918.980359	1525628918.980359	0.317932	1.019775	0.121979
1525628918.990732	1525628918.990732	0.236282	0.999863	0.152359
1525628919.002635	1525628919.002635	0.146362	0.984711	0.159470
1525628919.010223	1525628919.010223	0.071487	0.964905	0.154404
1525628919.020281	1525628919.020281	0.028473	0.945145	0.139954
1525628919.030255	1525628919.030255	0.027008	0.932129	0.109924
1525628919.040175	1525628919.040175	0.069107	0.932922	0.072845
1525628919.050451	1525628919.050451	0.140442	0.952881	0.054001
1525628919.060194	1525628919.060194	0.226868	0.979691	0.055893
1525628919.070174	1525628919.070174	0.301193	1.003616	0.075180
1525628919.080011	1525628919.080011	0.329681	1.018555	0.116547
1525628919.090272	1525628919.090272	0.301926	1.016342	0.151825
1525628919.100429	1525628919.100429	0.239777	0.997665	0.157089
1525628919.110091	1525628919.110091	0.181458	0.972778	0.135193
1525628919.120052	1525628919.120052	0.145645	0.960236	0.104279
1525628919.129973	1525628919.129973	0.135513	0.965378	0.076096
1525628919.140054	1525628919.140054	0.148010	0.974091	0.060257
1525628919.150224	1525628919.150224	0.184219	0.971619	0.047485
1525628919.159988	1525628919.159988	0.228439	0.970215	0.031372
1525628919.170103	1525628919.170103	0.260117	0.977768	0.024750
1525628919.179957	1525628919.179957	0.270782	0.988983	0.037842
1525628919.190059	1525628919.190059	0.265305	0.995758	0.066483
1525628919.200020	1525628919.200020	0.258224	0.998215	0.082626
1525628919.209883	1525628919.209883	0.248596	0.998444	0.083679
1525628919.219997	1525628919.219997	0.234100	0.997543	0.066727
1525628919.229808	1525628919.229808	0.213974	0.995850	0.057083
1525628919.239957	1525628919.239957	0.193680	0.981033	0.070038
1525628919.249799	1525628919.249799	0.179169	0.961838	0.084564
1525628919.259780	1525628919.259780	0.176620	0.960327	0.082169
1525628919.269893	1525628919.269893	0.191376	0.972702	0.073624
1525628919.279689	1525628919.279689	0.211456	0.981720	0.078842
1525628919.289851	1525628919.289851	0.227783	0.982651	0.089798
1525628919.299808	1525628919.299808	0.240707	0.976349	0.091171
1525628919.309663	1525628919.309663	0.243317	0.971405	0.087189
1525628919.319822	1525628919.319822	0.239700	0.976044	0.068710
1525628919.329793	1525628919.329793	0.241455	0.991013	0.053192
1525628919.339634	1525628919.339634	0.252533	0.995743	0.062866
1525628919.349750	1525628919.349750	0.266891	0.988205	0.092209
1525628919.359617	1525628919.359617	0.264084	0.982880	0.130768
1525628919.369718	1525628919.369718	0.226547	0.978912	0.146378
1525628919.379656	1525628919.379656	0.155197	0.978638	0.121063
1525628919.389677	1525628919.389677	0.083023	0.976974	0.068802
1525628919.399598	1525628919.399598	0.035172	0.965500	0.043991
1525628919.409494	1525628919.409494	0.026276	0.951752	0.063843
1525628919.419610	1525628919.419610	0.058350	0.949509	0.102524
1525628919.429559	1525628919.429559	0.106445	0.958603	0.134827
1525628919.439313	1525628919.439313	0.146591	0.973984	0.144119
1525628919.449588	1525628919.449588	0.173874	0.981888	0.124435
1525628919.459478	1525628919.459478	0.200562	0.983383	0.096176
1525628919.469613	1525628919.469613	0.214020	0.993439	0.082809
1525628919.479453	1525628919.479453	0.214966	0.996429	0.066269
1525628919.489467	1525628919.489467	0.203918	0.988693	0.059937
1525628919.499516	1525628919.499516	0.176880	0.987076	0.060852
1525628919.509908	1525628919.509908	0.139709	0.988403	0.058777
1525628919.519404	1525628919.519404	0.104523	0.975067	0.065323
1525628919.529816	1525628919.529816	0.085175	0.946838	0.090439
1525628919.539362	1525628919.539362	0.093231	0.928680	0.105530
1525628919.549740	1525628919.549740	0.157776	0.925522	0.095306
1525628919.559638	1525628919.559638	0.236496	0.965424	0.093811
1525628919.569472	1525628919.569472	0.212524	1.074295	0.113922
1525628919.579378	1525628919.579378	0.212128	1.037323	0.141846
1525628919.589454	1525628919.589454	0.150970	0.994492	0.126236
1525628919.599386	1525628919.599386	0.091522	0.947952	0.091995
1525628919.609287	1525628919.609287	0.073380	0.926697	0.062439
1525628919.619064	1525628919.619064	0.104202	0.937424	0.068161
1525628919.629392	1525628919.629392	0.173859	0.962036	0.057480
1525628919.639157	1525628919.639157	0.266296	0.982864	0.001022
1525628919.648996	1525628919.648996	0.318161	1.007889	0.041885
1525628919.659071	1525628919.659071	0.313660	1.010956	0.080963
1525628919.668952	1525628919.668952	0.235474	0.999588	0.122894
1525628919.679111	1525628919.679111	0.140579	1.014130	0.119843
1525628919.689081	1525628919.689081	0.088913	1.012421	0.080643
1525628919.699108	1525628919.699108	0.087036	0.971771	0.119873
1525628919.708872	1525628919.708872	0.111267	0.955658	0.184158
1525628919.718847	1525628919.718847	0.090958	0.990158	0.001358
1525628919.730078	1525628919.730078	0.120300	0.991425	0.072128
1525628919.738947	1525628919.738947	0.114304	0.988739	0.081009
1525628919.748928	1525628919.748928	0.046753	0.951477	0.070587
1525628919.758844	1525628919.758844	0.051971	0.939163	0.056610
1525628919.768885	1525628919.768885	0.127029	0.996124	0.051971
1525628919.778993	1525628919.778993	0.195511	1.042816	0.077362
1525628919.788837	1525628919.788837	0.212708	1.022812	0.053558
1525628919.798898	1525628919.798898	0.214981	0.986359	0.015961
1525628919.808914	1525628919.808914	0.202332	0.975845	0.020386
1525628919.818641	1525628919.818641	0.160614	0.972977	0.053146
1525628919.828942	1525628919.828942	0.109024	0.969055	0.068649
1525628919.838734	1525628919.838734	0.053864	0.965637	0.073593
1525628919.848718	1525628919.848718	0.022049	0.966339	0.084732
1525628919.858530	1525628919.858530	0.028732	0.971375	0.090164
1525628919.868670	1525628919.868670	0.055939	0.983459	0.077240
1525628919.879010	1525628919.879010	0.089752	0.991440	0.055969
1525628919.888371	1525628919.888371	0.136551	1.001587	0.041107
1525628919.898694	1525628919.898694	0.168564	1.001633	0.036209
1525628919.908535	1525628919.908535	0.176926	0.994980	0.038528
1525628919.918650	1525628919.918650	0.168045	0.980331	0.044830
1525628919.928773	1525628919.928773	0.132004	0.985413	0.062515
1525628919.938524	1525628919.938524	0.109192	1.017014	0.073273
1525628919.948511	1525628919.948511	0.090836	1.012512	0.092896
1525628919.958545	1525628919.958545	0.082458	0.983887	0.089325
1525628919.968331	1525628919.968331	0.079666	0.963867	0.077621
1525628919.978677	1525628919.978677	0.090988	0.960037	0.083694
1525628919.988288	1525628919.988288	0.104538	0.967422	0.079895
1525628919.998477	1525628919.998477	0.113937	0.982178	0.072372
1525628920.008421	1525628920.008421	0.109634	0.985840	0.070618
1525628920.018785	1525628920.018785	0.099716	0.987076	0.073181
1525628920.028570	1525628920.028570	0.094208	0.988510	0.070038
1525628920.038459	1525628920.038459	0.105713	0.991348	0.065491
1525628920.048178	1525628920.048178	0.117538	0.994995	0.064102
1525628920.058151	1525628920.058151	0.117188	0.991165	0.067413
1525628920.068269	1525628920.068269	0.116226	0.990738	0.078033
1525628920.108801	1525628920.108801	0.114426	0.992004	0.076355
1525628920.109514	1525628920.109514	0.117142	0.986450	0.083481
1525628920.109645	1525628920.109645	0.131287	0.987656	0.085587
1525628920.110147	1525628920.110147	0.139038	0.987869	0.090149
1525628920.118074	1525628920.118074	0.134552	0.981812	0.090317
1525628920.128071	1525628920.128071	0.124847	0.991943	0.098053
1525628920.138070	1525628920.138070	0.111282	1.005814	0.106750
1525628920.147982	1525628920.147982	0.093277	0.999725	0.098557
1525628920.157965	1525628920.157965	0.086807	0.999146	0.100525
1525628920.167955	1525628920.167955	0.096603	1.005966	0.092712
1525628920.177912	1525628920.177912	0.109711	0.991257	0.098083
1525628920.187919	1525628920.187919	0.111679	0.969330	0.107941
1525628920.197921	1525628920.197921	0.120758	0.963409	0.101990
1525628920.207736	1525628920.207736	0.133820	0.967972	0.090500
1525628920.218396	1525628920.218396	0.141312	0.977463	0.065842
1525628920.227811	1525628920.227811	0.141266	0.975021	0.062927
1525628920.237979	1525628920.237979	0.142700	0.982956	0.070999
1525628920.247720	1525628920.247720	0.141602	0.997391	0.055679
1525628920.257739	1525628920.257739	0.157059	1.005203	0.043945
1525628920.267854	1525628920.267854	0.181335	0.996857	0.064072
1525628920.277922	1525628920.277922	0.178345	0.981522	0.080505
1525628920.287682	1525628920.287682	0.156052	0.980026	0.091736
1525628920.297668	1525628920.297668	0.123581	0.987091	0.100510
1525628920.307729	1525628920.307729	0.092728	0.986435	0.104721
1525628920.317626	1525628920.317626	0.084381	0.992126	0.105972
1525628920.328013	1525628920.328013	0.092041	0.994888	0.108612
1525628920.337552	1525628920.337552	0.100433	0.982254	0.094543
1525628920.347753	1525628920.347753	0.110336	0.956451	0.109482
1525628920.357628	1525628920.357628	0.096252	0.936203	0.089645
1525628920.367471	1525628920.367471	0.123047	1.011627	0.058716
1525628920.377540	1525628920.377540	0.153534	1.050812	0.092331
1525628920.387512	1525628920.387512	0.138901	0.978790	0.108398
1525628920.398003	1525628920.398003	0.140228	0.961929	0.099976
1525628920.407672	1525628920.407672	0.144897	0.981995	0.115616
1525628920.417348	1525628920.417348	0.133072	0.981964	0.093063
1525628920.427570	1525628920.427570	0.124771	0.985641	0.069702
1525628920.437453	1525628920.437453	0.125580	0.984482	0.076477
1525628920.447350	1525628920.447350	0.133957	0.977463	0.078247
1525628920.457354	1525628920.457354	0.144531	0.971588	0.106720
1525628920.467410	1525628920.467410	0.135162	0.967209	0.112030
1525628920.477303	1525628920.477303	0.142410	1.010757	0.030441
1525628920.487266	1525628920.487266	0.140869	0.995026	0.086197
1525628920.497211	1525628920.497211	0.133194	0.988251	0.106567
1525628920.507336	1525628920.507336	0.129395	0.985016	0.112640
1525628920.517368	1525628920.517368	0.119141	0.983307	0.107941
1525628920.528286	1525628920.528286	0.114624	0.985367	0.091827
1525628920.538511	1525628920.538511	0.121262	0.986740	0.080994
1525628920.549644	1525628920.549644	0.133453	0.977417	0.089508
1525628920.557390	1525628920.557390	0.136475	0.976364	0.092606
1525628920.567139	1525628920.567139	0.127380	0.972183	0.114319
1525628920.577085	1525628920.577085	0.097626	0.970093	0.107559
1525628920.587115	1525628920.587115	0.116776	1.021057	0.026627
1525628920.597159	1525628920.597159	0.129196	0.999329	0.097504
1525628920.610910	1525628920.610910	0.136429	0.985291	0.103714
1525628920.617294	1525628920.617294	0.142792	0.980286	0.091537
1525628920.627028	1525628920.627028	0.136749	0.985825	0.083344
1525628920.637045	1525628920.637045	0.130203	0.992035	0.069794
1525628920.646814	1525628920.646814	0.123611	0.989777	0.060425
1525628920.662970	1525628920.662970	0.130630	0.988861	0.069672
1525628920.667064	1525628920.667064	0.138611	0.987701	0.079010
1525628920.677083	1525628920.677083	0.137894	0.984650	0.085571
1525628920.687104	1525628920.687104	0.128159	0.981583	0.086319
1525628920.700963	1525628920.700963	0.119034	0.983093	0.082794
1525628920.707039	1525628920.707039	0.116135	0.987518	0.082626
1525628920.716842	1525628920.716842	0.118881	0.985703	0.086594
1525628920.727377	1525628920.727377	0.121490	0.981155	0.080948
1525628920.739668	1525628920.739668	0.119537	0.985184	0.075241
1525628920.753671	1525628920.753671	0.122864	0.993744	0.079559
1525628920.756908	1525628920.756908	0.126343	0.991837	0.069290
1525628920.766771	1525628920.766771	0.134491	0.985168	0.064407
1525628920.778311	1525628920.778311	0.140625	0.986282	0.072266
1525628920.791980	1525628920.791980	0.135056	0.989548	0.073700
1525628920.796957	1525628920.796957	0.124298	0.993073	0.068954
1525628920.806680	1525628920.806680	0.107086	0.987610	0.068665
1525628920.816560	1525628920.816560	0.097351	0.977066	0.070648
1525628920.828826	1525628920.828826	0.102158	0.979141	0.070816
1525628920.842925	1525628920.842925	0.112488	0.987076	0.068604
1525628920.847068	1525628920.847068	0.123535	0.991028	0.075699
1525628920.856713	1525628920.856713	0.127777	0.991867	0.081161
1525628920.869216	1525628920.869216	0.122498	0.994522	0.078217
1525628920.878944	1525628920.878944	0.115509	0.995697	0.072464
1525628920.886548	1525628920.886548	0.111618	0.983658	0.065948
1525628920.896565	1525628920.896565	0.109695	0.974518	0.060471
1525628920.907244	1525628920.907244	0.116852	0.982178	0.068054
1525628920.920275	1525628920.920275	0.115570	0.977554	0.064285
1525628920.933739	1525628920.933739	0.108597	0.974396	0.064957
1525628920.936365	1525628920.936365	0.107864	0.981430	0.078995
1525628920.946752	1525628920.946752	0.107056	0.990509	0.085037
1525628920.956277	1525628920.956277	0.108276	0.992981	0.084778
1525628920.972200	1525628920.972200	0.108932	0.992828	0.072632
1525628920.976228	1525628920.976228	0.107590	0.995300	0.062439
1525628920.986281	1525628920.986281	0.111664	0.991867	0.064743
1525628920.996396	1525628920.996396	0.117142	0.984085	0.063599
1525628921.011218	1525628921.011218	0.116577	0.981079	0.059982
1525628921.016174	1525628921.016174	0.122116	0.985748	0.062393
1525628921.026208	1525628921.026208	0.122604	0.981598	0.063110
1525628921.036214	1525628921.036214	0.105469	0.949738	0.110794
1525628921.049250	1525628921.049250	0.095444	0.993149	0.023880
1525628921.060879	1525628921.060879	0.125854	1.015991	0.047211
1525628921.066080	1525628921.066080	0.134247	0.996735	0.069244
1525628921.076124	1525628921.076124	0.132965	0.985764	0.046371
1525628921.086082	1525628921.086082	0.139069	0.986282	0.047089
1525628921.098019	1525628921.098019	0.133499	0.984619	0.037369
1525628921.106037	1525628921.106037	0.124954	0.981232	0.022827
1525628921.115996	1525628921.115996	0.130798	0.998901	0.027939
1525628921.126172	1525628921.126172	0.132339	1.009354	0.039627
1525628921.138333	1525628921.138333	0.117462	1.006332	0.052521
1525628921.151619	1525628921.151619	0.110184	0.994675	0.067596
1525628921.155906	1525628921.155906	0.101273	0.985825	0.081192
1525628921.165756	1525628921.165756	0.084686	0.979553	0.078400
1525628921.176806	1525628921.176806	0.090027	0.969818	0.081161
1525628921.189728	1525628921.189728	0.120468	0.963287	0.128464
1525628921.203533	1525628921.203533	0.171921	0.992889	0.145782
1525628921.206030	1525628921.206030	0.066208	0.981903	0.075699
1525628921.215808	1525628921.215808	0.029083	0.950684	0.049637
1525628921.225834	1525628921.225834	0.084564	0.972229	0.074066
1525628921.235797	1525628921.235797	0.127838	1.004745	0.096924
1525628921.245722	1525628921.245722	0.149292	1.002274	0.084824
1525628921.255708	1525628921.255708	0.184235	0.993118	0.056580
1525628921.265682	1525628921.265682	0.242310	0.994766	0.049271
1525628921.275663	1525628921.275663	0.241226	1.017715	0.056946
1525628921.285642	1525628921.285642	0.149323	1.017136	0.062866
1525628921.295650	1525628921.295650	0.052902	0.994202	0.056534
1525628921.305560	1525628921.305560	0.007401	0.990402	0.065628
1525628921.315544	1525628921.315544	0.015854	1.000595	0.091385
1525628921.325603	1525628921.325603	0.064301	0.998047	0.096512
1525628921.335379	1525628921.335379	0.116058	0.983505	0.088257
1525628921.347085	1525628921.347085	0.150757	0.972366	0.079651
1525628921.355459	1525628921.355459	0.163116	0.967438	0.070404
1525628921.365442	1525628921.365442	0.152756	0.976868	0.073380
1525628921.375422	1525628921.375422	0.127716	0.990967	0.081940
1525628921.385397	1525628921.385397	0.095108	0.996841	0.092224
1525628921.395776	1525628921.395776	0.091003	0.991592	0.084824
1525628921.405358	1525628921.405358	0.107941	0.982544	0.063324
1525628921.415338	1525628921.415338	0.129822	0.976013	0.059250
1525628921.425262	1525628921.425262	0.145218	0.979996	0.061111
1525628921.435298	1525628921.435298	0.139145	0.986740	0.067596
1525628921.445496	1525628921.445496	0.116257	0.988495	0.084381
1525628921.455329	1525628921.455329	0.104538	0.991409	0.094482
1525628921.465236	1525628921.465236	0.106125	0.993469	0.090164
1525628921.475245	1525628921.475245	0.108582	0.987198	0.087646
1525628921.485194	1525628921.485194	0.113739	0.983047	0.088745
1525628921.495470	1525628921.495470	0.125977	0.985413	0.084259
1525628921.505151	1525628921.505151	0.137619	0.992157	0.079514
1525628921.515128	1525628921.515128	0.139801	0.990479	0.077072
1525628921.525149	1525628921.525149	0.130035	0.985306	0.074585
1525628921.535093	1525628921.535093	0.122406	0.990082	0.070587
1525628921.545297	1525628921.545297	0.117508	0.990448	0.069016
1525628921.555048	1525628921.555048	0.117828	0.984955	0.072540
1525628921.565026	1525628921.565026	0.125198	0.984955	0.077744
1525628921.575058	1525628921.575058	0.132690	0.987457	0.086700
1525628921.584854	1525628921.584854	0.135132	0.988403	0.091171
1525628921.595848	1525628921.595848	0.128937	0.985245	0.085358
1525628921.604938	1525628921.604938	0.122971	0.979691	0.078506
1525628921.615619	1525628921.615619	0.123688	0.983795	0.079788
1525628921.624957	1525628921.624957	0.126633	0.987473	0.083923
1525628921.635283	1525628921.635283	0.127548	0.987030	0.084686
1525628921.644857	1525628921.644857	0.127243	0.985565	0.082779
1525628921.655161	1525628921.655161	0.127975	0.984680	0.083633
1525628921.664816	1525628921.664816	0.132278	0.984741	0.086060
1525628921.675230	1525628921.675230	0.131561	0.982727	0.081970
1525628921.684773	1525628921.684773	0.128128	0.984619	0.078186
1525628921.695435	1525628921.695435	0.136337	0.993134	0.076599
1525628921.704735	1525628921.704735	0.140045	0.991425	0.071869
1525628921.714612	1525628921.714612	0.136383	0.981903	0.070633
1525628921.725594	1525628921.725594	0.139374	0.985214	0.077316
1525628921.734674	1525628921.734674	0.140213	0.993149	0.079376
1525628921.744524	1525628921.744524	0.130936	0.984985	0.081696
1525628921.754630	1525628921.754630	0.127182	0.979340	0.075150
1525628921.764602	1525628921.764602	0.127106	0.980087	0.071793
1525628921.774717	1525628921.774717	0.129623	0.984756	0.072617
1525628921.785085	1525628921.785085	0.132782	0.988800	0.073425
1525628921.794626	1525628921.794626	0.135330	0.989136	0.069794
1525628921.804670	1525628921.804670	0.135605	0.991608	0.074417
1525628921.815352	1525628921.815352	0.140182	0.991959	0.078720
1525628921.852896	1525628921.852896	0.142426	0.985626	0.074554
1525628921.853177	1525628921.853177	0.145325	0.983688	0.077423
1525628921.853257	1525628921.853257	0.145782	0.986603	0.082916
1525628921.854621	1525628921.854621	0.137634	0.984436	0.079910
1525628921.864404	1525628921.864404	0.130051	0.982162	0.076340
1525628921.874301	1525628921.874301	0.125443	0.983261	0.073669
1525628921.884389	1525628921.884389	0.124832	0.986221	0.073273
1525628921.895479	1525628921.895479	0.128891	0.989868	0.076401
1525628921.904186	1525628921.904186	0.135818	0.991425	0.080078
1525628921.914293	1525628921.914293	0.142639	0.989655	0.072678
1525628921.924269	1525628921.924269	0.145569	0.986694	0.070572
1525628921.934327	1525628921.934327	0.145935	0.994827	0.131302
1525628921.972485	1525628921.972485	0.154160	1.006821	0.131027
1525628921.972836	1525628921.972836	0.129059	0.962433	0.032883
1525628921.972965	1525628921.972965	0.097824	0.945374	0.041946
1525628921.974086	1525628921.974086	0.128006	0.994766	0.044815
1525628921.984220	1525628921.984220	0.139999	1.001648	0.054337
1525628921.994213	1525628921.994213	0.143723	0.983063	0.052002
1525628922.004141	1525628922.004141	0.153625	0.981232	0.064438
1525628922.014122	1525628922.014122	0.146362	0.980179	0.070648
1525628922.024099	1525628922.024099	0.132996	0.977173	0.072235
1525628922.034108	1525628922.034108	0.130829	0.984970	0.067657
1525628922.044065	1525628922.044065	0.140488	1.000336	0.078415
1525628922.054026	1525628922.054026	0.144150	1.008530	0.096680
1525628922.063895	1525628922.063895	0.128647	0.987152	0.091125
1525628922.074025	1525628922.074025	0.109711	0.975067	0.100449
1525628922.084073	1525628922.084073	0.105713	0.985321	0.097305
1525628922.094056	1525628922.094056	0.111404	0.985229	0.062531
1525628922.103972	1525628922.103972	0.121948	0.984207	0.055283
1525628922.113796	1525628922.113796	0.132050	0.989014	0.060425
1525628922.126808	1525628922.126808	0.140884	0.995300	0.048904
1525628922.133880	1525628922.133880	0.150269	0.996216	0.057343
1525628922.143849	1525628922.143849	0.149475	0.995819	0.056229
1525628922.153834	1525628922.153834	0.143677	0.984406	0.066925
1525628922.163692	1525628922.163692	0.133896	0.978424	0.096268
1525628922.173787	1525628922.173787	0.120636	0.977768	0.104141
1525628922.183778	1525628922.183778	0.114120	0.982544	0.092896
1525628922.193809	1525628922.193809	0.114761	0.980988	0.081177
1525628922.203791	1525628922.203791	0.122116	0.979843	0.068924
1525628922.215094	1525628922.215094	0.136566	0.984268	0.063889
1525628922.223624	1525628922.223624	0.143677	0.984039	0.063232
1525628922.233719	1525628922.233719	0.143356	0.981918	0.049713
1525628922.243698	1525628922.243698	0.150665	0.991653	0.061157
1525628922.253697	1525628922.253697	0.143814	0.991440	0.077347
1525628922.266090	1525628922.266090	0.137589	0.999054	0.088821
1525628922.273673	1525628922.273673	0.134979	1.010315	0.089218
1525628922.283607	1525628922.283607	0.130188	0.999039	0.077209
1525628922.293665	1525628922.293665	0.138245	0.988358	0.068634
1525628922.304222	1525628922.304222	0.145538	0.987854	0.065887
1525628922.314663	1525628922.314663	0.141663	0.981766	0.060089
1525628922.323605	1525628922.323605	0.134628	0.977051	0.070160
1525628922.333506	1525628922.333506	0.127792	0.980865	0.085236
1525628922.343559	1525628922.343559	0.123154	0.991806	0.089600
1525628922.354777	1525628922.354777	0.121384	0.990402	0.086975
1525628922.364719	1525628922.364719	0.118484	0.979233	0.073776
1525628922.373424	1525628922.373424	0.111786	0.980408	0.077026
1525628922.383228	1525628922.383228	0.119553	0.986526	0.074600
1525628922.393374	1525628922.393374	0.133530	0.990067	0.076492
1525628922.405650	1525628922.405650	0.147659	0.997330	0.080750
1525628922.413405	1525628922.413405	0.148621	0.993652	0.092575
1525628922.423293	1525628922.423293	0.146561	0.992462	0.096451
1525628922.433313	1525628922.433313	0.137024	0.986176	0.083099
1525628922.443663	1525628922.443663	0.123428	0.982407	0.061600
1525628922.456034	1525628922.456034	0.111771	0.974457	0.052170
1525628922.463386	1525628922.463386	0.114410	0.977951	0.067688
