1525628912.720399	1525628912.720399	0.003578	-0.026677	-0.036144
1525628912.727100	1525628912.727100	0.002474	-0.036264	-0.035092
1525628912.737071	1525628912.737071	0.001276	-0.046913	-0.026592
1525628912.747068	1525628912.747068	-0.003125	-0.058614	-0.018131
1525628912.756975	1525628912.756975	-0.011631	-0.052184	-0.019299
1525628912.767161	1525628912.767161	-0.015864	-0.043640	-0.020416
1525628912.776935	1525628912.776935	-0.020131	-0.032963	-0.018339
1525628912.786945	1525628912.786945	-0.018999	-0.027640	-0.022583
1525628912.797050	1525628912.797050	-0.017898	-0.019119	-0.023634
1525628912.806949	1525628912.806949	-0.016921	-0.008461	-0.014043
1525628912.817052	1525628912.817052	-0.014923	-0.005267	-0.002311
1525628912.826822	1525628912.826822	-0.016017	-0.010591	-0.001260
1525628912.836839	1525628912.836839	-0.019230	-0.015906	-0.001299
1525628912.846935	1525628912.846935	-0.018153	-0.022306	-0.003414
1525628912.856724	1525628912.856724	-0.014948	-0.030847	-0.005504
1525628912.866838	1525628912.866838	-0.012807	-0.032989	-0.006542
1525628912.876786	1525628912.876786	-0.010647	-0.027669	-0.007580
1525628912.886724	1525628912.886724	-0.010620	-0.011682	-0.006516
1525628912.896895	1525628912.896895	-0.007542	-0.013822	0.003101
1525628912.906688	1525628912.906688	0.001890	-0.029844	0.013861
1525628912.916866	1525628912.916866	0.006038	-0.051176	0.019234
1525628912.926614	1525628912.926614	-0.000421	-0.058608	0.022348
1525628912.936844	1525628912.936844	-0.002536	-0.067127	0.019129
1525628912.946878	1525628912.946878	0.000692	-0.092723	0.011719
1525628912.957179	1525628912.957179	0.002817	-0.101259	0.010681
1525628912.967293	1525628912.967293	0.007169	-0.083160	0.007541
1525628912.976376	1525628912.976376	0.010441	-0.070386	0.004387
1525628912.986879	1525628912.986879	0.014771	-0.071472	-0.000882
1525628912.997402	1525628912.997402	0.015856	-0.074675	-0.002997
1525628913.006454	1525628913.006454	0.005334	-0.068241	-0.013769
1525628913.016704	1525628913.016704	0.000206	-0.047974	-0.026605
1525628913.026714	1525628913.026714	0.006768	-0.025624	-0.035040
1525628913.037667	1525628913.037667	0.020630	-0.018221	-0.032742
1525628913.047022	1525628913.047022	0.024879	-0.015041	-0.030562
1525628913.056846	1525628913.056846	0.029223	0.005190	-0.032638
1525628913.066737	1525628913.066737	0.029334	0.023306	-0.037959
1525628913.076742	1525628913.076742	0.027294	0.029707	-0.044370
1525628913.086526	1525628913.086526	0.028424	0.033963	-0.048614
1525628913.096511	1525628913.096511	0.029530	0.044616	-0.049665
1525628913.106490	1525628913.106490	0.027518	0.061675	-0.056076
1525628913.116377	1525628913.116377	0.025448	0.087263	-0.056102
1525628913.126703	1525628913.126703	0.013671	0.096908	-0.050925
1525628913.136347	1525628913.136347	0.003983	0.099084	-0.043593
1525628913.146356	1525628913.146356	-0.004705	0.105522	-0.029863
1525628913.156399	1525628913.156399	-0.021992	0.091746	-0.015173
1525628913.166859	1525628913.166859	-0.046845	0.054556	0.002618
1525628913.176896	1525628913.176896	-0.088773	0.020637	0.021265
1525628913.186335	1525628913.186335	-0.139019	0.036843	0.032358
1525628913.196337	1525628913.196337	-0.189936	0.143639	0.029603
1525628913.206297	1525628913.206297	-0.240750	0.276012	0.023656
1525628913.216272	1525628913.216272	-0.264253	0.409351	0.053166
1525628913.226255	1525628913.226255	-0.260329	0.496751	0.098979
1525628913.236215	1525628913.236215	-0.164545	0.523001	0.124630
1525628913.252443	1525628913.252443	-0.056209	0.525718	0.079123
1525628913.256102	1525628913.256102	-0.066815	0.633378	0.008743
1525628913.266216	1525628913.266216	-0.137509	0.750938	0.054706
1525628913.276145	1525628913.276145	-0.286896	0.735584	0.051815
1525628913.286126	1525628913.286126	-0.286497	0.698300	0.098653
1525628913.295982	1525628913.295982	-0.128307	0.562326	0.222993
1525628913.306082	1525628913.306082	0.047237	0.450784	0.329451
1525628913.316065	1525628913.316065	0.153736	0.411966	0.338205
1525628913.326121	1525628913.326121	0.147581	0.378901	0.224245
1525628913.336022	1525628913.336022	0.070606	0.358904	0.058328
1525628913.345850	1525628913.345850	-0.013300	0.357075	-0.060842
1525628913.355979	1525628913.355979	-0.033449	0.343299	-0.073860
1525628913.365959	1525628913.365959	0.018991	0.284485	-0.011484
1525628913.375940	1525628913.375940	0.074489	0.184093	0.054123
1525628913.385914	1525628913.385914	0.084984	0.104111	0.052126
1525628913.395841	1525628913.395841	0.065716	0.119079	-0.026873
1525628913.405874	1525628913.405874	0.049470	0.196890	-0.165441
1525628913.415854	1525628913.415854	0.056099	0.290575	-0.338853
1525628913.425837	1525628913.425837	0.062962	0.362933	-0.535678
1525628913.435812	1525628913.435812	-0.018718	0.365316	-0.748484
1525628913.445811	1525628913.445811	0.016945	0.556972	-0.833203
1525628913.456495	1525628913.456495	0.243452	1.010153	-0.590965
1525628913.465807	1525628913.465807	0.355246	1.343510	-0.068072
1525628913.475668	1525628913.475668	0.197222	1.306047	0.454725
1525628913.485700	1525628913.485700	-0.094990	0.947124	0.629974
1525628913.495781	1525628913.495781	-0.242132	0.477603	0.351455
1525628913.505902	1525628913.505902	-0.169771	0.086947	-0.234109
1525628913.515649	1525628913.515649	-0.032018	-0.090856	-0.888064
1525628913.525626	1525628913.525626	-0.029908	-0.118812	-1.413831
1525628913.535626	1525628913.535626	-0.170701	-0.130057	-1.681642
1525628913.546281	1525628913.546281	-0.181453	0.104530	-1.540221
1525628913.555563	1525628913.555563	0.017479	0.685886	-0.937507
1525628913.565537	1525628913.565537	0.155637	1.323043	-0.066256
1525628913.575521	1525628913.575521	0.032334	1.546636	0.636835
1525628913.585497	1525628913.585497	-0.190815	1.262044	0.851243
1525628913.595716	1525628913.595716	-0.293339	0.815790	0.593492
1525628913.605458	1525628913.605458	-0.263175	0.492487	0.069142
1525628913.615323	1525628913.615323	-0.181136	0.419427	-0.457774
1525628913.625975	1525628913.625975	-0.118846	0.469089	-0.828475
1525628913.635651	1525628913.635651	-0.132871	0.357156	-1.012777
1525628913.646132	1525628913.646132	-0.167406	0.131345	-1.027029
1525628913.655364	1525628913.655364	-0.184247	0.068598	-0.884609
1525628913.665784	1525628913.665784	-0.217877	0.328920	-0.612553
1525628913.675288	1525628913.675288	-0.215510	0.865169	-0.261302
1525628913.685631	1525628913.685631	-0.147046	1.412864	0.097144
1525628913.695583	1525628913.695583	-0.065679	1.765441	0.407856
1525628913.705371	1525628913.705371	-0.011536	1.932646	0.638415
1525628913.715351	1525628913.715351	0.001810	1.975284	0.776944
1525628913.725478	1525628913.725478	-0.023276	1.917851	0.809634
1525628913.735185	1525628913.735185	-0.053540	1.754871	0.720927
1525628913.745352	1525628913.745352	-0.063765	1.471329	0.539869
1525628913.755274	1525628913.755274	-0.059796	1.056607	0.305772
1525628913.765263	1525628913.765263	-0.062323	0.541722	0.058825
1525628913.775278	1525628913.775278	-0.091784	0.088783	-0.154393
1525628913.785086	1525628913.785086	-0.150367	-0.172158	-0.303047
1525628913.795383	1525628913.795383	-0.199713	-0.213548	-0.377091
1525628913.805043	1525628913.805043	-0.136598	-0.104034	-0.367807
1525628913.815021	1525628913.815021	-0.016740	0.091610	-0.269490
1525628913.825094	1525628913.825094	0.116033	0.302156	-0.090125
1525628913.834983	1525628913.834983	0.201296	0.478816	0.128042
1525628913.844966	1525628913.844966	0.161482	0.595220	0.265918
1525628913.854918	1525628913.854918	0.025413	0.567000	0.218487
1525628913.865071	1525628913.865071	-0.140741	0.435445	-0.007057
1525628913.874882	1525628913.874882	-0.247157	0.279081	-0.323404
1525628913.884806	1525628913.884806	-0.251438	0.128690	-0.614021
1525628913.894889	1525628913.894889	-0.182002	-0.026242	-0.826039
1525628913.904745	1525628913.904745	-0.106233	-0.144919	-0.937931
1525628913.914855	1525628913.914855	-0.068789	-0.254870	-0.968336
1525628913.924824	1525628913.924824	-0.065267	-0.328405	-0.922523
1525628913.934807	1525628913.934807	-0.070878	-0.317673	-0.810834
1525628913.944783	1525628913.944783	-0.071619	-0.200354	-0.639485
1525628913.954761	1525628913.954761	-0.059542	-0.035125	-0.459466
1525628913.964739	1525628913.964739	-0.025798	0.116144	-0.308983
1525628913.974719	1525628913.974719	0.015871	0.193815	-0.210555
1525628913.984701	1525628913.984701	0.021658	0.183154	-0.162588
1525628913.994687	1525628913.994687	-0.007401	0.123596	-0.154426
1525628914.004654	1525628914.004654	-0.015905	0.052215	-0.171558
1525628914.014677	1525628914.014677	-0.017898	0.009582	-0.191804
1525628914.024616	1525628914.024616	-0.043085	0.004344	-0.227236
1525628914.034594	1525628914.034594	-0.062698	-0.103253	-0.303042
1525628914.044593	1525628914.044593	-0.056552	-0.165131	-0.381727
1525628914.054554	1525628914.054554	-0.031236	-0.099181	-0.431444
1525628914.064407	1525628914.064407	-0.029802	-0.014994	-0.444202
1525628914.074513	1525628914.074513	-0.062951	0.022456	-0.430772
1525628914.084489	1525628914.084489	-0.093127	0.010870	-0.408789
1525628914.094453	1525628914.094453	-0.091287	-0.012577	-0.389607
1525628914.104402	1525628914.104402	-0.080660	-0.029675	-0.389477
1525628914.114381	1525628914.114381	-0.082599	-0.035003	-0.406530
1525628914.124396	1525628914.124396	-0.119592	-0.047650	-0.437848
1525628914.134385	1525628914.134385	-0.150128	-0.068853	-0.475474
1525628914.144365	1525628914.144365	-0.113541	-0.069020	-0.500571
1525628914.154382	1525628914.154382	-0.045036	-0.036275	-0.511442
1525628914.164338	1525628914.164338	0.000884	0.028548	-0.501303
1525628914.174423	1525628914.174423	0.008164	0.089281	-0.473543
1525628914.184280	1525628914.184280	-0.037132	0.082030	-0.435779
1525628914.194261	1525628914.194261	-0.118763	0.014178	-0.405909
1525628914.204242	1525628914.204242	-0.145753	-0.045386	-0.392401
1525628914.214219	1525628914.214219	-0.111592	-0.078575	-0.400497
1525628914.224128	1525628914.224128	-0.072763	-0.103271	-0.439403
1525628914.234187	1525628914.234187	-0.056077	-0.122553	-0.498802
1525628914.244157	1525628914.244157	-0.057533	-0.127902	-0.555231
1525628914.254135	1525628914.254135	-0.089079	-0.132048	-0.593933
1525628914.264133	1525628914.264133	-0.118789	-0.113808	-0.603877
1525628914.274146	1525628914.274146	-0.088108	-0.107533	-0.581150
1525628914.284071	1525628914.284071	-0.054589	-0.163079	-0.541357
1525628914.294060	1525628914.294060	-0.023035	-0.155736	-0.502654
1525628914.304032	1525628914.304032	0.020512	-0.082366	-0.471258
1525628914.314016	1525628914.314016	0.053278	-0.012144	-0.431478
1525628914.324052	1525628914.324052	0.036699	0.018859	-0.378463
1525628914.334490	1525628914.334490	0.013824	0.049884	-0.334041
1525628914.343951	1525628914.343951	0.067060	0.084837	-0.317426
1525628914.354437	1525628914.354437	0.151579	0.132436	-0.325973
1525628914.363915	1525628914.363915	0.190236	0.164240	-0.339337
1525628914.374412	1525628914.374412	0.175253	0.177096	-0.333135
1525628914.383745	1525628914.383745	0.152384	0.158024	-0.299354
1525628914.394166	1525628914.394166	0.132403	0.113369	-0.245315
1525628914.403824	1525628914.403824	0.099639	0.034659	-0.199946
1525628914.414018	1525628914.414018	0.083270	-0.028147	-0.183115
1525628914.423842	1525628914.423842	0.100676	-0.034629	-0.211639
1525628914.433643	1525628914.433643	0.125940	-0.031565	-0.269870
1525628914.443744	1525628914.443744	0.138528	-0.034847	-0.339964
1525628914.453685	1525628914.453685	0.128614	-0.030569	-0.400754
1525628914.463698	1525628914.463698	0.109865	-0.020913	-0.436107
1525628914.473737	1525628914.473737	0.093859	-0.043229	-0.440560
1525628914.483655	1525628914.483655	0.073094	-0.063375	-0.404625
1525628914.493638	1525628914.493638	0.074524	-0.047366	-0.343939
1525628914.503970	1525628914.503970	0.061044	-0.025966	-0.284501
1525628914.513593	1525628914.513593	0.032970	-0.008780	-0.253978
1525628914.523851	1525628914.523851	0.010332	-0.034258	-0.240418
1525628914.533585	1525628914.533585	-0.010196	-0.017107	-0.216189
1525628914.543414	1525628914.543414	-0.042336	0.007551	-0.200618
1525628914.553515	1525628914.553515	-0.065611	0.018301	-0.214739
1525628914.563496	1525628914.563496	-0.066175	0.000165	-0.259449
1525628914.573480	1525628914.573480	-0.060286	-0.018001	-0.308337
1525628914.583447	1525628914.583447	-0.049174	-0.034053	-0.347581
1525628914.593431	1525628914.593431	-0.038192	-0.075681	-0.381505
1525628914.603566	1525628914.603566	-0.035970	-0.144978	-0.402763
1525628914.613395	1525628914.613395	-0.039375	-0.200383	-0.397481
1525628914.623366	1525628914.623366	-0.040877	-0.197163	-0.361312
1525628914.633351	1525628914.633351	-0.036125	-0.153460	-0.304844
1525628914.643326	1525628914.643326	-0.034358	-0.075643	-0.259057
1525628914.653308	1525628914.653308	-0.025787	0.022383	-0.241926
1525628914.663288	1525628914.663288	-0.005173	0.112885	-0.251255
1525628914.673141	1525628914.673141	0.007977	0.168244	-0.268126
1525628914.683290	1525628914.683290	-0.009839	0.176835	-0.292824
1525628914.693225	1525628914.693225	-0.022256	0.142764	-0.331292
1525628914.703278	1525628914.703278	-0.000454	0.098953	-0.377856
1525628914.713182	1525628914.713182	0.004516	0.108499	-0.433142
1525628914.724169	1525628914.724169	-0.007463	0.129838	-0.496086
1525628914.733154	1525628914.733154	-0.016554	0.114935	-0.540900
1525628914.743117	1525628914.743117	-0.019745	0.108553	-0.543068
1525628914.753101	1525628914.753101	-0.015840	0.114945	-0.512154
1525628914.763078	1525628914.763078	0.001950	0.122343	-0.482134
1525628914.773054	1525628914.773054	0.022115	0.142514	-0.469116
1525628914.783031	1525628914.783031	0.020147	0.130791	-0.485105
1525628914.793016	1525628914.793016	0.015073	0.104156	-0.511775
1525628914.802995	1525628914.802995	0.021745	0.103052	-0.534045
1525628914.812962	1525628914.812962	0.012444	0.119069	-0.555447
1525628914.822951	1525628914.822951	0.000913	0.122308	-0.571553
1525628914.832811	1525628914.832811	-0.028916	0.108576	-0.578304
1525628914.842912	1525628914.842912	-0.064100	0.034111	-0.595762
1525628914.852886	1525628914.852886	-0.079094	-0.077743	-0.614036
1525628914.862840	1525628914.862840	-0.085519	-0.134208	-0.623692
1525628914.872722	1525628914.872722	-0.101510	-0.113888	-0.620695
1525628914.882829	1525628914.882829	-0.149627	-0.083835	-0.606383
1525628914.892807	1525628914.892807	-0.190492	-0.098572	-0.583467
1525628914.902784	1525628914.902784	-0.205860	-0.177368	-0.564494
1525628914.912683	1525628914.912683	-0.218893	-0.290291	-0.568907
1525628914.922834	1525628914.922834	-0.251765	-0.403145	-0.608687
1525628914.932727	1525628914.932727	-0.285044	-0.471253	-0.693177
1525628914.942702	1525628914.942702	-0.327787	-0.494558	-0.779912
1525628914.952676	1525628914.952676	-0.380344	-0.477309	-0.841224
1525628914.962640	1525628914.962640	-0.405918	-0.507047	-0.850050
1525628914.972644	1525628914.972644	-0.412314	-0.639153	-0.790520
1525628914.982612	1525628914.982612	-0.387976	-0.775646	-0.714649
1525628914.992477	1525628914.992477	-0.380189	-0.891836	-0.677298
1525628915.002573	1525628915.002573	-0.477532	-1.016124	-0.682742
1525628915.012533	1525628915.012533	-0.489682	-1.120555	-0.757393
1525628915.023227	1525628915.023227	-0.453375	-1.233735	-0.869767
1525628915.032516	1525628915.032516	-0.495565	-1.213361	-0.992685
1525628915.043028	1525628915.043028	-0.511138	-1.089705	-1.089736
1525628915.052474	1525628915.052474	-0.475205	-0.960909	-1.122295
1525628915.063079	1525628915.063079	-0.444355	-0.803283	-1.082542
1525628915.074952	1525628915.074952	-0.455882	-0.650778	-0.981573
1525628915.082875	1525628915.082875	-0.490986	-0.467258	-0.865993
1525628915.092385	1525628915.092385	-0.496766	-0.295606	-0.794757
1525628915.102674	1525628915.102674	-0.441219	-0.153013	-0.770666
1525628915.112485	1525628915.112485	-0.373652	-0.053118	-0.778358
1525628915.123378	1525628915.123378	-0.387186	-0.028557	-0.800875
1525628915.132326	1525628915.132326	-0.453744	-0.037891	-0.857036
1525628915.142310	1525628915.142310	-0.495109	-0.046291	-0.966106
1525628915.152139	1525628915.152139	-0.480417	-0.052818	-1.121323
1525628915.162299	1525628915.162299	-0.457167	-0.049789	-1.276435
1525628915.172219	1525628915.172219	-0.457878	-0.055167	-1.393523
1525628915.182228	1525628915.182228	-0.458320	-0.081836	-1.449938
1525628915.192279	1525628915.192279	-0.443391	-0.110678	-1.455077
1525628915.202159	1525628915.202159	-0.408313	-0.125745	-1.447197
1525628915.212385	1525628915.212385	-0.364383	-0.113148	-1.459432
1525628915.222118	1525628915.222118	-0.315529	-0.067552	-1.518440
1525628915.232091	1525628915.232091	-0.263994	0.014253	-1.614669
1525628915.242159	1525628915.242159	-0.212122	0.105638	-1.736438
1525628915.252056	1525628915.252056	-0.188828	0.193938	-1.877716
1525628915.262339	1525628915.262339	-0.207908	0.277077	-2.045056
1525628915.272045	1525628915.272045	-0.251213	0.370966	-2.236109
1525628915.281900	1525628915.281900	-0.303894	0.492601	-2.440049
1525628915.292095	1525628915.292095	-0.379796	0.656961	-2.655983
1525628915.301981	1525628915.301981	-0.511072	0.778916	-2.889623
1525628915.312146	1525628915.312146	-0.603393	0.865550	-3.087661
1525628915.322294	1525628915.322294	-0.459487	0.968337	-3.055038
1525628915.332386	1525628915.332386	-0.171541	0.915084	-2.618320
1525628915.343215	1525628915.343215	0.012118	0.546952	-1.833759
1525628915.351984	1525628915.351984	0.083088	-0.111592	-0.881334
1525628915.362182	1525628915.362182	0.179433	-0.924792	0.058634
1525628915.371955	1525628915.371955	0.191154	-1.809114	0.836851
1525628915.382059	1525628915.382059	-0.001403	-2.624488	1.319868
1525628915.392682	1525628915.392682	-0.262496	-3.229774	1.430579
1525628915.402764	1525628915.402764	-0.435138	-3.578744	1.167710
1525628915.412066	1525628915.412066	-0.496004	-3.666122	0.631596
1525628915.421979	1525628915.421979	-0.458864	-3.562086	0.060487
1525628915.431714	1525628915.431714	-0.325626	-3.309157	-0.311481
1525628915.441956	1525628915.441956	-0.076084	-2.894587	-0.389333
1525628915.451670	1525628915.451670	0.296848	-2.378083	-0.153822
1525628915.462047	1525628915.462047	0.770665	-1.861873	0.382009
1525628915.471505	1525628915.471505	1.227136	-1.447829	1.093249
1525628915.481608	1525628915.481608	1.564815	-0.731576	1.981840
1525628915.491588	1525628915.491588	1.740202	0.149559	2.999357
1525628915.501647	1525628915.501647	1.664883	0.811153	4.055324
1525628915.511547	1525628915.511547	1.456262	1.259026	4.974493
1525628915.521520	1525628915.521520	1.288865	1.575514	5.637660
1525628915.531501	1525628915.531501	1.200654	1.763631	5.995264
1525628915.541480	1525628915.541480	1.187235	1.793556	6.051510
1525628915.551458	1525628915.551458	1.231026	1.680304	5.850885
1525628915.561441	1525628915.561441	1.262661	1.515878	5.500039
1525628915.571417	1525628915.571417	1.160446	1.367987	5.103916
1525628915.581399	1525628915.581399	0.924223	1.169526	4.748730
1525628915.591378	1525628915.591378	0.668219	0.746302	4.481650
1525628915.601355	1525628915.601355	0.486227	0.088328	4.309147
1525628915.611341	1525628915.611341	0.435856	-0.514752	4.204242
1525628915.621312	1525628915.621312	0.506930	-0.773027	4.098684
1525628915.631294	1525628915.631294	0.607615	-0.783140	3.891301
1525628915.641266	1525628915.641266	0.703545	-0.761316	3.556137
1525628915.651385	1525628915.651385	0.940125	-0.736885	3.237593
1525628915.661233	1525628915.661233	1.281922	-0.679803	3.046994
1525628915.671211	1525628915.671211	1.467061	-0.646540	2.922599
1525628915.681147	1525628915.681147	1.307418	-0.660877	2.712033
1525628915.691127	1525628915.691127	0.923949	-0.627451	2.316722
1525628915.719217	1525628915.719217	0.537277	-0.404358	1.786192
1525628915.719284	1525628915.719284	0.278402	0.123012	1.250830
1525628915.721027	1525628915.721027	0.261791	0.856135	0.753549
1525628915.731257	1525628915.731257	0.455929	1.465804	0.273750
1525628915.740937	1525628915.740937	0.504956	1.678544	-0.200361
1525628915.750987	1525628915.750987	0.294349	1.623832	-0.613777
1525628915.760683	1525628915.760683	0.006461	1.556713	-0.905738
1525628915.770860	1525628915.770860	-0.209372	1.518124	-1.063773
1525628915.780774	1525628915.780774	-0.350956	1.386541	-1.117654
1525628915.790751	1525628915.790751	-0.391369	1.177829	-1.084083
1525628915.800786	1525628915.800786	-0.167916	1.085313	-0.878054
1525628915.810616	1525628915.810616	0.777127	1.544186	-0.147003
1525628915.820598	1525628915.820598	2.090533	2.492153	1.447478
1525628915.830546	1525628915.830546	2.270222	2.876751	2.796077
1525628915.840589	1525628915.840589	1.322929	2.510898	2.702546
1525628915.850490	1525628915.850490	0.090962	1.107509	1.161230
1525628915.860504	1525628915.860504	-0.836951	-0.289943	-0.896839
1525628915.870509	1525628915.870509	-1.118928	-0.757253	-2.274361
1525628915.880489	1525628915.880489	-0.780585	-0.471094	-2.658722
1525628915.890400	1525628915.890400	-0.137343	0.167971	-2.252804
1525628915.900372	1525628915.900372	0.604797	0.539281	-1.439083
1525628915.910340	1525628915.910340	1.108417	0.348828	-0.693187
1525628915.920193	1525628915.920193	1.148489	-0.203269	-0.331863
1525628915.930413	1525628915.930413	0.701465	-0.720429	-0.355409
1525628915.940421	1525628915.940421	0.075786	-0.581437	-0.555715
1525628915.950445	1525628915.950445	-0.292367	0.273763	-0.727348
1525628915.960348	1525628915.960348	-0.160201	1.279305	-0.771530
1525628915.970620	1525628915.970620	0.274145	1.644128	-0.702367
1525628915.980595	1525628915.980595	0.585007	1.119552	-0.577212
1525628915.990603	1525628915.990603	0.540821	0.287400	-0.450004
1525628916.000557	1525628916.000557	0.266467	-0.278413	-0.380966
1525628916.010542	1525628916.010542	0.067960	-0.483288	-0.419576
1525628916.020506	1525628916.020506	0.108412	-0.448360	-0.578736
1525628916.030501	1525628916.030501	0.299175	-0.373599	-0.805242
1525628916.040474	1525628916.040474	0.455265	-0.308266	-0.990662
1525628916.050421	1525628916.050421	0.466859	-0.219879	-1.047998
1525628916.060401	1525628916.060401	0.350857	-0.135151	-0.968528
1525628916.070387	1525628916.070387	0.244436	-0.067479	-0.803792
1525628916.080241	1525628916.080241	0.256952	-0.074905	-0.607797
1525628916.090337	1525628916.090337	0.330553	-0.093259	-0.435534
1525628916.100453	1525628916.100453	0.396547	-0.043397	-0.325100
1525628916.110300	1525628916.110300	0.399240	0.040816	-0.266529
1525628916.120275	1525628916.120275	0.336308	0.134883	-0.249208
1525628916.130471	1525628916.130471	0.264062	0.198067	-0.261802
1525628916.140229	1525628916.140229	0.214395	0.211051	-0.298598
1525628916.150354	1525628916.150354	0.189503	0.172758	-0.364891
1525628916.160192	1525628916.160192	0.190321	0.087452	-0.448963
1525628916.170218	1525628916.170218	0.182351	-0.005269	-0.513983
1525628916.180102	1525628916.180102	0.143948	-0.071192	-0.528288
1525628916.190139	1525628916.190139	0.099644	-0.113620	-0.491576
1525628916.200248	1525628916.200248	0.063387	-0.120889	-0.407935
1525628916.210092	1525628916.210092	0.038830	-0.090899	-0.313508
1525628916.220069	1525628916.220069	0.008161	-0.049170	-0.240444
1525628916.229930	1525628916.229930	-0.022881	-0.017057	-0.225923
1525628916.239917	1525628916.239917	-0.038488	0.010708	-0.252724
1525628916.250144	1525628916.250144	-0.050690	0.010738	-0.301834
1525628916.260078	1525628916.260078	-0.070461	-0.008383	-0.346778
1525628916.270180	1525628916.270180	-0.098985	-0.037051	-0.375864
1525628916.279944	1525628916.279944	-0.119222	-0.091328	-0.389946
1525628916.290201	1525628916.290201	-0.113951	-0.153170	-0.397331
1525628916.300043	1525628916.300043	-0.114082	-0.210724	-0.398395
1525628916.309883	1525628916.309883	-0.104518	-0.241674	-0.401470
1525628916.319859	1525628916.319859	-0.085269	-0.218308	-0.400171
1525628916.329778	1525628916.329778	-0.068110	-0.161891	-0.395705
1525628916.339816	1525628916.339816	-0.056363	-0.094789	-0.382791
1525628916.349823	1525628916.349823	-0.054339	-0.039367	-0.362545
1525628916.359855	1525628916.359855	-0.042897	-0.015954	-0.333669
1525628916.369895	1525628916.369895	-0.031517	-0.011726	-0.303727
1525628916.379609	1525628916.379609	-0.031724	-0.042629	-0.293085
1525628916.389962	1525628916.389962	-0.032757	-0.086328	-0.304805
1525628916.399575	1525628916.399575	-0.034675	-0.115107	-0.328243
1525628916.409691	1525628916.409691	-0.038640	-0.119365	-0.353836
1525628916.420471	1525628916.420471	-0.043647	-0.098038	-0.376250
1525628916.429607	1525628916.429607	-0.045608	-0.091640	-0.389046
1525628916.440204	1525628916.440204	-0.047693	-0.092699	-0.393329
1525628916.449731	1525628916.449731	-0.044557	-0.092710	-0.387969
1525628916.459966	1525628916.459966	-0.048821	-0.111878	-0.392278
1525628916.469548	1525628916.469548	-0.052980	-0.141710	-0.407229
1525628916.479846	1525628916.479846	-0.045317	-0.152409	-0.425229
1525628916.489507	1525628916.489507	-0.034300	-0.143941	-0.451703
1525628916.499866	1525628916.499866	-0.033987	-0.143954	-0.477244
1525628916.509471	1525628916.509471	-0.033800	-0.163148	-0.496400
1525628916.519697	1525628916.519697	-0.030575	-0.200469	-0.505938
1525628916.529466	1525628916.529466	-0.034731	-0.207917	-0.516632
1525628916.539706	1525628916.539706	-0.043080	-0.201493	-0.530571
1525628916.549525	1525628916.549525	-0.055665	-0.187590	-0.545627
1525628916.559247	1525628916.559247	-0.066038	-0.163041	-0.564913
1525628916.569343	1525628916.569343	-0.077493	-0.144883	-0.584212
1525628916.579309	1525628916.579309	-0.096508	-0.121359	-0.595089
1525628916.589502	1525628916.589502	-0.114426	-0.096775	-0.608081
1525628916.599278	1525628916.599278	-0.132304	-0.087115	-0.627459
1525628916.609261	1525628916.609261	-0.148073	-0.092387	-0.647874
1525628916.619249	1525628916.619249	-0.166099	-0.090182	-0.656610
1525628916.629298	1525628916.629298	-0.193853	-0.075141	-0.652692
1525628916.639191	1525628916.639191	-0.217395	-0.046259	-0.641273
1525628916.649175	1525628916.649175	-0.238778	-0.012058	-0.630892
1525628916.659122	1525628916.659122	-0.259992	-0.004511	-0.639666
1525628916.669132	1525628916.669132	-0.270406	-0.033256	-0.666402
1525628916.679192	1525628916.679192	-0.275358	-0.099335	-0.711164
1525628916.688969	1525628916.688969	-0.268617	-0.203835	-0.760038
1525628916.699405	1525628916.699405	-0.289898	-0.332721	-0.791161
1525628916.709117	1525628916.709117	-0.317563	-0.423208	-0.815977
1525628916.719136	1525628916.719136	-0.351384	-0.467844	-0.851513
1525628916.729267	1525628916.729267	-0.395642	-0.471940	-0.897822
1525628916.739148	1525628916.739148	-0.406843	-0.446331	-0.936277
1525628916.748996	1525628916.748996	-0.421676	-0.420690	-0.939652
1525628916.759062	1525628916.759062	-0.442121	-0.354510	-0.912231
1525628916.769095	1525628916.769095	-0.465790	-0.251010	-0.875271
1525628916.779235	1525628916.779235	-0.465950	-0.158270	-0.843345
1525628916.789056	1525628916.789056	-0.455793	-0.148701	-0.799582
1525628916.799041	1525628916.799041	-0.445653	-0.193493	-0.765397
1525628916.808965	1525628916.808965	-0.438139	-0.200987	-0.770627
1525628916.818987	1525628916.818987	-0.444739	-0.166882	-0.834570
1525628916.829206	1525628916.829206	-0.460629	-0.128485	-0.923108
1525628916.838973	1525628916.838973	-0.472581	-0.080500	-0.982859
1525628916.848665	1525628916.848665	-0.465796	-0.026182	-1.003001
1525628916.858864	1525628916.858864	-0.450999	0.022792	-0.981534
1525628916.868888	1525628916.868888	-0.440751	0.068598	-0.937771
1525628916.879191	1525628916.879191	-0.432866	0.105895	-0.877008
1525628916.888842	1525628916.888842	-0.432493	0.120842	-0.817400
1525628916.898684	1525628916.898684	-0.421246	0.113351	-0.778945
1525628916.908768	1525628916.908768	-0.399055	0.074892	-0.769093
1525628916.918785	1525628916.918785	-0.382977	0.000207	-0.790181
1525628916.929031	1525628916.929031	-0.374060	-0.071260	-0.835837
1525628916.939323	1525628916.939323	-0.362776	-0.143812	-0.900623
1525628916.948768	1525628916.948768	-0.349094	-0.230241	-0.989859
1525628916.958679	1525628916.958679	-0.343740	-0.323037	-1.097291
1525628916.968685	1525628916.968685	-0.337146	-0.393461	-1.214288
1525628916.978980	1525628916.978980	-0.327306	-0.440450	-1.330181
1525628916.988640	1525628916.988640	-0.316504	-0.498099	-1.439676
1525628916.998621	1525628916.998621	-0.297366	-0.567501	-1.535232
1525628917.008339	1525628917.008339	-0.263385	-0.627369	-1.621028
1525628917.018577	1525628917.018577	-0.229202	-0.653136	-1.716401
1525628917.028773	1525628917.028773	-0.189100	-0.591546	-1.841507
1525628917.038614	1525628917.038614	-0.151427	-0.429778	-2.009220
1525628917.048544	1525628917.048544	-0.156974	-0.174047	-2.200880
1525628917.058353	1525628917.058353	-0.200912	0.145802	-2.381304
1525628917.068318	1525628917.068318	-0.257984	0.442268	-2.539536
1525628917.078694	1525628917.078694	-0.314605	0.649219	-2.665829
1525628917.088427	1525628917.088427	-0.368817	0.737873	-2.751644
1525628917.098411	1525628917.098411	-0.393002	0.806180	-2.766843
1525628917.108522	1525628917.108522	-0.238329	0.949461	-2.646811
1525628917.118370	1525628917.118370	-0.004475	0.944353	-2.314000
1525628917.128210	1525628917.128210	0.097510	0.643624	-1.729474
1525628917.138324	1525628917.138324	0.098856	0.188857	-0.974814
1525628917.148671	1525628917.148671	0.115988	-0.222268	-0.193352
1525628917.158290	1525628917.158290	0.127038	-0.538551	0.494368
1525628917.168566	1525628917.168566	0.090672	-0.813163	0.967572
1525628917.178125	1525628917.178125	0.023725	-1.057930	1.156216
1525628917.188685	1525628917.188685	-0.035468	-1.244233	1.072478
1525628917.198276	1525628917.198276	-0.077395	-1.297455	0.826100
1525628917.208409	1525628917.208409	-0.108564	-1.242005	0.594751
1525628917.218160	1525628917.218160	-0.121493	-1.173766	0.531794
1525628917.228162	1525628917.228162	-0.091336	-1.093884	0.699264
1525628917.238117	1525628917.238117	-0.007137	-0.986425	1.077074
1525628917.247987	1525628917.247987	0.122207	-0.856709	1.606574
1525628917.258111	1525628917.258111	0.260211	-0.701413	2.218135
1525628917.267915	1525628917.267915	0.374970	-0.492731	2.821959
1525628917.278036	1525628917.278036	0.450382	-0.192259	3.346537
1525628917.287874	1525628917.287874	0.485642	0.153099	3.760993
1525628917.297996	1525628917.297996	0.501828	0.449463	4.067718
1525628917.308006	1525628917.308006	0.496586	0.640357	4.273069
1525628917.317949	1525628917.317949	0.489015	0.700122	4.380475
1525628917.327812	1525628917.327812	0.488818	0.610594	4.378346
1525628917.337906	1525628917.337906	0.484234	0.425119	4.279311
1525628917.347890	1525628917.347890	0.465597	0.258857	4.111983
1525628917.358041	1525628917.358041	0.449428	0.147999	3.928719
1525628917.367840	1525628917.367840	0.457461	0.059435	3.777681
1525628917.377829	1525628917.377829	0.489128	-0.040921	3.698245
1525628917.387808	1525628917.387808	0.534801	-0.127446	3.697742
1525628917.397786	1525628917.397786	0.561726	-0.202144	3.749162
1525628917.407664	1525628917.407664	0.567389	-0.257568	3.798194
1525628917.417746	1525628917.417746	0.558674	-0.298028	3.804475
1525628917.427438	1525628917.427438	0.568792	-0.316211	3.758832
1525628917.437703	1525628917.437703	0.599719	-0.296128	3.677254
1525628917.447678	1525628917.447678	0.618205	-0.272809	3.566786
1525628917.457664	1525628917.457664	0.594188	-0.305808	3.430255
1525628917.467501	1525628917.467501	0.555521	-0.412303	3.255230
1525628917.477925	1525628917.477925	0.519508	-0.556135	3.030215
1525628917.487677	1525628917.487677	0.484175	-0.668017	2.756246
1525628917.497570	1525628917.497570	0.472565	-0.741637	2.469794
1525628917.507666	1525628917.507666	0.524792	-0.776083	2.206472
1525628917.517920	1525628917.517920	0.593791	-0.804194	1.968901
1525628917.527520	1525628917.527520	0.608208	-0.890692	1.732792
1525628917.537516	1525628917.537516	0.552240	-0.997144	1.489437
1525628917.547479	1525628917.547479	0.464690	-1.022468	1.227599
1525628917.558204	1525628917.558204	0.389236	-0.934872	0.959519
1525628917.567637	1525628917.567637	0.337314	-0.759973	0.704497
1525628917.577326	1525628917.577326	0.306596	-0.565973	0.464635
1525628917.587462	1525628917.587462	0.287410	-0.390135	0.237686
1525628917.597600	1525628917.597600	0.268102	-0.232412	0.017123
1525628917.607400	1525628917.607400	0.239210	-0.067188	-0.203558
1525628917.617254	1525628917.617254	0.194404	0.149264	-0.421242
1525628917.627361	1525628917.627361	0.145253	0.392385	-0.627271
1525628917.637334	1525628917.637334	0.093684	0.667503	-0.803530
1525628917.647361	1525628917.647361	0.042819	0.965016	-0.945721
1525628917.657298	1525628917.657298	0.096481	1.361216	-1.064285
1525628917.667274	1525628917.667274	0.120437	1.902499	-1.167251
1525628917.677869	1525628917.677869	-0.216002	2.289759	-1.149026
1525628917.687650	1525628917.687650	-0.350685	2.878798	-0.835642
1525628917.697177	1525628917.697177	0.333617	3.637208	-0.099273
1525628917.707160	1525628917.707160	1.342603	3.799724	1.099823
1525628917.717142	1525628917.717142	1.867219	3.370665	2.347296
1525628917.727187	1525628917.727187	1.430030	2.718280	2.712365
1525628917.737102	1525628917.737102	0.221963	1.638056	1.898288
1525628917.747031	1525628917.747031	-0.901057	0.072221	0.401948
1525628917.756832	1525628917.756832	-1.234896	-1.294352	-0.845265
1525628917.767440	1525628917.767440	-0.767713	-1.717637	-1.526049
1525628917.776684	1525628917.776684	0.026937	-1.061403	-1.803726
1525628917.786833	1525628917.786833	0.763212	-0.223650	-1.895860
1525628917.796939	1525628917.796939	1.206039	-0.064619	-1.951117
1525628917.806605	1525628917.806605	1.139518	-0.584446	-1.940207
1525628917.816805	1525628917.816805	0.662226	-1.001190	-1.737418
1525628917.826773	1525628917.826773	0.095239	-0.748122	-1.305845
1525628917.837107	1525628917.837107	-0.250258	-0.020585	-0.740661
1525628917.846747	1525628917.846747	-0.294588	0.668356	-0.204788
1525628917.856910	1525628917.856910	-0.130622	0.925739	0.137805
1525628917.866756	1525628917.866756	0.122383	0.614559	0.238830
1525628917.876846	1525628917.876846	0.302798	0.064847	0.119717
1525628917.886723	1525628917.886723	0.330784	-0.246603	-0.137506
1525628917.896616	1525628917.896616	0.259412	-0.259212	-0.410855
1525628917.906533	1525628917.906533	0.199990	-0.205754	-0.601039
1525628917.916700	1525628917.916700	0.215867	-0.173879	-0.671093
1525628917.926529	1525628917.926529	0.290160	-0.151796	-0.633997
1525628917.936396	1525628917.936396	0.352898	-0.086996	-0.516152
1525628917.946418	1525628917.946418	0.342826	0.054869	-0.361948
1525628917.956397	1525628917.956397	0.254188	0.246084	-0.229993
1525628917.966617	1525628917.966617	0.155522	0.379760	-0.162021
1525628917.976376	1525628917.976376	0.122442	0.450251	-0.147526
1525628917.986403	1525628917.986403	0.142899	0.420312	-0.168562
1525628917.996335	1525628917.996335	0.168747	0.272032	-0.218267
1525628918.006458	1525628918.006458	0.167972	0.070568	-0.283196
1525628918.016373	1525628918.016373	0.153290	-0.073276	-0.333396
1525628918.026098	1525628918.026098	0.156684	-0.115934	-0.357833
1525628918.035999	1525628918.035999	0.173717	-0.073368	-0.345918
1525628918.045952	1525628918.045952	0.188458	0.031035	-0.308489
1525628918.055928	1525628918.055928	0.196542	0.148267	-0.247725
1525628918.065928	1525628918.065928	0.193584	0.226121	-0.164743
1525628918.075892	1525628918.075892	0.165841	0.246530	-0.073549
1525628918.085830	1525628918.085830	0.120152	0.212647	-0.009180
1525628918.095715	1525628918.095715	0.070597	0.130800	0.012567
1525628918.105787	1525628918.105787	0.032179	0.022241	-0.009186
1525628918.115767	1525628918.115767	0.009286	-0.070417	-0.075454
1525628918.125863	1525628918.125863	-0.000353	-0.143961	-0.174555
1525628918.135869	1525628918.135869	0.004116	-0.184531	-0.286257
1525628918.145898	1525628918.145898	0.011533	-0.190995	-0.370250
1525628918.155827	1525628918.155827	0.003473	-0.178187	-0.406537
1525628918.165809	1525628918.165809	0.011812	-0.141974	-0.383020
1525628918.175817	1525628918.175817	0.011064	-0.106769	-0.314912
1525628918.185769	1525628918.185769	-0.012411	-0.086378	-0.223665
1525628918.195794	1525628918.195794	-0.034777	-0.090509	-0.140918
1525628918.205700	1525628918.205700	-0.048330	-0.119204	-0.085736
1525628918.215704	1525628918.215704	-0.047558	-0.122394	-0.062311
1525628918.225719	1525628918.225719	-0.039922	-0.107510	-0.072861
1525628918.235663	1525628918.235663	-0.026767	-0.086260	-0.097181
1525628918.245915	1525628918.245915	-0.011398	-0.043705	-0.123604
1525628918.255802	1525628918.255802	0.011215	-0.002238	-0.131843
1525628918.265856	1525628918.265856	0.012114	0.045730	-0.108418
1525628918.275920	1525628918.275920	-0.000038	0.072444	-0.069186
1525628918.285808	1525628918.285808	-0.010057	0.077831	-0.034185
1525628918.295876	1525628918.295876	-0.017727	0.059751	-0.021506
1525628918.305782	1525628918.305782	-0.031558	0.027831	-0.031253
1525628918.315762	1525628918.315762	-0.029195	0.020351	-0.051447
1525628918.325833	1525628918.325833	-0.015081	0.019217	-0.071497
1525628918.335717	1525628918.335717	-0.013000	0.008551	-0.069343
1525628918.345807	1525628918.345807	-0.035754	-0.006263	-0.044076
1525628918.355676	1525628918.355676	-0.055371	-0.014692	-0.012385
1525628918.365658	1525628918.365658	-0.053480	-0.023218	0.005733
1525628918.375732	1525628918.375732	-0.043873	-0.026457	0.004786
1525628918.385969	1525628918.385969	-0.059686	-0.028528	-0.011373
1525628918.395873	1525628918.395873	-0.085036	-0.057209	-0.038291
1525628918.405572	1525628918.405572	-0.068821	-0.097790	-0.063636
1525628918.415427	1525628918.415427	-0.041923	-0.117099	-0.085658
1525628918.425628	1525628918.425628	-0.040513	-0.130975	-0.116507
1525628918.435670	1525628918.435670	-0.031697	-0.154472	-0.144071
1525628918.445838	1525628918.445838	-0.016848	-0.179048	-0.141760
1525628918.455467	1525628918.455467	-0.005592	-0.162024	-0.099049
1525628918.465653	1525628918.465653	-0.010459	-0.130004	-0.043763
1525628918.475956	1525628918.475956	-0.018303	-0.081991	-0.003414
1525628918.485347	1525628918.485347	-0.033177	-0.005185	0.007045
1525628918.495593	1525628918.495593	-0.031822	0.032105	-0.008905
1525628918.505365	1525628918.505365	-0.015742	0.005387	-0.020416
1525628918.515342	1525628918.515342	-0.035053	-0.058482	-0.024907
1525628918.526052	1525628918.526052	-0.057332	-0.112753	-0.046465
1525628918.535309	1525628918.535309	-0.031179	-0.118213	-0.091913
1525628918.545955	1525628918.545955	-0.001577	-0.055480	-0.143706
1525628918.555256	1525628918.555256	-0.023691	-0.033013	-0.163136
1525628918.565756	1525628918.565756	-0.067045	-0.059451	-0.113640
1525628918.575294	1525628918.575294	-0.092855	-0.072086	-0.012841
1525628918.585557	1525628918.585557	-0.083357	-0.065688	0.084131
1525628918.595519	1525628918.595519	-0.069005	-0.048673	0.135395
1525628918.605392	1525628918.605392	-0.075200	0.007838	0.129996
1525628918.615136	1525628918.615136	-0.083235	0.030238	0.093709
1525628918.625211	1525628918.625211	-0.082977	-0.017738	0.062847
1525628918.635659	1525628918.635659	-0.090534	-0.090184	0.055306
1525628918.645289	1525628918.645289	-0.105897	-0.172178	0.073215
1525628918.655050	1525628918.655050	-0.116113	-0.235001	0.110345
1525628918.665027	1525628918.665027	-0.097684	-0.273423	0.165918
1525628918.674999	1525628918.674999	-0.065421	-0.278860	0.231239
1525628918.684986	1525628918.684986	-0.026810	-0.274729	0.303023
1525628918.695280	1525628918.695280	-0.010553	-0.228934	0.378790
1525628918.704825	1525628918.704825	-0.027042	-0.152101	0.433932
1525628918.714922	1525628918.714922	-0.043206	-0.122181	0.452892
1525628918.724911	1525628918.724911	-0.033320	-0.087059	0.437047
1525628918.734974	1525628918.734974	0.005807	-0.039285	0.388563
1525628918.744863	1525628918.744863	0.033345	-0.031973	0.319716
1525628918.754843	1525628918.754843	0.022903	-0.092693	0.288724
1525628918.795025	1525628918.795025	-0.020388	-0.167100	0.323321
1525628918.795113	1525628918.795113	-0.072455	-0.191364	0.387611
1525628918.795185	1525628918.795185	-0.084707	-0.288290	0.409815
1525628918.795455	1525628918.795455	-0.021460	-0.303493	0.382916
1525628918.804756	1525628918.804756	0.031591	-0.160915	0.349501
1525628918.814716	1525628918.814716	0.016257	0.012869	0.330150
1525628918.824750	1525628918.824750	-0.015394	0.118515	0.322309
1525628918.834675	1525628918.834675	-0.008756	0.145126	0.308553
1525628918.844932	1525628918.844932	0.001090	0.081120	0.275680
1525628918.854630	1525628918.854630	-0.012481	-0.055269	0.223364
1525628918.864611	1525628918.864611	-0.011071	-0.194921	0.166975
1525628918.874648	1525628918.874648	0.019058	-0.280331	0.129029
1525628918.884453	1525628918.884453	0.062775	-0.248538	0.138078
1525628918.894626	1525628918.894626	0.097488	-0.137813	0.201296
1525628918.904531	1525628918.904531	0.106035	0.003955	0.316347
1525628918.914511	1525628918.914511	0.103574	0.156440	0.461065
1525628918.924532	1525628918.924532	0.089674	0.291910	0.577970
1525628918.934468	1525628918.934468	0.070282	0.378337	0.610726
1525628918.944448	1525628918.944448	0.046577	0.372012	0.541253
1525628918.954426	1525628918.954426	0.013933	0.234594	0.390783
1525628918.964268	1525628918.964268	-0.010005	-0.001997	0.206363
1525628918.974442	1525628918.974442	0.021344	-0.210035	0.043906
1525628918.984364	1525628918.984364	0.081892	-0.316912	-0.042627
1525628918.994287	1525628918.994287	0.124540	-0.343740	-0.045298
1525628919.008043	1525628919.008043	0.136602	-0.258491	0.032545
1525628919.014216	1525628919.014216	0.125950	-0.078270	0.154811
1525628919.024152	1525628919.024152	0.124872	0.122165	0.283579
1525628919.034254	1525628919.034254	0.112185	0.258689	0.388791
1525628919.044240	1525628919.044240	0.058289	0.272795	0.436027
1525628919.054293	1525628919.054293	0.030478	0.170589	0.420789
1525628919.064352	1525628919.064352	0.022388	-0.016993	0.346191
1525628919.074176	1525628919.074176	0.036229	-0.217480	0.220772
1525628919.084174	1525628919.084174	0.090864	-0.338206	0.091592
1525628919.094135	1525628919.094135	0.146204	-0.373650	0.009250
1525628919.104117	1525628919.104117	0.154911	-0.361968	-0.002352
1525628919.114094	1525628919.114094	0.130984	-0.304291	0.046315
1525628919.124072	1525628919.124072	0.104743	-0.193302	0.120495
1525628919.134048	1525628919.134048	0.091516	-0.070652	0.179934
1525628919.144032	1525628919.144032	0.086039	0.002924	0.206474
1525628919.154011	1525628919.154011	0.059633	0.036070	0.191249
1525628919.163990	1525628919.163990	0.030336	0.005262	0.137673
1525628919.173968	1525628919.173968	0.005287	-0.090584	0.072444
1525628919.183826	1525628919.183826	0.006804	-0.176945	0.018183
1525628919.193929	1525628919.193929	0.020890	-0.231374	-0.010381
1525628919.203865	1525628919.203865	0.016858	-0.220706	-0.027460
1525628919.214586	1525628919.214586	-0.001009	-0.201454	-0.045774
1525628919.223863	1525628919.223863	-0.045442	-0.202345	-0.077183
1525628919.234451	1525628919.234451	-0.057931	-0.212963	-0.105009
1525628919.243823	1525628919.243823	-0.026961	-0.216293	-0.107823
1525628919.254455	1525628919.254455	0.000456	-0.224925	-0.083008
1525628919.263788	1525628919.263788	-0.013808	-0.231245	-0.052315
1525628919.274136	1525628919.274136	-0.048066	-0.194855	-0.035706
1525628919.283738	1525628919.283738	-0.046726	-0.122389	-0.043142
1525628919.294029	1525628919.294029	-0.019556	-0.058568	-0.070485
1525628919.303707	1525628919.303707	0.005493	-0.032045	-0.106368
1525628919.313881	1525628919.313881	-0.012312	-0.060761	-0.139580
1525628919.323783	1525628919.323783	-0.060098	-0.107467	-0.167836
1525628919.333557	1525628919.333557	-0.082320	-0.164938	-0.194715
1525628919.343482	1525628919.343482	-0.067132	-0.194857	-0.221137
1525628919.353499	1525628919.353499	-0.010142	-0.131161	-0.243858
1525628919.363577	1525628919.363577	0.056607	0.020959	-0.261141
1525628919.373630	1525628919.373630	0.068805	0.148799	-0.272703
1525628919.383527	1525628919.383527	0.038868	0.159587	-0.265619
1525628919.393511	1525628919.393511	0.014531	0.105361	-0.206311
1525628919.403488	1525628919.403488	0.006688	0.040427	-0.102098
1525628919.413351	1525628919.413351	0.014778	0.014866	0.016146
1525628919.423446	1525628919.423446	0.025652	0.061751	0.096104
1525628919.433426	1525628919.433426	0.036465	0.145906	0.101556
1525628919.443408	1525628919.443408	0.045755	0.202332	0.051643
1525628919.453385	1525628919.453385	0.035979	0.215132	-0.018725
1525628919.463356	1525628919.463356	0.018583	0.245024	-0.073221
1525628919.473332	1525628919.473332	0.013508	0.213059	-0.100955
1525628919.483321	1525628919.483321	0.033622	0.176739	-0.095386
1525628919.493302	1525628919.493302	0.060122	0.186226	-0.079097
1525628919.503266	1525628919.503266	0.065325	0.217120	-0.062005
1525628919.513262	1525628919.513262	0.044812	0.224677	-0.040969
1525628919.523239	1525628919.523239	0.027322	0.213041	-0.009252
1525628919.533218	1525628919.533218	0.038489	0.173576	0.029203
1525628919.543199	1525628919.543199	0.033980	0.097925	0.033408
1525628919.553173	1525628919.553173	0.023062	0.106469	-0.031652
1525628919.563169	1525628919.563169	0.019611	0.156551	-0.088107
1525628919.573135	1525628919.573135	0.060706	0.216047	-0.120601
1525628919.583110	1525628919.583110	0.097834	0.256402	-0.094603
1525628919.593125	1525628919.593125	0.084392	0.298052	-0.034101
1525628919.603106	1525628919.603106	0.055903	0.337639	0.034733
1525628919.613155	1525628919.613155	0.040356	0.385693	0.094145
1525628919.623007	1525628919.623007	0.013416	0.330390	0.104461
1525628919.632919	1525628919.632919	-0.034235	0.118464	0.031508
1525628919.643022	1525628919.643022	-0.002198	0.051136	-0.071340
1525628919.652998	1525628919.652998	0.023492	0.031799	-0.168947
1525628919.663133	1525628919.663133	0.082818	0.113598	-0.204412
1525628919.672956	1525628919.672956	0.129037	0.157091	-0.223006
1525628919.682936	1525628919.682936	0.118658	0.158191	-0.246549
1525628919.692867	1525628919.692867	0.112798	0.327675	-0.256205
1525628919.702928	1525628919.702928	0.160614	0.583257	-0.274787
1525628919.712921	1525628919.712921	0.075369	0.318244	-0.251341
1525628919.722854	1525628919.722854	0.093387	0.307513	-0.243670
1525628919.732848	1525628919.732848	0.120831	0.269073	-0.140090
1525628919.742873	1525628919.742873	0.102695	0.313996	0.042757
1525628919.752791	1525628919.752791	0.078995	0.379125	0.074395
1525628919.763265	1525628919.763265	0.082163	0.373706	-0.097992
1525628919.772747	1525628919.772747	0.114335	0.385210	-0.282797
1525628919.782860	1525628919.782860	0.099706	0.314911	-0.322355
1525628919.792673	1525628919.792673	0.049492	0.141423	-0.265489
1525628919.803302	1525628919.803302	0.010950	-0.041705	-0.205286
1525628919.812770	1525628919.812770	-0.005630	-0.100238	-0.170363
1525628919.822644	1525628919.822644	-0.023689	-0.047935	-0.166328
1525628919.832624	1525628919.832624	-0.028855	0.029892	-0.164265
1525628919.842696	1525628919.842696	-0.012826	0.139611	-0.143850
1525628919.852581	1525628919.852581	0.003086	0.244005	-0.114920
1525628919.862608	1525628919.862608	0.011265	0.284488	-0.077569
1525628919.872540	1525628919.872540	0.015958	0.247185	-0.032807
1525628919.882519	1525628919.882519	0.013444	0.157674	-0.020063
1525628919.892593	1525628919.892593	-0.005958	0.099138	-0.016041
1525628919.902481	1525628919.902481	-0.039233	0.059848	-0.007932
1525628919.912429	1525628919.912429	-0.054522	0.007697	0.009976
1525628919.922435	1525628919.922435	-0.045487	-0.057341	0.043084
1525628919.932413	1525628919.932413	-0.061259	-0.038096	0.027990
1525628919.943019	1525628919.943019	-0.056458	0.045004	0.001437
1525628919.952244	1525628919.952244	-0.050907	0.100400	-0.004883
1525628919.962981	1525628919.962981	-0.056468	0.098300	0.013143
1525628919.972341	1525628919.972341	-0.060984	0.098328	0.033311
1525628919.982829	1525628919.982829	-0.071705	0.087717	0.035308
1525628919.992381	1525628919.992381	-0.074842	0.050421	0.022499
1525628920.002571	1525628920.002571	-0.057942	-0.001874	0.025900
1525628920.012522	1525628920.012522	-0.049651	-0.031745	0.039839
1525628920.022320	1525628920.022320	-0.049823	-0.069045	0.046224
1525628920.032206	1525628920.032206	-0.053992	-0.092481	0.033402
1525628920.042113	1525628920.042113	-0.069930	-0.097745	0.026821
1525628920.052166	1525628920.052166	-0.080768	-0.092363	0.041589
1525628920.062306	1525628920.062306	-0.086126	-0.085944	0.044717
1525628920.072123	1525628920.072123	-0.082897	-0.095552	0.040499
1525628920.109442	1525628920.109442	-0.076506	-0.094513	0.041641
1525628920.109580	1525628920.109580	-0.082658	-0.073178	0.025600
1525628920.110075	1525628920.110075	-0.080218	-0.044420	0.006471
1525628920.111880	1525628920.111880	-0.077956	-0.029512	-0.000953
1525628920.122077	1525628920.122077	-0.057653	-0.022138	-0.001769
1525628920.131941	1525628920.131941	-0.035422	-0.023292	0.012340
1525628920.142027	1525628920.142027	-0.019921	-0.046789	0.048718
1525628920.151997	1525628920.151997	0.009507	-0.099127	0.074624
1525628920.162051	1525628920.162051	0.025330	-0.155681	0.078013
1525628920.171983	1525628920.171983	0.036997	-0.178112	0.079221
1525628920.181939	1525628920.181939	0.032630	-0.134387	0.096196
1525628920.192048	1525628920.192048	0.026435	-0.077876	0.090796
1525628920.201897	1525628920.201897	0.023659	-0.043770	0.063088
1525628920.211915	1525628920.211915	-0.004793	-0.027674	0.037195
1525628920.221838	1525628920.221838	-0.030366	-0.020105	0.035817
1525628920.231788	1525628920.231788	-0.036859	-0.030733	0.041060
1525628920.241734	1525628920.241734	-0.046684	-0.104231	0.044135
1525628920.251804	1525628920.251804	-0.029928	-0.271638	0.035830
1525628920.261783	1525628920.261783	0.012307	-0.442346	0.037417
1525628920.271623	1525628920.271623	0.010808	-0.484960	0.064009
1525628920.281772	1525628920.281772	-0.019978	-0.392101	0.070015
1525628920.291731	1525628920.291731	-0.038688	-0.288647	0.050625
1525628920.301689	1525628920.301689	-0.042335	-0.202316	0.017582
1525628920.311749	1525628920.311749	-0.033229	-0.140553	-0.016368
1525628920.321639	1525628920.321639	-0.027657	-0.087290	-0.024816
1525628920.331789	1525628920.331789	-0.037419	-0.062727	-0.006842
1525628920.341618	1525628920.341618	-0.000430	0.010677	0.037247
1525628920.351625	1525628920.351625	-0.011318	0.028890	0.145678
1525628920.361555	1525628920.361555	-0.029218	-0.038195	0.112466
1525628920.371558	1525628920.371558	-0.028804	-0.025460	-0.005673
1525628920.381577	1525628920.381577	-0.026310	0.024614	-0.024803
1525628920.391593	1525628920.391593	-0.008654	0.009634	0.011602
1525628920.402577	1525628920.402577	0.015721	0.054305	0.034250
1525628920.412171	1525628920.412171	0.010461	0.068181	0.030992
1525628920.421465	1525628920.421465	-0.010567	0.051205	0.001998
1525628920.431293	1525628920.431293	-0.022110	0.028863	-0.018365
1525628920.441426	1525628920.441426	-0.017866	-0.006330	-0.023634
1525628920.451366	1525628920.451366	0.017404	0.050012	-0.016818
1525628920.461351	1525628920.461351	0.044665	0.062704	0.025025
1525628920.471410	1525628920.471410	-0.023519	-0.071314	-0.010929
1525628920.481318	1525628920.481318	-0.029680	-0.022265	-0.020585
1525628920.491329	1525628920.491329	0.004270	-0.009611	-0.002076
1525628920.501459	1525628920.501459	0.019129	0.016976	0.009813
1525628920.511209	1525628920.511209	0.023576	0.068114	0.005608
1525628920.521115	1525628920.521115	0.023743	0.072371	-0.007162
1525628920.531165	1525628920.531165	0.019535	0.043607	-0.017856
1525628920.549517	1525628920.549517	0.022690	0.036134	-0.015689
1525628920.551145	1525628920.551145	0.021585	0.046799	-0.010381
1525628920.561035	1525628920.561035	0.053612	0.154319	0.010230
1525628920.571115	1525628920.571115	0.076235	0.159584	0.080755
1525628920.581086	1525628920.581086	0.018953	0.056422	0.032161
1525628920.591285	1525628920.591285	0.012410	0.181127	-0.017948
1525628920.601034	1525628920.601034	0.030890	0.214079	-0.039010
1525628920.611034	1525628920.611034	0.043432	0.172465	-0.026083
1525628920.620912	1525628920.620912	0.053826	0.156442	-0.006797
1525628920.631572	1525628920.631572	0.053724	0.110612	-0.007861
1525628920.641013	1525628920.641013	0.036516	0.055263	-0.008070
1525628920.651382	1525628920.651382	0.026840	0.025462	-0.008187
1525628920.663092	1525628920.663092	0.021523	0.016956	-0.011445
1525628920.675128	1525628920.675128	0.027002	0.027587	-0.020958
1525628920.680900	1525628920.680900	0.033401	0.031823	-0.019815
1525628920.691280	1525628920.691280	0.044040	0.020054	-0.019685
1525628920.702464	1525628920.702464	0.046266	0.030701	-0.024980
1525628920.712156	1525628920.712156	0.047493	0.053074	-0.033480
1525628920.720766	1525628920.720766	0.042093	0.058428	-0.027160
1525628920.730965	1525628920.730965	0.035645	0.060589	-0.022982
1525628920.740744	1525628920.740744	0.041089	0.062694	-0.031430
1525628920.753939	1525628920.753939	0.033672	0.041405	-0.040035
1525628920.762976	1525628920.762976	0.026120	0.017991	-0.037998
1525628920.770679	1525628920.770679	0.027150	0.019054	-0.034792
1525628920.780672	1525628920.780672	0.032458	0.019032	-0.032599
1525628920.792249	1525628920.792249	0.032482	0.017965	-0.034727
1525628920.801478	1525628920.801478	0.027025	0.021191	-0.024150
1525628920.810835	1525628920.810835	0.033300	0.001982	-0.017687
1525628920.820621	1525628920.820621	0.035388	-0.021475	-0.018725
1525628920.830465	1525628920.830465	0.032088	-0.029985	-0.012379
1525628920.843050	1525628920.843050	0.030025	-0.017188	-0.015598
1525628920.855055	1525628920.855055	0.033415	0.000912	-0.027265
1525628920.860495	1525628920.860495	0.035649	0.020085	-0.031495
1525628920.870475	1525628920.870475	0.044097	0.011525	-0.026070
1525628920.880276	1525628920.880276	0.049240	-0.002347	-0.013234
1525628920.891818	1525628920.891818	0.044852	-0.014049	-0.005837
1525628920.900521	1525628920.900521	0.040713	-0.004443	-0.014403
1525628920.910476	1525628920.910476	0.026770	-0.012908	-0.010316
1525628920.920398	1525628920.920398	0.019126	-0.030990	0.000235
1525628920.934010	1525628920.934010	0.022309	-0.017146	0.004531
1525628920.940425	1525628920.940425	0.030890	0.016925	0.007828
1525628920.950338	1525628920.950338	0.041620	0.041393	0.007958
1525628920.960295	1525628920.960295	0.044755	0.041382	0.013318
1525628920.972272	1525628920.972272	0.047741	0.017928	0.026128
1525628920.982115	1525628920.982115	0.052928	0.006186	0.035771
1525628920.990233	1525628920.990233	0.045457	-0.005507	0.033551
1525628921.000260	1525628921.000260	0.042248	-0.030009	0.029255
1525628921.011286	1525628921.011286	0.044504	-0.038550	0.017575
1525628921.020727	1525628921.020727	0.043558	-0.021496	0.011177
1525628921.030411	1525628921.030411	0.119104	0.138076	0.061057
1525628921.039989	1525628921.039989	0.040689	-0.054500	0.064361
1525628921.050137	1525628921.050137	0.025629	0.020143	0.002442
1525628921.061000	1525628921.061000	0.011032	0.072421	-0.014768
1525628921.075997	1525628921.075997	0.010681	0.036195	0.006516
1525628921.080131	1525628921.080131	0.004969	0.010651	0.031991
1525628921.090240	1525628921.090240	-0.018734	0.006497	0.049796
1525628921.100083	1525628921.100083	-0.063507	0.031201	0.051376
1525628921.113514	1525628921.113514	-0.091846	0.066479	0.020162
1525628921.125901	1525628921.125901	-0.108455	0.094247	-0.011973
1525628921.130273	1525628921.130273	-0.114835	0.102800	-0.012051
1525628921.139946	1525628921.139946	-0.091587	0.086721	0.003135
1525628921.151738	1525628921.151738	-0.073651	0.079191	0.018255
1525628921.164988	1525628921.164988	-0.094060	0.086744	0.030778
1525628921.169862	1525628921.169862	-0.117428	0.112421	0.027298
1525628921.180184	1525628921.180184	-0.088198	0.187961	0.008495
1525628921.189846	1525628921.189846	-0.021490	0.162075	-0.041778
1525628921.205774	1525628921.205774	-0.093813	0.269004	0.047805
1525628921.209842	1525628921.209842	-0.194414	0.425064	0.104045
1525628921.219783	1525628921.219783	-0.128743	0.374667	0.046310
1525628921.229756	1525628921.229756	-0.045925	0.286886	-0.025051
1525628921.239974	1525628921.239974	-0.022548	0.244154	-0.025828
1525628921.249806	1525628921.249806	-0.008311	0.100222	0.002024
1525628921.259785	1525628921.259785	0.057224	-0.165444	-0.001424
1525628921.269820	1525628921.269820	0.077298	-0.332869	-0.019267
1525628921.279687	1525628921.279687	0.023581	-0.299585	0.017327
1525628921.289612	1525628921.289612	-0.025918	-0.243932	0.062488
1525628921.299728	1525628921.299728	-0.024750	-0.208766	0.061436
1525628921.309653	1525628921.309653	-0.016516	-0.126754	0.015767
1525628921.320317	1525628921.320317	-0.023177	-0.018033	-0.027956
1525628921.329633	1525628921.329633	-0.038968	0.045981	-0.032409
1525628921.339917	1525628921.339917	-0.037213	0.029999	-0.004714
1525628921.349504	1525628921.349504	-0.031489	-0.037153	0.036869
1525628921.359949	1525628921.359949	-0.024427	-0.063816	0.064629
1525628921.369581	1525628921.369581	-0.025445	-0.033968	0.066744
1525628921.379941	1525628921.379941	-0.016634	0.019280	0.055143
1525628921.389722	1525628921.389722	-0.004629	0.033076	0.036131
1525628921.399779	1525628921.399779	-0.012031	-0.003136	0.023269
1525628921.409456	1525628921.409456	-0.026000	-0.027589	0.026292
1525628921.419540	1525628921.419540	-0.046428	-0.038155	0.036686
1525628921.429282	1525628921.429282	-0.054053	-0.054106	0.046172
1525628921.439339	1525628921.439339	-0.041355	-0.059485	0.053778
1525628921.449279	1525628921.449279	-0.023027	-0.040384	0.042294
1525628921.459144	1525628921.459144	-0.021604	-0.018019	0.017830
1525628921.469239	1525628921.469239	-0.017284	-0.002051	0.016818
1525628921.479112	1525628921.479112	-0.005776	-0.009552	0.033989
1525628921.489072	1525628921.489072	0.000321	-0.042610	0.052159
1525628921.499168	1525628921.499168	-0.005030	-0.054312	0.051029
1525628921.509248	1525628921.509248	-0.014493	-0.051079	0.040270
1525628921.519010	1525628921.519010	-0.020915	-0.048919	0.042320
1525628921.529301	1525628921.529301	-0.024155	-0.054234	0.044409
1525628921.539091	1525628921.539091	-0.017870	-0.074508	0.049809
1525628921.549363	1525628921.549363	-0.013741	-0.088378	0.058374
1525628921.559049	1525628921.559049	-0.007353	-0.088404	0.059517
1525628921.569325	1525628921.569325	0.002412	-0.059672	0.052185
1525628921.579031	1525628921.579031	0.006927	-0.018130	0.040531
1525628921.589122	1525628921.589122	0.000625	-0.009580	0.034067
1525628921.599439	1525628921.599439	-0.009027	-0.035119	0.032886
1525628921.608944	1525628921.608944	-0.011146	-0.050033	0.028603
1525628921.619059	1525628921.619059	-0.008926	-0.041518	0.023308
1525628921.629114	1525628921.629114	-0.009963	-0.029790	0.023295
1525628921.639023	1525628921.639023	-0.006854	-0.035129	0.029719
1525628921.648742	1525628921.648742	-0.006967	-0.032993	0.039297
1525628921.658796	1525628921.658796	-0.001582	-0.023424	0.037234
1525628921.668956	1525628921.668956	-0.003705	-0.019152	0.037208
1525628921.679135	1525628921.679135	0.001561	-0.025567	0.041530
1525628921.688776	1525628921.688776	0.007154	-0.021337	0.021375
1525628921.698897	1525628921.698897	0.005171	-0.028795	0.007515
1525628921.708791	1525628921.708791	-0.002436	-0.042615	0.015937
1525628921.718881	1525628921.718881	0.001740	-0.047959	0.022374
1525628921.728802	1525628921.728802	0.005041	-0.028790	0.018157
1525628921.738812	1525628921.738812	0.012497	-0.002174	0.024633
1525628921.748793	1525628921.748793	0.009250	0.005303	0.029915
1525628921.758788	1525628921.758788	0.003806	0.008528	0.039428
1525628921.768745	1525628921.768745	-0.000505	0.017075	0.044696
1525628921.778814	1525628921.778814	-0.005771	0.039479	0.043567
1525628921.788570	1525628921.788570	-0.005797	0.034151	0.044631
1525628921.798687	1525628921.798687	-0.000435	0.019204	0.039375
1525628921.809131	1525628921.809131	0.007147	0.007443	0.027761
1525628921.818646	1525628921.818646	0.000740	-0.010650	0.024490
1525628921.853329	1525628921.853329	-0.007745	-0.011682	0.020128
1525628921.853396	1525628921.853396	-0.010839	-0.005277	0.012640
1525628921.853460	1525628921.853460	-0.009688	0.007506	0.008396
1525628921.858618	1525628921.858618	-0.008675	0.017096	0.014794
1525628921.868545	1525628921.868545	-0.007663	0.016028	0.019064
1525628921.878603	1525628921.878603	-0.010918	0.030967	0.026474
1525628921.888514	1525628921.888514	-0.012933	0.041630	0.018999
1525628921.898346	1525628921.898346	-0.008517	0.043738	0.007345
1525628921.908376	1525628921.908376	-0.006372	0.011751	-0.000078
1525628921.918429	1525628921.918429	-0.001133	-0.010652	0.003180
1525628921.928644	1525628921.928644	0.105522	-0.018565	0.005549
1525628921.938504	1525628921.938504	0.161941	-0.099808	-0.000145
1525628921.972621	1525628921.972621	0.023303	-0.020345	0.009865
1525628921.972901	1525628921.972901	-0.042620	0.089715	0.013313
1525628921.973497	1525628921.973497	-0.018613	0.069341	-0.034289
1525628921.978267	1525628921.978267	0.021877	0.043590	-0.034858
1525628921.988200	1525628921.988200	0.023499	-0.009694	-0.003970
1525628921.998179	1525628921.998179	0.021115	-0.062970	0.005582
1525628922.009067	1525628922.009067	0.022033	-0.112000	0.007723
1525628922.018125	1525628922.018125	0.020926	-0.133312	0.006646
1525628922.028622	1525628922.028622	-0.003702	-0.169445	0.006346
1525628922.038082	1525628922.038082	-0.015272	-0.186456	-0.010825
1525628922.048128	1525628922.048128	-0.003272	-0.174792	-0.029837
1525628922.058092	1525628922.058092	0.003102	-0.143907	-0.021245
1525628922.068143	1525628922.068143	0.020034	-0.084283	0.002376
1525628922.078011	1525628922.078011	0.032840	-0.056624	0.007854
1525628922.089443	1525628922.089443	0.010394	-0.062923	0.009708
1525628922.100808	1525628922.100808	-0.020572	-0.026549	0.018908
1525628922.107900	1525628922.107900	-0.040987	-0.000876	0.035687
1525628922.117920	1525628922.117920	-0.062527	-0.034886	0.045004
1525628922.127698	1525628922.127698	-0.047709	-0.097833	0.041994
1525628922.137879	1525628922.137879	-0.031848	-0.170377	0.038997
1525628922.147734	1525628922.147734	-0.016835	-0.144861	0.038115
1525628922.157828	1525628922.157828	-0.008896	-0.013806	0.026501
1525628922.167819	1525628922.167819	-0.015881	0.085335	0.007254
1525628922.177835	1525628922.177835	-0.012408	0.105563	-0.010799
1525628922.189641	1525628922.189641	0.006780	0.068175	-0.016949
1525628922.197763	1525628922.197763	0.002278	0.010644	-0.009552
1525628922.207835	1525628922.207835	-0.018114	-0.011649	-0.004479
1525628922.217741	1525628922.217741	-0.040445	-0.008359	-0.010074
1525628922.229219	1525628922.229219	-0.060702	-0.018933	-0.013514
1525628922.240491	1525628922.240491	-0.061709	-0.010403	-0.016720
1525628922.247649	1525628922.247649	-0.052276	0.010881	0.001489
1525628922.257599	1525628922.257599	-0.026689	0.013971	0.003931
1525628922.267619	1525628922.267619	-0.013720	0.018173	-0.008683
1525628922.278667	1525628922.278667	-0.012713	0.014973	-0.004413
1525628922.287598	1525628922.287598	-0.019099	0.000077	-0.008748
1525628922.297564	1525628922.297564	-0.027544	-0.021208	-0.020559
1525628922.307581	1525628922.307581	-0.042552	-0.049921	-0.020742
1525628922.317636	1525628922.317636	-0.040515	-0.052058	-0.013266
1525628922.329287	1525628922.329287	-0.033024	-0.016916	-0.007854
1525628922.337477	1525628922.337477	-0.031866	0.024646	-0.006777
1525628922.347453	1525628922.347453	-0.029604	0.044884	-0.013136
1525628922.357432	1525628922.357432	-0.040401	0.030012	-0.005817
1525628922.367383	1525628922.367383	-0.050125	0.033255	0.004708
1525628922.380346	1525628922.380346	-0.059626	0.010908	-0.008180
1525628922.387349	1525628922.387349	-0.066834	0.005599	-0.030620
1525628922.397310	1525628922.397310	-0.078268	0.026955	-0.050983
1525628922.407394	1525628922.407394	-0.068521	0.064215	-0.055122
1525628922.418099	1525628922.418099	-0.058704	0.082286	-0.068840
1525628922.427241	1525628922.427241	-0.049089	0.082245	-0.069786
1525628922.437350	1525628922.437350	-0.064421	0.054611	-0.043364
1525628922.447114	1525628922.447114	-0.076668	0.006715	-0.011582
1525628922.457355	1525628922.457355	-0.073795	-0.035921	0.006549
1525628922.469463	1525628922.469463	-0.062271	-0.037028	0.023720
