1525628912.720478	1525628912.720478	63.422852	54.307953	-328.458466
1525628912.740050	1525628912.740050	63.198105	54.382172	-328.384583
1525628912.740125	1525628912.740125	63.272919	54.307617	-328.533936
1525628912.759677	1525628912.759677	63.273178	54.382507	-328.459351
1525628912.759748	1525628912.759748	63.422668	54.233185	-328.608063
1525628912.779669	1525628912.779669	63.123932	54.532181	-328.535614
1525628912.779848	1525628912.779848	63.122818	54.232498	-328.758972
1525628912.799045	1525628912.799045	63.347061	54.083069	-328.682465
1525628912.799117	1525628912.799117	62.973862	54.531616	-328.461060
1525628912.818722	1525628912.818722	63.271454	53.932953	-328.756897
1525628912.818789	1525628912.818789	63.048264	54.381943	-328.535034
1525628912.838399	1525628912.838399	63.271835	54.082504	-328.457703
1525628912.838465	1525628912.838465	63.272659	54.232727	-328.608521
1525628912.858103	1525628912.858103	63.273361	54.457291	-328.309753
1525628912.858195	1525628912.858195	63.272583	54.232620	-328.533539
1525628912.877736	1525628912.877736	63.272766	54.307404	-328.383942
1525628912.877802	1525628912.877802	62.896225	53.931488	-328.532990
1525628912.897547	1525628912.897547	63.123672	54.457291	-328.610199
1525628912.897611	1525628912.897611	63.123749	54.457397	-328.685211
1525628912.916940	1525628912.916940	63.272583	54.232620	-328.533539
1525628912.916980	1525628912.916980	63.198334	54.382507	-328.609558
1525628912.936912	1525628912.936912	63.122589	54.232162	-328.533966
1525628912.936951	1525628912.936951	63.199158	54.532730	-328.760406
1525628912.956965	1525628912.956965	63.273666	54.457733	-328.609741
1525628912.957092	1525628912.957092	63.423080	54.308304	-328.683472
1525628912.976058	1525628912.976058	63.273743	54.457855	-328.684753
1525628912.976160	1525628912.976160	63.197815	54.232727	-328.758759
1525628912.997211	1525628912.997211	63.274612	54.682632	-328.536011
1525628912.997329	1525628912.997329	63.047241	54.156952	-328.533783
1525628913.015828	1525628913.015828	63.199051	54.458069	-328.984955
1525628913.015959	1525628913.015959	62.899979	54.682068	-328.912109
1525628913.035508	1525628913.035508	63.197693	54.158066	-328.983307
1525628913.035631	1525628913.035631	63.049683	54.682068	-328.611664
1525628913.055172	1525628913.055172	63.049576	54.607407	-328.836243
1525628913.055286	1525628913.055286	63.048141	54.307281	-328.759613
1525628913.076555	1525628913.076555	62.825592	54.831741	-328.838135
1525628913.076669	1525628913.076669	62.898560	54.381943	-328.835449
1525628913.094525	1525628913.094525	63.124832	54.682510	-328.761444
1525628913.094639	1525628913.094639	62.972397	54.156952	-328.683990
1525628913.115477	1525628913.115477	63.050323	54.757523	-328.912079
1525628913.115773	1525628913.115773	62.824677	54.681396	-328.612335
1525628913.133761	1525628913.133761	62.598892	54.456055	-328.836761
1525628913.133875	1525628913.133875	62.898895	54.456955	-328.835876
1525628913.153927	1525628913.153927	62.824646	54.606842	-328.911926
1525628913.154002	1525628913.154002	62.825104	54.756500	-328.687744
1525628913.173151	1525628913.173151	62.749039	54.456726	-328.986298
1525628913.173255	1525628913.173255	62.824829	54.681625	-328.762360
1525628913.193154	1525628913.193154	62.601288	55.055618	-328.540070
1525628913.193227	1525628913.193227	62.823334	54.381378	-328.610687
1525628913.213392	1525628913.213392	62.749115	54.605835	-328.387146
1525628913.213465	1525628913.213465	62.747360	54.230713	-328.310089
1525628913.232456	1525628913.232456	62.897202	54.230927	-328.159637
1525628913.232572	1525628913.232572	62.524002	54.679474	-327.938232
1525628913.252522	1525628913.252522	62.821671	54.229919	-327.634888
1525628913.252591	1525628913.252591	62.823212	54.604706	-327.486908
1525628913.272191	1525628913.272191	62.221664	54.228119	-327.636658
1525628913.272308	1525628913.272308	62.596893	54.378571	-327.186340
1525628913.291431	1525628913.291431	62.072144	54.451889	-327.113281
1525628913.292083	1525628913.292083	62.443741	53.777435	-326.733459
1525628913.311019	1525628913.311019	61.995834	54.226212	-326.812286
1525628913.311133	1525628913.311133	62.293930	53.851761	-326.584351
1525628913.330728	1525628913.330728	62.520615	54.227432	-326.585724
1525628913.330845	1525628913.330845	62.368164	53.701874	-326.508301
1525628913.350291	1525628913.350291	62.068848	53.850967	-326.510040
1525628913.350406	1525628913.350406	62.144775	54.076080	-326.436035
1525628913.370309	1525628913.370309	61.993774	53.850632	-326.435242
1525628913.370427	1525628913.370427	62.144974	54.150864	-326.286438
1525628913.389988	1525628913.389988	61.769287	53.999741	-326.286743
1525628913.390103	1525628913.390103	62.068695	53.850754	-326.360016
1525628913.409464	1525628913.409464	61.771057	54.374863	-326.363770
1525628913.409580	1525628913.409580	61.768494	53.775070	-326.510498
1525628913.429260	1525628913.429260	61.545639	54.299072	-326.289062
1525628913.429479	1525628913.429479	60.720184	54.146942	-326.515686
1525628913.448823	1525628913.448823	60.871307	54.447052	-326.291901
1525628913.448938	1525628913.448938	60.047501	54.744354	-326.145996
1525628913.468735	1525628913.468735	59.972382	54.669479	-326.370789
1525628913.468848	1525628913.468848	59.447601	54.817230	-325.923187
1525628913.488231	1525628913.488231	59.445129	54.217560	-326.144928
1525628913.488352	1525628913.488352	59.822205	54.743240	-325.846649
1525628913.508002	1525628913.508002	59.445618	54.441772	-325.621124
1525628913.508116	1525628913.508116	59.669937	54.292435	-325.619629
1525628913.527710	1525628913.527710	59.296280	54.591324	-325.622406
1525628913.527824	1525628913.527824	58.546432	54.589294	-325.774658
1525628913.547136	1525628913.547136	57.949844	55.412079	-325.480957
1525628913.547243	1525628913.547243	56.973557	55.109253	-325.557220
1525628913.567109	1525628913.567109	56.673660	55.183014	-325.333527
1525628913.567223	1525628913.567223	56.376022	55.707138	-325.337311
1525628913.586778	1525628913.586778	56.372192	54.807449	-325.557373
1525628913.586893	1525628913.586893	56.523026	55.107117	-325.033569
1525628913.607463	1525628913.607463	56.595047	54.581436	-324.430481
1525628913.607546	1525628913.607546	56.371628	54.881104	-324.657806
1525628913.626093	1525628913.626093	55.921402	54.879410	-324.434143
1525628913.626168	1525628913.626168	55.846649	54.954086	-324.359741
1525628913.646356	1525628913.646356	55.172440	55.176727	-324.138000
1525628913.646429	1525628913.646429	54.421005	54.874359	-324.063599
1525628913.665593	1525628913.665593	54.347092	55.099243	-324.140045
1525628913.665710	1525628913.665710	53.747864	55.322128	-323.918091
1525628913.685437	1525628913.685437	53.521439	55.021332	-323.842102
1525628913.685555	1525628913.685555	53.222824	55.394989	-323.545074
1525628913.705183	1525628913.705183	52.993958	54.569077	-323.391205
1525628913.705297	1525628913.705297	53.146927	55.244415	-323.319458
1525628913.725285	1525628913.725285	52.770416	54.943069	-323.168945
1525628913.725404	1525628913.725404	52.995346	54.943634	-323.093262
1525628913.743973	1525628913.743973	52.621307	55.241943	-322.721039
1525628913.744087	1525628913.744087	52.768539	54.642273	-322.642273
1525628913.763773	1525628913.763773	52.770493	55.092163	-322.569763
1525628913.763884	1525628913.763884	52.694733	54.941833	-322.494141
1525628913.783988	1525628913.783988	52.694397	54.866821	-322.493744
1525628913.784113	1525628913.784113	51.944321	54.864471	-322.420990
1525628913.803198	1525628913.803198	52.393906	54.790695	-322.344238
1525628913.803313	1525628913.803313	52.095932	55.239807	-322.347595
1525628913.822792	1525628913.822792	51.866653	54.338776	-322.118317
1525628913.822903	1525628913.822903	52.094162	54.864685	-322.270508
1525628913.842983	1525628913.842983	51.721146	55.239029	-322.573730
1525628913.843055	1525628913.843055	51.645401	55.088684	-322.498108
1525628913.862569	1525628913.862569	51.645660	55.163574	-322.423523
1525628913.862785	1525628913.862785	51.569016	54.862885	-322.122101
1525628913.881865	1525628913.881865	51.570206	55.162674	-321.973755
1525628913.881979	1525628913.881979	51.044113	54.935989	-321.899078
1525628913.901550	1525628913.901550	51.043549	54.860641	-321.673676
1525628913.901621	1525628913.901621	50.745468	55.235092	-321.901611
1525628913.921366	1525628913.921366	50.218018	54.708389	-321.825317
1525628913.921439	1525628913.921439	49.695557	55.306610	-321.680176
1525628913.941258	1525628913.941258	49.169388	55.079803	-321.530457
1525628913.941331	1525628913.941331	49.094467	55.079681	-321.605713
1525628913.960930	1525628913.960930	48.795547	55.303909	-321.682861
1525628913.961046	1525628913.961046	48.417847	54.702774	-321.680695
1525628913.980640	1525628913.980640	48.420319	55.302444	-321.458954
1525628913.980755	1525628913.980755	48.494644	55.152664	-321.457886
1525628913.999779	1525628913.999779	48.420990	55.452454	-321.459778
1525628913.999895	1525628913.999895	48.345398	55.302338	-321.534149
1525628914.019737	1525628914.019737	48.343704	54.927338	-321.532104
1525628914.019855	1525628914.019855	48.195648	55.376770	-321.460022
1525628914.039423	1525628914.039423	47.894119	55.001099	-321.608887
1525628914.039537	1525628914.039537	47.969299	55.076096	-321.459045
1525628914.058894	1525628914.058894	47.444778	55.149750	-321.611053
1525628914.059009	1525628914.059009	47.594299	55.074966	-321.460175
1525628914.079054	1525628914.079054	47.144745	55.223297	-321.237335
1525628914.079274	1525628914.079274	46.843765	54.922943	-321.611603
1525628914.098246	1525628914.098246	46.768982	55.072052	-321.162628
1525628914.100428	1525628914.100428	46.619247	55.146500	-321.088501
1525628914.118012	1525628914.118012	46.843735	54.997391	-321.237000
1525628914.118134	1525628914.118134	46.171204	55.595032	-321.017303
1525628914.137817	1525628914.137817	46.093948	54.995483	-321.464233
1525628914.137934	1525628914.137934	45.720062	55.294022	-321.242004
1525628914.157418	1525628914.157418	45.117966	54.842102	-321.166290
1525628914.157536	1525628914.157536	45.418640	54.993011	-321.166229
1525628914.177230	1525628914.177230	45.044983	55.291885	-321.169006
1525628914.177349	1525628914.177349	45.119385	55.142227	-321.242950
1525628914.196723	1525628914.196723	44.820847	55.515991	-321.020905
1525628914.196839	1525628914.196839	44.368393	54.989532	-320.944397
1525628914.216768	1525628914.216768	44.369827	55.289642	-321.021027
1525628914.216885	1525628914.216885	43.995422	55.438416	-320.947968
1525628914.236119	1525628914.236119	44.144150	55.138962	-321.020874
1525628914.236237	1525628914.236237	43.770599	55.512512	-320.799042
1525628914.255633	1525628914.255633	43.542145	54.761703	-320.720612
1525628914.257250	1525628914.257250	43.543915	55.136826	-320.797638
1525628914.275587	1525628914.275587	42.942734	54.909805	-320.648224
1525628914.275703	1525628914.275703	43.018265	55.059799	-320.498810
1525628914.295494	1525628914.295494	42.342316	54.832886	-320.574615
1525628914.295712	1525628914.295712	42.340363	54.382996	-320.647125
1525628914.314875	1525628914.314875	42.342773	54.982559	-320.350433
1525628914.314952	1525628914.314952	41.967651	54.906769	-320.576141
1525628914.334608	1525628914.334608	41.967468	54.831985	-320.725708
1525628914.334683	1525628914.334683	41.668411	55.055984	-320.652832
1525628914.354555	1525628914.354555	41.817627	54.831772	-320.876160
1525628914.354627	1525628914.354627	41.518478	55.055649	-320.728302
1525628914.374225	1525628914.374225	41.217758	54.830200	-321.027954
1525628914.374340	1525628914.374340	41.294113	55.130432	-321.029358
1525628914.393974	1525628914.393974	40.469711	55.277847	-320.957672
1525628914.394092	1525628914.394092	40.617752	54.828400	-321.029724
1525628914.413739	1525628914.413739	40.470795	55.502960	-321.033875
1525628914.413857	1525628914.413857	40.617798	54.753967	-321.404327
1525628914.432947	1525628914.432947	40.694183	55.128738	-321.106171
1525628914.433063	1525628914.433063	40.243652	54.977615	-321.256683
1525628914.452985	1525628914.452985	40.393661	54.978073	-321.256226
1525628914.453599	1525628914.453599	39.645676	55.425827	-321.260956
1525628914.472323	1525628914.472323	39.868988	55.051498	-321.258209
1525628914.472693	1525628914.472693	39.870377	55.277069	-321.634491
1525628914.492015	1525628914.492015	39.419556	55.125488	-321.484985
1525628914.492133	1525628914.492133	39.644287	55.051270	-321.558868
1525628914.511576	1525628914.511576	39.044128	55.049240	-321.410675
1525628914.512096	1525628914.512096	39.344543	55.125259	-321.485199
1525628914.531369	1525628914.531369	39.345230	55.275269	-321.486023
1525628914.531487	1525628914.531487	38.895035	55.199142	-321.636963
1525628914.551027	1525628914.551027	39.045303	55.274475	-321.561890
1525628914.551144	1525628914.551144	38.520065	55.272568	-321.338501
1525628914.570725	1525628914.570725	38.595215	55.273026	-321.488251
1525628914.570842	1525628914.570842	38.371078	55.497116	-321.340179
1525628914.590323	1525628914.590323	38.219208	55.046890	-321.488129
1525628914.590469	1525628914.590469	38.144196	55.046661	-321.488373
1525628914.610116	1525628914.610116	37.843979	55.045425	-321.264252
1525628914.610187	1525628914.610187	37.843979	55.045425	-321.264252
1525628914.629951	1525628914.629951	37.845428	55.420105	-321.041321
1525628914.630027	1525628914.630027	37.468964	55.044296	-321.265381
1525628914.649934	1525628914.649934	37.394974	55.269089	-321.266846
1525628914.650007	1525628914.650007	37.317276	54.668854	-321.263763
1525628914.669655	1525628914.669655	37.168030	54.818512	-321.340057
1525628914.669770	1525628914.669770	36.568726	55.041275	-321.043060
1525628914.689199	1525628914.689199	36.792267	54.667267	-321.265320
1525628914.689313	1525628914.689313	36.868881	55.042389	-321.192139
1525628914.709308	1525628914.709308	36.342941	54.815933	-321.267487
1525628914.709423	1525628914.709423	36.567368	54.741272	-321.041412
1525628914.728195	1525628914.728195	35.818115	54.889145	-321.119476
1525628914.729068	1525628914.729068	35.890564	54.289566	-321.265961
1525628914.748007	1525628914.748007	35.143265	54.887344	-321.271484
1525628914.748123	1525628914.748123	34.765137	54.211090	-321.193878
1525628914.767988	1525628914.767988	35.141830	54.587219	-321.194824
1525628914.768103	1525628914.768103	34.242691	54.809296	-321.048767
1525628914.787867	1525628914.787867	34.391907	54.585083	-321.272064
1525628914.787983	1525628914.787983	34.168182	54.884308	-321.199371
1525628914.807112	1525628914.807112	33.790283	54.208389	-321.346832
1525628914.807234	1525628914.807234	33.716965	54.583176	-321.349091
1525628914.826733	1525628914.826733	33.190201	54.206482	-321.273590
1525628914.826850	1525628914.826850	32.890350	54.205811	-321.424500
1525628914.846239	1525628914.846239	32.665985	54.429581	-321.051392
1525628914.846354	1525628914.846354	32.288910	53.903885	-321.349640
1525628914.865936	1525628914.865936	32.365677	54.279236	-321.426483
1525628914.866050	1525628914.866050	31.840714	54.352219	-321.128448
1525628914.885618	1525628914.885618	31.989700	54.127655	-321.126770
1525628914.885734	1525628914.885734	31.238449	53.900070	-320.902771
1525628914.905253	1525628914.905253	31.311920	53.525513	-321.050476
1525628914.905367	1525628914.905367	30.938492	53.973724	-320.604095
1525628914.925116	1525628914.925116	30.562057	53.672485	-320.528564
1525628914.925231	1525628914.925231	30.860138	53.298035	-320.300598
1525628914.944643	1525628914.944643	30.185059	53.295898	-320.227631
1525628914.944755	1525628914.944755	30.182205	52.695663	-320.074310
1525628914.964327	1525628914.964327	29.734253	53.218872	-319.778534
1525628914.964440	1525628914.964440	29.730392	52.393631	-319.624023
1525628914.984008	1525628914.984008	29.805588	52.468628	-319.474213
1525628914.984123	1525628914.984123	29.204102	52.241150	-319.024750
1525628915.003698	1525628915.003698	29.802689	51.942825	-318.946320
1525628915.003813	1525628915.003813	29.202942	52.164902	-318.199341
1525628915.023348	1525628915.023348	29.349823	51.490234	-318.120209
1525628915.023419	1525628915.023419	29.500458	51.715118	-317.746002
1525628915.043147	1525628915.043147	29.199371	51.489105	-317.670654
1525628915.043223	1525628915.043223	29.346405	50.963638	-317.067322
1525628915.063301	1525628915.063301	28.744324	50.586273	-316.692047
1525628915.063376	1525628915.063376	28.668167	50.360825	-316.541046
1525628915.082682	1525628915.082682	28.518799	50.584808	-316.167725
1525628915.082799	1525628915.082799	28.065857	49.983109	-315.940765
1525628915.102486	1525628915.102486	28.139893	49.832870	-315.639709
1525628915.102602	1525628915.102602	27.838898	49.681534	-315.339783
1525628915.123005	1525628915.123005	27.687958	49.456192	-315.413971
1525628915.123124	1525628915.123124	27.237320	49.379379	-315.114929
1525628915.141490	1525628915.141490	26.784805	48.852798	-314.963379
1525628915.142236	1525628915.142236	26.859390	48.777908	-314.887726
1525628915.161400	1525628915.161400	25.732574	48.473862	-314.439453
1525628915.162216	1525628915.162216	25.880539	48.024292	-314.436523
1525628915.180850	1525628915.180850	25.129517	47.946030	-313.763367
1525628915.180966	1525628915.180966	24.601288	47.194672	-313.910797
1525628915.200428	1525628915.200428	24.301544	47.268661	-313.837128
1525628915.200540	1525628915.200540	23.472702	46.515503	-313.385468
1525628915.220304	1525628915.220304	23.246613	46.289703	-313.309875
1525628915.220420	1525628915.220420	22.719162	45.763016	-313.233582
1525628915.239870	1525628915.239870	22.341385	45.161758	-313.156403
1525628915.239985	1525628915.239985	21.665924	45.159058	-312.708435
1525628915.259554	1525628915.259554	20.988892	44.707031	-312.707977
1525628915.259668	1525628915.259668	20.687347	44.331345	-312.856812
1525628915.279238	1525628915.279238	19.334396	43.726944	-312.632538
1525628915.279321	1525628915.279321	18.730896	42.900467	-312.854828
1525628915.298880	1525628915.298880	17.679993	42.746979	-312.632111
1525628915.298954	1525628915.298954	16.175278	41.767014	-312.331268
1525628915.318636	1525628915.318636	15.572311	41.090317	-312.404327
1525628915.318705	1525628915.318705	14.066055	39.735580	-312.251404
1525628915.340128	1525628915.340128	13.088379	39.058197	-312.625610
1525628915.340201	1525628915.340201	12.036224	38.530380	-312.850861
1525628915.358525	1525628915.358525	11.807205	37.704239	-312.546997
1525628915.358599	1525628915.358599	12.033493	38.004807	-312.472992
1525628915.378158	1525628915.378158	12.334579	38.379807	-311.874146
1525628915.378276	1525628915.378276	13.535568	38.682846	-311.497192
1525628915.398099	1525628915.398099	14.663055	39.434891	-310.597961
1525628915.398216	1525628915.398216	16.385330	39.063461	-309.540710
1525628915.417972	1525628915.417972	17.886429	39.591049	-308.264130
1525628915.418088	1525628915.418088	19.157745	38.993393	-307.282013
1525628915.436830	1525628915.436830	20.882767	39.147552	-306.602722
1525628915.436950	1525628915.436950	21.632233	39.298004	-305.401276
1525628915.456329	1525628915.456329	22.979248	38.701584	-305.093994
1525628915.456443	1525628915.456443	23.657257	39.453064	-304.721069
1525628915.475851	1525628915.475851	24.482452	39.530289	-304.569031
1525628915.475964	1525628915.475964	25.837265	40.584488	-304.645752
1525628915.495947	1525628915.495947	26.291489	41.486069	-304.799377
1525628915.496168	1525628915.496168	27.572479	42.616272	-305.701721
1525628915.515346	1525628915.515346	28.627960	43.819550	-305.780182
1525628915.515461	1525628915.515461	29.908127	44.799515	-306.531708
1525628915.534896	1525628915.534896	31.639343	46.080383	-306.983582
1525628915.535011	1525628915.535011	32.993942	46.985245	-307.509491
1525628915.554719	1525628915.554719	34.797424	47.591782	-308.257385
1525628915.554835	1525628915.554835	36.453522	48.946747	-308.259888
1525628915.574794	1525628915.574794	37.956100	49.402039	-308.782867
1525628915.574912	1525628915.574912	39.609756	50.082901	-309.381653
1525628915.594055	1525628915.594055	40.811539	50.461624	-309.455139
1525628915.594170	1525628915.594170	42.686783	50.467575	-309.674561
1525628915.613620	1525628915.613620	44.189087	50.996964	-309.597961
1525628915.613735	1525628915.613735	46.213577	50.853256	-309.741089
1525628915.633298	1525628915.633298	48.314804	51.010330	-310.260651
1525628915.633413	1525628915.633413	49.965347	51.165054	-310.106537
1525628915.653074	1525628915.653074	51.989212	50.796906	-310.623474
1525628915.653189	1525628915.653189	53.340393	51.026169	-310.770691
1525628915.673047	1525628915.673047	54.690491	50.881348	-311.515839
1525628915.673162	1525628915.673162	56.192871	51.261871	-312.188416
1525628915.692392	1525628915.692392	57.619202	51.491592	-312.485382
1525628915.692501	1525628915.692501	59.042877	51.046860	-313.153687
1525628915.719349	1525628915.719349	59.493729	51.272995	-313.003571
1525628915.719415	1525628915.719415	60.167618	50.975342	-313.224884
1525628915.731740	1525628915.731740	60.393036	51.051132	-313.299652
1525628915.731865	1525628915.731865	59.642715	51.048431	-313.001892
1525628915.751060	1525628915.751060	59.644073	51.348434	-313.003540
1525628915.751106	1525628915.751106	58.444778	51.569397	-312.708344
1525628915.770947	1525628915.770947	57.843231	51.192825	-312.858063
1525628915.771024	1525628915.771024	57.020096	51.789124	-312.038849
1525628915.790618	1525628915.790618	55.819061	51.560516	-312.041199
1525628915.790692	1525628915.790692	55.294769	51.783493	-311.743958
1525628915.810158	1525628915.810158	54.244644	51.854675	-311.297516
1525628915.810242	1525628915.810242	53.794601	51.778778	-311.598450
1525628915.829628	1525628915.829628	53.198761	52.602676	-312.054779
1525628915.829686	1525628915.829686	53.349197	52.529251	-312.803925
1525628915.849416	1525628915.849416	54.177017	53.057419	-313.254333
1525628915.849468	1525628915.849468	54.252686	53.207642	-313.254913
1525628915.869127	1525628915.869127	54.325439	52.757523	-313.027252
1525628915.869185	1525628915.869185	53.500168	52.829147	-312.430115
1525628915.888620	1525628915.888620	52.224319	52.675095	-312.283112
1525628915.888661	1525628915.888661	51.699951	52.897964	-311.910919
1525628915.908569	1525628915.908569	50.349762	52.819153	-312.064514
1525628915.908615	1525628915.908615	50.051819	53.193817	-312.442474
1525628915.928227	1525628915.928227	49.754700	53.718719	-312.971252
1525628915.928358	1525628915.928358	49.906250	53.944962	-313.497009
1525628915.947947	1525628915.947947	50.133362	54.395767	-313.573822
1525628915.948014	1525628915.948014	49.832184	54.169632	-313.423492
1525628915.967851	1525628915.967851	49.081345	54.017151	-313.274872
1525628915.967980	1525628915.967980	48.182022	54.164459	-313.278381
1525628915.987540	1525628915.987540	47.582840	54.312897	-313.431030
1525628915.987666	1525628915.987666	47.284348	54.612228	-313.583557
1525628916.007158	1525628916.007158	46.758133	54.310867	-313.733490
1525628916.007297	1525628916.007297	47.209152	54.537231	-313.733368
1525628916.026917	1525628916.026917	46.834564	54.611221	-313.809906
1525628916.027009	1525628916.027009	46.985245	54.761673	-313.810303
1525628916.046860	1525628916.046860	46.386581	55.059875	-313.813721
1525628916.046933	1525628916.046933	46.160156	54.610107	-314.411896
1525628916.066746	1525628916.066746	45.637329	55.058762	-314.565979
1525628916.066865	1525628916.066865	45.037323	55.056961	-314.567749
1525628916.086362	1525628916.086362	44.738419	55.281189	-314.644867
1525628916.086476	1525628916.086476	44.587738	55.130722	-314.644501
1525628916.106220	1525628916.106220	44.588867	55.281418	-315.095337
1525628916.106339	1525628916.106339	44.216217	55.805298	-315.099335
1525628916.125448	1525628916.125448	43.989609	55.429733	-315.172913
1525628916.125565	1525628916.125565	43.991455	55.804962	-315.325012
1525628916.144921	1525628916.144921	43.767120	55.954300	-315.326508
1525628916.145450	1525628916.145450	43.616486	55.729401	-315.700714
1525628916.164674	1525628916.164674	43.318359	56.178284	-315.554047
1525628916.164789	1525628916.164789	42.941620	55.727600	-315.852722
1525628916.184406	1525628916.184406	43.242157	55.878281	-315.702637
1525628916.184526	1525628916.184526	42.419479	56.326263	-316.007599
1525628916.204067	1525628916.204067	42.493393	56.101379	-315.931122
1525628916.204183	1525628916.204183	42.420258	56.550934	-315.783783
1525628916.223626	1525628916.223626	42.192902	56.025253	-315.781586
1525628916.223741	1525628916.223741	42.043564	56.174805	-315.782867
1525628916.243435	1525628916.243435	41.742889	56.023911	-315.782928
1525628916.243550	1525628916.243550	41.967560	55.949585	-315.781860
1525628916.263106	1525628916.263106	41.518570	56.173233	-315.784424
1525628916.263222	1525628916.263222	41.592438	55.873795	-316.007599
1525628916.282793	1525628916.282793	41.368637	56.172897	-315.859894
1525628916.282907	1525628916.282907	41.217239	55.946884	-315.484100
1525628916.302766	1525628916.302766	40.991531	55.721649	-315.783508
1525628916.302883	1525628916.302883	40.767426	56.020309	-315.335846
1525628916.322141	1525628916.322141	40.766296	55.720642	-315.559174
1525628916.322256	1525628916.322256	40.767761	56.095306	-315.336273
1525628916.341957	1525628916.341957	40.541306	55.719971	-315.559845
1525628916.342075	1525628916.342075	40.467163	55.944519	-315.411316
1525628916.361538	1525628916.361538	40.091553	55.793503	-315.486633
1525628916.361967	1525628916.361967	40.240479	55.568832	-315.409943
1525628916.381216	1525628916.381216	39.941864	55.942505	-315.112915
1525628916.381330	1525628916.381330	39.640991	55.716812	-315.262543
1525628916.401920	1525628916.401920	39.791031	55.791809	-314.962524
1525628916.402036	1525628916.402036	39.416855	55.940933	-315.114471
1525628916.420594	1525628916.420594	39.415054	55.491257	-315.337006
1525628916.420672	1525628916.420672	39.040161	55.564789	-315.113525
1525628916.440321	1525628916.440321	39.114624	55.415237	-315.262482
1525628916.440393	1525628916.440393	38.740829	55.713898	-315.115234
1525628916.460082	1525628916.460082	38.514740	55.488098	-315.039673
1525628916.460157	1525628916.460157	38.814957	55.489334	-315.263794
1525628916.479965	1525628916.479965	38.589630	55.413666	-315.264038
1525628916.480038	1525628916.480038	38.588013	55.038773	-315.337006
1525628916.499674	1525628916.499674	38.140900	55.712204	-315.192017
1525628916.499790	1525628916.499790	37.839127	55.336197	-315.115875
1525628916.519507	1525628916.519507	38.139740	55.486984	-315.040802
1525628916.519623	1525628916.519623	37.389572	55.484512	-314.893036
1525628916.539515	1525628916.539515	37.612701	55.035400	-315.039886
1525628916.539633	1525628916.539633	36.939224	55.408157	-314.893982
1525628916.558156	1525628916.558156	36.861862	54.882919	-314.891296
1525628916.558273	1525628916.558273	36.863632	55.258041	-314.968384
1525628916.578166	1525628916.578166	36.563400	55.256805	-314.744263
1525628916.578283	1525628916.578283	36.412125	54.956467	-314.818054
1525628916.597665	1525628916.597665	35.962311	55.029892	-314.669800
1525628916.597780	1525628916.597780	35.661285	54.803986	-314.669464
1525628916.617615	1525628916.617615	35.736893	54.954102	-314.595093
1525628916.617733	1525628916.617733	34.985611	54.651962	-314.670654
1525628916.637232	1525628916.637232	35.059631	54.501740	-314.369629
1525628916.637349	1525628916.637349	34.684586	54.575043	-313.996155
1525628916.656799	1525628916.656799	34.532700	54.124817	-314.144135
1525628916.656914	1525628916.656914	34.233902	54.423691	-313.996674
1525628916.676444	1525628916.676444	33.781647	53.972000	-313.770538
1525628916.676728	1525628916.676728	33.856461	53.897446	-313.919891
1525628916.696280	1525628916.696280	33.406082	53.895538	-313.546234
1525628916.696356	1525628916.696356	33.329605	53.520645	-313.769409
1525628916.715783	1525628916.715783	32.955841	53.893845	-313.322571
1525628916.715852	1525628916.715852	33.027573	53.218719	-313.093689
1525628916.735537	1525628916.735537	33.025818	52.843597	-313.016602
1525628916.735609	1525628916.735609	32.276215	53.065460	-312.420074
1525628916.755534	1525628916.755534	32.275085	52.765793	-312.643433
1525628916.755608	1525628916.755608	31.597931	52.388077	-312.193390
1525628916.775042	1525628916.775042	31.372635	52.386963	-311.894073
1525628916.775256	1525628916.775256	31.145370	51.935944	-311.667267
1525628916.795335	1525628916.795335	30.619888	51.859131	-311.518433
1525628916.795690	1525628916.795690	30.618866	51.634125	-311.517181
1525628916.814203	1525628916.814203	30.167816	51.482224	-311.142700
1525628916.814886	1525628916.814886	29.942398	51.406433	-311.067963
1525628916.833885	1525628916.833885	29.866150	51.180862	-310.841980
1525628916.833999	1525628916.833999	29.113968	50.728378	-310.691711
1525628916.853542	1525628916.853542	29.112320	50.427917	-310.390076
1525628916.853656	1525628916.853656	28.511337	50.275665	-310.091034
1525628916.873270	1525628916.873270	28.133850	49.674866	-310.313873
1525628916.873382	1525628916.873382	27.757980	49.597961	-309.789551
1525628916.892988	1525628916.892988	27.232040	49.371490	-309.864899
1525628916.893102	1525628916.893102	27.004700	48.920364	-309.563080
1525628916.912641	1525628916.912641	26.478867	48.768555	-309.413818
1525628916.912865	1525628916.912865	26.327072	48.467422	-308.962646
1525628916.932301	1525628916.932301	25.800964	48.240738	-308.887970
1525628916.932416	1525628916.932416	25.348602	47.714371	-308.886414
1525628916.951921	1525628916.951921	25.349045	47.864044	-308.662231
1525628916.952035	1525628916.952035	24.972122	47.487564	-308.436310
1525628916.971652	1525628916.971652	24.970444	47.112564	-308.434235
1525628916.971767	1525628916.971767	24.294907	47.109756	-307.911255
1525628916.991350	1525628916.991350	24.066254	46.284164	-307.982422
1525628916.991466	1525628916.991466	24.139679	45.984055	-307.755554
1525628917.010990	1525628917.010990	23.312683	45.606125	-307.455963
1525628917.011104	1525628917.011104	23.312012	45.456116	-307.455139
1525628917.030667	1525628917.030667	22.710449	45.228531	-306.930664
1525628917.030782	1525628917.030782	22.333679	44.852280	-306.854736
1525628917.050356	1525628917.050356	22.031586	44.401260	-306.778168
1525628917.050470	1525628917.050470	21.052139	43.497757	-306.401123
1525628917.070040	1525628917.070040	20.525101	43.046173	-306.400238
1525628917.070154	1525628917.070154	19.172455	42.442230	-306.475983
1525628917.089713	1525628917.089713	18.270081	41.914520	-306.475769
1525628917.089827	1525628917.089827	16.993195	41.460922	-306.627106
1525628917.109331	1525628917.109331	15.937546	40.257401	-306.398651
1525628917.109415	1525628917.109415	15.110062	39.655258	-306.622833
1525628917.129343	1525628917.129343	13.982498	39.052109	-306.772888
1525628917.129419	1525628917.129419	13.229828	38.375412	-307.146423
1525628917.148786	1525628917.148786	12.778854	38.223602	-306.846954
1525628917.148861	1525628917.148861	12.778503	38.148605	-306.846527
1525628917.168685	1525628917.168685	13.230652	38.674622	-306.623077
1525628917.168758	1525628917.168758	13.605087	38.600418	-306.396545
1525628917.188494	1525628917.188494	14.581223	38.903000	-306.170258
1525628917.188611	1525628917.188611	15.108673	39.578690	-305.572418
1525628917.208222	1525628917.208222	15.933411	39.506256	-305.644531
1525628917.208337	1525628917.208337	16.531876	39.282272	-305.116516
1525628917.227974	1525628917.227974	17.057526	39.508286	-304.741180
1525628917.228089	1525628917.228089	18.033768	39.885529	-304.290283
1525628917.247287	1525628917.247287	18.633408	39.886765	-303.913513
1525628917.247911	1525628917.247911	19.534424	40.114471	-303.912048
1525628917.266967	1525628917.266967	20.289093	41.166626	-303.840607
1525628917.267083	1525628917.267083	21.190292	41.469101	-303.689545
1525628917.286491	1525628917.286491	22.469070	42.223495	-304.064880
1525628917.286774	1525628917.286774	23.522308	42.976440	-303.915833
1525628917.306076	1525628917.306076	25.025925	43.731293	-304.140472
1525628917.306150	1525628917.306150	26.307510	45.160355	-304.294495
1525628917.325932	1525628917.325932	27.284439	45.538635	-304.518646
1525628917.326048	1525628917.326048	29.014008	46.519043	-304.668854
1525628917.345806	1525628917.345806	30.291718	47.122879	-304.668365
1525628917.346027	1525628917.346027	31.719330	47.652496	-304.891998
1525628917.365191	1525628917.365191	32.923401	48.556107	-304.893341
1525628917.365308	1525628917.365308	34.497330	48.186722	-305.486603
1525628917.384835	1525628917.384835	36.225464	48.867020	-305.560150
1525628917.384949	1525628917.384949	37.579010	49.621307	-305.710236
1525628917.404460	1525628917.404460	39.380341	49.852158	-306.006104
1525628917.404538	1525628917.404538	40.957840	50.456543	-305.779694
1525628917.424180	1525628917.424180	42.531876	50.161819	-306.148346
1525628917.424255	1525628917.424255	44.334076	50.617447	-306.295471
1525628917.444067	1525628917.444067	45.759171	50.621826	-306.366180
1525628917.444139	1525628917.444139	47.560989	50.927902	-306.812469
1525628917.463906	1525628917.463906	48.985321	50.782166	-306.807404
1525628917.463979	1525628917.463979	50.484970	50.637100	-307.102081
1525628917.483574	1525628917.483574	52.135437	50.642731	-307.547180
1525628917.483689	1525628917.483689	53.410950	50.721771	-307.693787
1525628917.503431	1525628917.503431	54.760620	50.650818	-307.689331
1525628917.503547	1525628917.503547	55.885223	50.430084	-308.284760
1525628917.522574	1525628917.522574	57.159866	50.284348	-308.580109
1525628917.522691	1525628917.522691	58.211227	50.587494	-308.578644
1525628917.542354	1525628917.542354	59.185150	50.216324	-309.173676
1525628917.542470	1525628917.542470	60.385132	50.145355	-309.469666
1525628917.562457	1525628917.562457	60.760773	50.221939	-309.768982
1525628917.563213	1525628917.563213	61.734955	49.925644	-310.289459
1525628917.582161	1525628917.582161	62.036499	50.301315	-310.140625
1525628917.583152	1525628917.583152	62.185455	50.002213	-310.438507
1525628917.601389	1525628917.601389	62.562302	50.378571	-310.589447
1525628917.601508	1525628917.601508	62.411957	50.303116	-310.589478
1525628917.620953	1525628917.620953	62.487595	50.378799	-310.889679
1525628917.621068	1525628917.621068	62.113708	50.677338	-310.667450
1525628917.640643	1525628917.640643	61.663300	50.600876	-310.593353
1525628917.640760	1525628917.640760	61.139725	50.899429	-310.671600
1525628917.660330	1525628917.660330	60.239334	50.896164	-310.299286
1525628917.660447	1525628917.660447	59.416702	51.418701	-310.304626
1525628917.679821	1525628917.679821	57.916565	51.488541	-309.859467
1525628917.679937	1525628917.679937	56.790909	51.409714	-309.562408
1525628917.699676	1525628917.699676	55.592133	51.780457	-309.118042
1525628917.699792	1525628917.699792	54.390625	51.476624	-308.969971
1525628917.719376	1525628917.719376	53.867371	51.850174	-309.048615
1525628917.719495	1525628917.719495	53.496536	52.674744	-309.504242
1525628917.739140	1525628917.739140	53.796066	52.451431	-310.027130
1525628917.739255	1525628917.739255	53.870758	52.451202	-309.726898
1525628917.758673	1525628917.758673	54.017426	51.776184	-309.422760
1525628917.758795	1525628917.758795	54.242035	51.776291	-309.047089
1525628917.778183	1525628917.778183	53.942978	52.000290	-308.974213
1525628917.778302	1525628917.778302	53.716888	51.774506	-308.898651
1525628917.797773	1525628917.797773	52.970749	52.597488	-309.055420
1525628917.797844	1525628917.797844	52.146988	52.671387	-309.958282
1525628917.817718	1525628917.817718	51.550812	53.420273	-310.414246
1525628917.817844	1525628917.817844	51.026703	53.569046	-310.641602
1525628917.837235	1525628917.837235	51.028549	53.944275	-310.793671
1525628917.837325	1525628917.837325	50.354172	54.166687	-310.421936
1525628917.857039	1525628917.857039	50.201279	53.491455	-310.568665
1525628917.857124	1525628917.857124	49.827072	53.714996	-310.346008
1525628917.876989	1525628917.876989	49.376907	53.713425	-310.197357
1525628917.877122	1525628917.877122	49.976242	53.565216	-310.194763
1525628917.896420	1525628917.896420	49.753571	54.014999	-310.497864
1525628917.896543	1525628917.896543	49.602432	53.714890	-310.721680
1525628917.916429	1525628917.916429	49.454056	54.089340	-310.649170
1525628917.916570	1525628917.916570	49.079117	54.088333	-310.725311
1525628917.935662	1525628917.935662	48.929764	54.163330	-311.026154
1525628917.936309	1525628917.936309	48.331329	54.461868	-311.254608
1525628917.955436	1525628917.955436	48.630890	54.313110	-311.477875
1525628917.955553	1525628917.955553	48.407761	54.762222	-311.331024
1525628917.975135	1525628917.975135	48.257156	54.611877	-311.405640
1525628917.975255	1525628917.975255	48.107239	54.611542	-311.481110
1525628917.994607	1525628917.994607	47.809631	55.061218	-311.859467
1525628917.994723	1525628917.994723	47.882690	54.611542	-311.931793
1525628918.015357	1525628918.015357	47.359253	55.059311	-311.485809
1525628918.015652	1525628918.015652	47.433548	54.834976	-311.784332
1525628918.033712	1525628918.033712	47.210114	55.134644	-312.011658
1525628918.033766	1525628918.033766	46.759811	55.132843	-311.713013
1525628918.053404	1525628918.053404	47.135040	55.134308	-311.936890
1525628918.053451	1525628918.053451	46.836807	55.508530	-312.014832
1525628918.073076	1525628918.073076	46.385941	55.282410	-312.164948
1525628918.073126	1525628918.073126	46.312546	55.657074	-312.092224
1525628918.092731	1525628918.092731	46.012177	55.506622	-312.392303
1525628918.092777	1525628918.092777	46.610260	55.133072	-312.163452
1525628918.112524	1525628918.112524	46.163528	55.807083	-312.393494
1525628918.112569	1525628918.112569	46.311005	55.282303	-312.240173
1525628918.132115	1525628918.132115	46.162292	55.581741	-312.167267
1525628918.132154	1525628918.132154	46.161499	55.357071	-312.391022
1525628918.152019	1525628918.152019	46.310928	55.282181	-312.165161
1525628918.152058	1525628918.152058	46.087296	55.581512	-312.167480
1525628918.171637	1525628918.171637	45.935669	55.206161	-312.240875
1525628918.171711	1525628918.171711	45.787292	55.580612	-312.168365
1525628918.191106	1525628918.191106	45.560364	55.055603	-312.616180
1525628918.191173	1525628918.191173	45.861679	55.430954	-312.242340
1525628918.210893	1525628918.210893	45.636749	55.430389	-312.318024
1525628918.210958	1525628918.210958	45.710068	55.055603	-312.315735
1525628918.230578	1525628918.230578	45.636230	55.280609	-312.467194
1525628918.230644	1525628918.230644	45.635147	55.055496	-312.390961
1525628918.250590	1525628918.250590	45.711075	55.280609	-312.316986
1525628918.250715	1525628918.250715	45.411270	55.354492	-312.168243
1525628918.270335	1525628918.270335	45.560394	55.130157	-312.316589
1525628918.270450	1525628918.270450	45.262833	55.654388	-312.395355
1525628918.290169	1525628918.290169	45.260468	55.129364	-312.392487
1525628918.290286	1525628918.290286	45.336273	55.354263	-312.168488
1525628918.309647	1525628918.309647	45.185318	55.128922	-312.242706
1525628918.309761	1525628918.309761	45.636337	55.355270	-312.242584
1525628918.329576	1525628918.329576	45.187759	55.654053	-312.320587
1525628918.329801	1525628918.329801	45.335739	55.204483	-312.317688
1525628918.348979	1525628918.348979	45.036270	55.353363	-312.169373
1525628918.349093	1525628918.349093	45.035919	55.278366	-312.168976
1525628918.368789	1525628918.368789	45.261185	55.353928	-312.093719
1525628918.368905	1525628918.368905	44.885925	55.277908	-312.169403
1525628918.388544	1525628918.388544	45.333908	54.829254	-312.165588
1525628918.388659	1525628918.388659	45.036636	55.502914	-311.870209
1525628918.407979	1525628918.407979	45.184570	54.978806	-312.166870
1525628918.408096	1525628918.408096	45.184494	54.978699	-312.091888
1525628918.427770	1525628918.427770	45.185440	55.203583	-312.018097
1525628918.427883	1525628918.427883	45.334015	54.903915	-311.941040
1525628918.447431	1525628918.447431	45.261520	55.428925	-312.094147
1525628918.447547	1525628918.447547	45.259918	55.054031	-312.167053
1525628918.468045	1525628918.468045	45.260620	55.278580	-311.868317
1525628918.468163	1525628918.468163	44.884903	55.052902	-312.168182
1525628918.486925	1525628918.486925	45.110367	55.203247	-311.943359
1525628918.487038	1525628918.487038	45.110703	55.278244	-311.943756
1525628918.506430	1525628918.506430	45.260849	55.278931	-312.093323
1525628918.506543	1525628918.506543	45.260849	55.278931	-312.093323
1525628918.526175	1525628918.526175	45.336945	55.504257	-312.169312
1525628918.526247	1525628918.526247	45.260925	55.279037	-312.168304
1525628918.546181	1525628918.546181	44.961777	55.502914	-312.020416
1525628918.546252	1525628918.546252	45.334915	55.054245	-312.166840
1525628918.565875	1525628918.565875	45.035889	55.352798	-311.794373
1525628918.565948	1525628918.565948	45.035278	55.202911	-311.868561
1525628918.585368	1525628918.585368	45.110703	55.278244	-311.943756
1525628918.585485	1525628918.585485	44.811295	55.427246	-311.870483
1525628918.605203	1525628918.605203	45.185211	55.203247	-311.793091
1525628918.605319	1525628918.605319	45.035553	55.277802	-311.793976
1525628918.625022	1525628918.625022	44.958435	54.827454	-311.716736
1525628918.625139	1525628918.625139	45.335480	55.278580	-311.718079
1525628918.644145	1525628918.644145	45.259613	55.053574	-311.867065
1525628918.644259	1525628918.644259	45.559692	55.054581	-311.941193
1525628918.663829	1525628918.663829	45.259613	55.053574	-311.867065
1525628918.663942	1525628918.663942	45.333527	54.828690	-311.790588
1525628918.683469	1525628918.683469	45.409988	55.203583	-311.567444
1525628918.683582	1525628918.683582	45.709503	55.129257	-311.416138
1525628918.703269	1525628918.703269	46.158310	54.830826	-311.563171
1525628918.703384	1525628918.703384	46.159241	55.055710	-311.489380
1525628918.722878	1525628918.722878	46.833466	54.833069	-311.711151
1525628918.722991	1525628918.722991	46.610260	55.282074	-311.489288
1525628918.742846	1525628918.742846	47.132874	54.684067	-311.784393
1525628918.742961	1525628918.742961	47.283310	54.834198	-311.559814
1525628918.793752	1525628918.793752	47.134140	54.983978	-311.711060
1525628918.793879	1525628918.793879	47.657532	54.610641	-311.782440
1525628918.793954	1525628918.793954	47.359589	55.134308	-311.486206
1525628918.794026	1525628918.794026	47.657455	54.610535	-311.707458
1525628918.801472	1525628918.801472	48.257462	54.612335	-311.705658
1525628918.801545	1525628918.801545	48.408478	54.837784	-311.706451
1525628918.821422	1525628918.821422	49.008408	54.839462	-311.629639
1525628918.821494	1525628918.821494	48.560013	55.213013	-311.558075
1525628918.841247	1525628918.841247	48.782394	54.613800	-311.629089
1525628918.841317	1525628918.841317	49.159164	54.990036	-311.705017
1525628918.860818	1525628918.860818	48.932663	54.689133	-311.554047
1525628918.860934	1525628918.860934	49.157806	54.690033	-311.703369
1525628918.880709	1525628918.880709	49.083252	54.839462	-311.479431
1525628918.880824	1525628918.880824	49.532394	54.616043	-311.626831
1525628918.900496	1525628918.900496	49.833939	54.991714	-311.477997
1525628918.900611	1525628918.900611	49.607620	54.616608	-311.851624
1525628918.919788	1525628918.919788	50.207977	54.693405	-311.850250
1525628918.921593	1525628918.921593	49.834320	54.992279	-311.852997
1525628918.939475	1525628918.939475	50.059296	54.918411	-312.151917
1525628918.939592	1525628918.939592	50.284393	54.993744	-311.926666
1525628918.959339	1525628918.959339	50.207367	54.543503	-311.924438
1525628918.959454	1525628918.959454	50.657715	54.619858	-311.923492
1525628918.978855	1525628918.978855	50.507782	54.619522	-311.998932
1525628918.979182	1525628918.979182	50.656586	54.320190	-312.146820
1525628919.002317	1525628919.002317	50.733810	54.845200	-311.999481
1525628919.002556	1525628919.002556	50.657791	54.619980	-311.998474
1525628919.018229	1525628919.018229	51.034439	54.921555	-312.299042
1525628919.018346	1525628919.018346	50.660645	55.220215	-312.151764
1525628919.037865	1525628919.037865	51.108093	54.621765	-312.297150
1525628919.037981	1525628919.037981	51.110123	55.071777	-312.299622
1525628919.057961	1525628919.057961	51.408401	54.623123	-312.596252
1525628919.058077	1525628919.058077	51.559525	54.923248	-312.372437
1525628919.077337	1525628919.077337	51.709457	54.923569	-312.297028
1525628919.077454	1525628919.077454	51.859039	54.848907	-312.221130
1525628919.096616	1525628919.096616	52.009796	54.999481	-312.296539
1525628919.096730	1525628919.096730	52.384430	54.851044	-312.594574
1525628919.116383	1525628919.116383	52.311386	55.300720	-312.522247
1525628919.116498	1525628919.116498	52.160446	55.075378	-312.596497
1525628919.136251	1525628919.136251	52.535034	55.001389	-312.519928
1525628919.136366	1525628919.136366	52.535522	55.076614	-312.670380
1525628919.155834	1525628919.155834	52.684891	54.852615	-313.043701
1525628919.155949	1525628919.155949	52.834763	54.927399	-312.593658
1525628919.175607	1525628919.175607	53.058990	54.703400	-312.816742
1525628919.175721	1525628919.175721	53.135681	55.078629	-312.818573
1525628919.195420	1525628919.195420	52.909729	54.853073	-312.893005
1525628919.195643	1525628919.195643	53.209885	54.854187	-313.042145
1525628919.214707	1525628919.214707	53.360748	55.079422	-312.892883
1525628919.214780	1525628919.214780	52.984970	54.853638	-313.117798
1525628919.234569	1525628919.234569	53.511765	55.304886	-312.893677
1525628919.234640	1525628919.234640	52.986572	55.228531	-313.044861
1525628919.254574	1525628919.254574	53.285233	54.929428	-313.042328
1525628919.254646	1525628919.254646	53.286362	55.229080	-312.818970
1525628919.274252	1525628919.274252	53.211121	55.079529	-313.268341
1525628919.274390	1525628919.274390	53.437103	55.379654	-312.894318
1525628919.293839	1525628919.293839	53.286499	55.229309	-312.968964
1525628919.293954	1525628919.293954	53.435303	54.929977	-313.116852
1525628919.313692	1525628919.313692	53.136581	55.228973	-313.044403
1525628919.313809	1525628919.313809	53.210983	55.079300	-313.118347
1525628919.332861	1525628919.332861	53.211090	55.153976	-312.893738
1525628919.332968	1525628919.332968	53.060898	55.078751	-313.043823
1525628919.352558	1525628919.352558	53.361130	55.079987	-313.267883
1525628919.352670	1525628919.352670	52.985229	54.928528	-313.043213
1525628919.372291	1525628919.372291	52.909729	54.853073	-312.893005
1525628919.372405	1525628919.372405	52.536758	55.301956	-312.896576
1525628919.391849	1525628919.391849	52.310287	54.926620	-313.120209
1525628919.391961	1525628919.391961	52.612503	55.452301	-312.972198
1525628919.411968	1525628919.411968	52.010971	55.075714	-313.121918
1525628919.412189	1525628919.412189	52.235977	55.076385	-313.121246
1525628919.431340	1525628919.431340	51.936081	55.150162	-312.897552
1525628919.431455	1525628919.431455	52.236237	55.151276	-313.046692
1525628919.450990	1525628919.450990	52.312927	55.526520	-313.048523
1525628919.451106	1525628919.451106	52.010391	55.000381	-312.896515
1525628919.470526	1525628919.470526	52.460815	55.076828	-312.970581
1525628919.470640	1525628919.470640	51.785660	55.074585	-312.822601
1525628919.490265	1525628919.490265	51.861786	55.225494	-313.273193
1525628919.490373	1525628919.490373	51.712570	55.449707	-313.049896
1525628919.510027	1525628919.510027	51.335724	55.073349	-312.898926
1525628919.510100	1525628919.510100	51.636826	55.299377	-312.974274
1525628919.529932	1525628919.529932	51.037567	55.447693	-313.051910
1525628919.530004	1525628919.530004	51.184875	54.848129	-313.048157
1525628919.549857	1525628919.549857	51.412415	55.448593	-312.900757
1525628919.549930	1525628919.549930	51.185959	55.073242	-313.124390
1525628919.569285	1525628919.569285	51.186966	55.298248	-313.125610
1525628919.569399	1525628919.569399	50.887909	55.522247	-313.052765
1525628919.589264	1525628919.589264	51.261963	55.298477	-313.125397
1525628919.589380	1525628919.589380	50.662903	55.521576	-313.053436
1525628919.609100	1525628919.609100	50.661026	55.071777	-313.200958
1525628919.609215	1525628919.609215	50.512558	55.446121	-313.053467
1525628919.628285	1525628919.628285	50.063126	55.520111	-313.280212
1525628919.629086	1525628919.629086	50.738251	55.596802	-313.053619
1525628919.647946	1525628919.647946	50.438919	55.745895	-313.055359
1525628919.648061	1525628919.648061	50.213730	55.670456	-313.205597
1525628919.667613	1525628919.667613	50.063995	55.744888	-313.131439
1525628919.667729	1525628919.667729	49.988464	55.594879	-313.280853
1525628919.687308	1525628919.687308	50.212967	55.520340	-313.129761
1525628919.687426	1525628919.687426	49.764923	55.968887	-313.058594
1525628919.707166	1525628919.707166	49.312973	55.517639	-313.132446
1525628919.707283	1525628919.707283	49.391418	56.267990	-313.211365
1525628919.727517	1525628919.727517	48.940216	55.966858	-313.361053
1525628919.727633	1525628919.727633	48.939392	55.816635	-313.210236
1525628919.746276	1525628919.746276	48.791153	56.191299	-313.287720
1525628919.746394	1525628919.746394	48.790131	55.966309	-313.286469
1525628919.765843	1525628919.765843	48.640396	56.040741	-313.212372
1525628919.765959	1525628919.765959	48.415695	56.040512	-313.513031
1525628919.785508	1525628919.785508	48.191360	56.189850	-313.514496
1525628919.785624	1525628919.785624	47.816620	56.263611	-313.441071
1525628919.805200	1525628919.805200	47.890762	56.039062	-313.589600
1525628919.805317	1525628919.805317	47.592636	56.487946	-313.442963
1525628919.824820	1525628919.824820	47.440125	55.962250	-313.290497
1525628919.824937	1525628919.824937	47.817307	56.413620	-313.441895
1525628919.844584	1525628919.844584	47.216278	56.186813	-313.442444
1525628919.844701	1525628919.844701	47.591034	56.113052	-313.515900
1525628919.864260	1525628919.864260	47.142151	56.411362	-313.293884
1525628919.864376	1525628919.864376	46.990677	56.036255	-313.517273
1525628919.883904	1525628919.883904	47.216629	56.261810	-313.442841
1525628919.884020	1525628919.884020	46.614517	55.809891	-313.367157
1525628919.903596	1525628919.903596	46.841354	56.185806	-313.518524
1525628919.903712	1525628919.903712	46.691467	56.260010	-313.294403
1525628919.923300	1525628919.923300	46.991287	56.186142	-313.443115
1525628919.923379	1525628919.923379	46.990448	56.035904	-313.292267
1525628919.943135	1525628919.943135	46.840683	56.035797	-313.517731
1525628919.943207	1525628919.943207	46.916473	56.260681	-313.293732
1525628919.963098	1525628919.963098	46.841797	56.335464	-313.294342
1525628919.963169	1525628919.963169	47.066284	56.186356	-313.442871
1525628919.982640	1525628919.982640	46.691391	56.259903	-313.219421
1525628919.982756	1525628919.982756	46.614105	55.734787	-313.291748
1525628920.002380	1525628920.002380	47.065720	56.111023	-313.217468
1525628920.002496	1525628920.002496	46.840683	56.035797	-313.517731
1525628920.022133	1525628920.022133	47.364105	55.737030	-313.289490
1525628920.022249	1525628920.022249	46.914963	55.960464	-313.142090
1525628920.041405	1525628920.041405	46.912491	55.360779	-313.363800
1525628920.041520	1525628920.041520	47.064896	55.960800	-313.066650
1525628920.061033	1525628920.061033	46.990051	55.960800	-313.216858
1525628920.061147	1525628920.061147	47.363205	55.586685	-313.063690
1525628920.109284	1525628920.109284	47.140350	56.110687	-312.842255
1525628920.109369	1525628920.109369	47.513550	55.662140	-313.063660
1525628920.109707	1525628920.109707	47.215424	56.111023	-312.916992
1525628920.109771	1525628920.109771	47.064667	55.960464	-312.841644
1525628920.120167	1525628920.120167	47.439484	55.886795	-312.990112
1525628920.120290	1525628920.120290	47.216248	56.261246	-313.067841
1525628920.139710	1525628920.139710	47.438583	55.736465	-312.764282
1525628920.139870	1525628920.139870	47.290009	56.036133	-312.841400
1525628920.159383	1525628920.159383	47.213547	55.661240	-313.064545
1525628920.159510	1525628920.159510	47.364288	55.811798	-313.139923
1525628920.179800	1525628920.179800	47.364365	55.811920	-313.214935
1525628920.179924	1525628920.179924	47.813889	55.738037	-313.063171
1525628920.198721	1525628920.198721	47.589600	55.961914	-312.765076
1525628920.198848	1525628920.198848	47.588470	55.662247	-312.988434
1525628920.218515	1525628920.218515	47.589554	55.887360	-313.064667
1525628920.218621	1525628920.218621	47.364899	55.961700	-313.065765
1525628920.238097	1525628920.238097	47.889145	55.813156	-312.988342
1525628920.238204	1525628920.238204	47.589478	55.887253	-312.989655
1525628920.257935	1525628920.257935	47.589294	55.812469	-313.139252
1525628920.258061	1525628920.258061	47.664566	55.887589	-313.064453
1525628920.277565	1525628920.277565	47.664291	55.812698	-313.139008
1525628920.277762	1525628920.277762	48.338974	55.739716	-313.136597
1525628920.297451	1525628920.297451	48.040314	56.038834	-313.139130
1525628920.297577	1525628920.297577	48.188019	55.514374	-313.210815
1525628920.316872	1525628920.316872	48.491180	56.264954	-312.989044
1525628920.317035	1525628920.317035	48.412384	55.439606	-312.909729
1525628920.336565	1525628920.336565	48.564041	55.740509	-313.210938
1525628920.336688	1525628920.336688	48.188766	55.664490	-313.286621
1525628920.356223	1525628920.356223	48.413177	55.515274	-313.360138
1525628920.356352	1525628920.356352	48.712875	55.515732	-313.059265
1525628920.375875	1525628920.375875	48.637207	55.365509	-313.058655
1525628920.375991	1525628920.375991	48.638443	55.590836	-313.284882
1525628920.395652	1525628920.395652	48.413895	55.739838	-313.061401
1525628920.395773	1525628920.395773	48.563705	55.665512	-313.210510
1525628920.415197	1525628920.415197	48.413818	55.739716	-312.986389
1525628920.415330	1525628920.415330	48.488037	55.515274	-313.209930
1525628920.434936	1525628920.434936	48.639160	55.815399	-312.986115
1525628920.435055	1525628920.435055	48.263290	55.589493	-313.135986
1525628920.454613	1525628920.454613	48.562958	55.515396	-313.134674
1525628920.454742	1525628920.454742	48.413971	55.739944	-313.136383
1525628920.474282	1525628920.474282	48.412766	55.440170	-313.284729
1525628920.474410	1525628920.474410	48.188370	55.589386	-313.211243
1525628920.493972	1525628920.493972	48.189270	55.739716	-313.437073
1525628920.494098	1525628920.494098	48.413712	55.665054	-313.210968
1525628920.514901	1525628920.514901	48.189117	55.739502	-313.287048
1525628920.515018	1525628920.515018	48.263626	55.664490	-313.136414
1525628920.533419	1525628920.533419	48.488556	55.665054	-313.060760
1525628920.533536	1525628920.533536	48.187943	55.514267	-313.135803
1525628920.554040	1525628920.554040	48.263107	55.514709	-313.285583
1525628920.554516	1525628920.554516	48.113846	55.664383	-313.361847
1525628920.572736	1525628920.572736	48.338104	55.514938	-313.285339
1525628920.572863	1525628920.572863	47.740051	55.963043	-313.214630
1525628920.592196	1525628920.592196	47.887955	55.513367	-313.136688
1525628920.592753	1525628920.592753	48.115051	55.964172	-313.213501
1525628920.612140	1525628920.612140	47.589554	55.887360	-313.064667
1525628920.613155	1525628920.613155	47.814041	55.738266	-313.213165
1525628920.633919	1525628920.633919	47.665985	56.187714	-313.141083
1525628920.634131	1525628920.634131	47.814789	55.888382	-313.288971
1525628920.651501	1525628920.651501	47.591141	56.187714	-313.291290
1525628920.651574	1525628920.651574	47.364441	55.812027	-313.289917
1525628920.675251	1525628920.675251	47.740204	55.963272	-313.364624
1525628920.675323	1525628920.675323	47.439926	55.887482	-313.440125
1525628920.691018	1525628920.691018	47.363846	55.662140	-313.364105
1525628920.691134	1525628920.691134	47.215790	56.111588	-313.291992
1525628920.711591	1525628920.711591	47.214188	55.736694	-313.364960
1525628920.712044	1525628920.712044	47.365356	55.962372	-313.515747
1525628920.730776	1525628920.730776	47.290192	55.961929	-313.365967
1525628920.730892	1525628920.730892	47.439484	55.737808	-313.664276
1525628920.753793	1525628920.753793	47.290268	55.962036	-313.440979
1525628920.753870	1525628920.753870	47.362198	55.212692	-313.736633
1525628920.769478	1525628920.769478	47.514481	55.738037	-313.664062
1525628920.769595	1525628920.769595	47.139740	55.811813	-313.590607
1525628920.792104	1525628920.792104	47.290344	55.962143	-313.515961
1525628920.792180	1525628920.792180	46.991028	56.111252	-313.517670
1525628920.808872	1525628920.808872	47.214752	55.812027	-313.590363
1525628920.808999	1525628920.808999	47.216782	56.262039	-313.592834
1525628920.829204	1525628920.829204	47.065979	56.036926	-313.817078
1525628920.829281	1525628920.829281	47.290833	56.037369	-313.666382
1525628920.848047	1525628920.848047	47.064926	55.886353	-313.441254
1525628920.848163	1525628920.848163	47.065308	55.886917	-313.816254
1525628920.869338	1525628920.869338	46.840912	56.036133	-313.742737
1525628920.869412	1525628920.869412	46.840012	55.885788	-313.516907
1525628920.887546	1525628920.887546	47.365906	56.037720	-313.741150
1525628920.887669	1525628920.887669	46.916428	56.186142	-313.593323
1525628920.907368	1525628920.907368	47.065231	55.886810	-313.741241
1525628920.907440	1525628920.907440	46.841690	56.260803	-313.518951
1525628920.933863	1525628920.933863	47.139633	55.737137	-313.815186
1525628920.933942	1525628920.933942	47.365570	55.962708	-313.740753
1525628920.946875	1525628920.946875	46.916656	56.186478	-313.818329
1525628920.946981	1525628920.946981	47.065048	55.812027	-313.890808
1525628920.971499	1525628920.971499	46.992599	56.411591	-313.744324
1525628920.972123	1525628920.972123	47.065720	55.962036	-313.891632
1525628920.986067	1525628920.986067	47.216736	56.187485	-313.892426
1525628920.986199	1525628920.986199	46.992416	56.336823	-313.893921
1525628921.011021	1525628921.011021	47.515732	55.963379	-313.890289
1525628921.011144	1525628921.011144	47.216843	56.262146	-313.667816
1525628921.025297	1525628921.025297	47.141098	55.962830	-314.266418
1525628921.025423	1525628921.025423	46.992081	56.261810	-313.893494
1525628921.049051	1525628921.049051	46.915878	55.961807	-314.042084
1525628921.049174	1525628921.049174	47.291473	56.112823	-313.966797
1525628921.064640	1525628921.064640	47.067596	56.262833	-314.418274
1525628921.064752	1525628921.064752	47.066849	56.112717	-314.342468
1525628921.084764	1525628921.084764	46.993546	56.487503	-314.344757
1525628921.084903	1525628921.084903	47.141144	56.037369	-313.966827
1525628921.103892	1525628921.103892	47.367035	56.188385	-314.191986
1525628921.104021	1525628921.104021	47.068054	56.412491	-314.194122
1525628921.126024	1525628921.126024	47.367722	56.338394	-314.192810
1525628921.126103	1525628921.126103	47.217606	56.412277	-313.743652
1525628921.143497	1525628921.143497	47.065720	55.962036	-313.891632
1525628921.143614	1525628921.143614	47.291733	56.187714	-313.892181
1525628921.165109	1525628921.165109	47.067154	56.262146	-313.968292
1525628921.165182	1525628921.165182	47.291733	56.187714	-313.892181
1525628921.182732	1525628921.182732	47.367035	56.337387	-313.517792
1525628921.182848	1525628921.182848	47.290573	55.962494	-313.740967
1525628921.205882	1525628921.205882	47.365906	56.037720	-313.741150
1525628921.205961	1525628921.205961	46.916016	56.111023	-313.517914
1525628921.222012	1525628921.222012	47.365204	55.962143	-313.365753
1525628921.222140	1525628921.222140	46.765182	55.960342	-313.367523
1525628921.241894	1525628921.241894	46.839249	55.735672	-313.441101
1525628921.242018	1525628921.242018	47.215866	56.111694	-313.367004
1525628921.261451	1525628921.261451	46.766357	56.185577	-313.518768
1525628921.261570	1525628921.261570	47.139862	55.886475	-313.365997
1525628921.281120	1525628921.281120	46.841766	56.260910	-313.593964
1525628921.281238	1525628921.281238	46.989563	55.736588	-313.740631
1525628921.300798	1525628921.300798	47.216354	56.186920	-313.517426
1525628921.300914	1525628921.300914	47.140015	55.886688	-313.515991
1525628921.320436	1525628921.320436	47.364594	55.812256	-313.439941
1525628921.320509	1525628921.320509	47.366959	56.337265	-313.442810
1525628921.340036	1525628921.340036	47.365356	55.962372	-313.515747
1525628921.340108	1525628921.340108	47.066879	56.336258	-313.368683
1525628921.360067	1525628921.360067	47.289856	55.886917	-313.365570
1525628921.360140	1525628921.360140	47.215347	55.961929	-313.516174
1525628921.380059	1525628921.380059	47.141800	56.336365	-313.293457
1525628921.380129	1525628921.380129	47.215530	56.036697	-313.366608
1525628921.399592	1525628921.399592	47.367218	56.412155	-313.368225
1525628921.399708	1525628921.399708	47.288666	55.587143	-313.513916
1525628921.419355	1525628921.419355	47.367081	56.411926	-313.218231
1525628921.419468	1525628921.419468	47.290451	56.036804	-313.291382
1525628921.439148	1525628921.439148	47.515198	55.962601	-313.365295
1525628921.439266	1525628921.439266	47.441467	56.262253	-313.292145
1525628921.458407	1525628921.458407	47.589111	55.737701	-313.288818
1525628921.458521	1525628921.458521	47.590240	56.037369	-313.065491
1525628921.478002	1525628921.478002	47.214111	55.736572	-313.289948
1525628921.478118	1525628921.478118	47.589783	55.887695	-313.289642
1525628921.497559	1525628921.497559	47.140793	56.111359	-313.292236
1525628921.497915	1525628921.497915	47.813995	55.663712	-313.512756
1525628921.517502	1525628921.517502	47.365128	55.962036	-313.290741
1525628921.517618	1525628921.517618	47.439178	55.737366	-313.364288
1525628921.537056	1525628921.537056	47.590805	56.112701	-313.290894
1525628921.537168	1525628921.537168	47.590607	56.037933	-313.440491
1525628921.557002	1525628921.557002	47.814102	55.738373	-313.288147
1525628921.557117	1525628921.557117	47.816467	56.263382	-313.291046
1525628921.576345	1525628921.576345	47.588028	55.512589	-313.212616
1525628921.576459	1525628921.576459	47.890060	55.963501	-313.214172
1525628921.596173	1525628921.596173	47.589600	55.812927	-313.439270
1525628921.596260	1525628921.596260	48.039383	55.813934	-313.212921
1525628921.615737	1525628921.615737	47.890991	56.188385	-313.140411
1525628921.615808	1525628921.615808	48.038925	55.664276	-313.437103
1525628921.635400	1525628921.635400	47.816620	56.263611	-313.441071
1525628921.635474	1525628921.635474	47.815125	55.963379	-313.289398
1525628921.655279	1525628921.655279	48.039001	55.664383	-313.512085
1525628921.655351	1525628921.655351	47.665009	55.888260	-313.514435
1525628921.675041	1525628921.675041	47.889450	55.813599	-313.288330
1525628921.675156	1525628921.675156	48.115875	56.114395	-313.364319
1525628921.695138	1525628921.695138	47.889267	55.738831	-313.437958
1525628921.695359	1525628921.695359	47.964264	55.739044	-313.437744
1525628921.713827	1525628921.713827	47.815613	56.038605	-313.439819
1525628921.713942	1525628921.713942	47.889709	55.888489	-313.213776
1525628921.733603	1525628921.733603	47.966476	56.263840	-313.290588
1525628921.733719	1525628921.733719	48.038589	55.589264	-313.436676
1525628921.753434	1525628921.753434	48.190353	55.964844	-313.513275
1525628921.753550	1525628921.753550	47.965500	55.964401	-313.663940
1525628921.772849	1525628921.772849	48.338593	55.590164	-313.435791
1525628921.772963	1525628921.772963	48.041290	56.189285	-313.439972
1525628921.792799	1525628921.792799	48.264267	55.739944	-313.436829
1525628921.792910	1525628921.792910	47.966370	56.189178	-313.515167
1525628921.812462	1525628921.812462	48.040024	55.889389	-313.513306
1525628921.812682	1525628921.812682	48.340134	55.964951	-313.287811
1525628921.853525	1525628921.853525	48.415878	56.115295	-313.363434
1525628921.853588	1525628921.853588	48.339523	55.815063	-313.362000
1525628921.853651	1525628921.853651	48.115952	56.114502	-313.439331
1525628921.853710	1525628921.853710	48.040054	55.963943	-313.213745
1525628921.871158	1525628921.871158	48.414459	55.815170	-313.286774
1525628921.871271	1525628921.871271	47.890198	55.963715	-313.364166
1525628921.891022	1525628921.891022	48.039520	55.814163	-313.362915
1525628921.891138	1525628921.891138	48.191559	56.264618	-313.364929
1525628921.910571	1525628921.910571	48.039719	55.888947	-313.213318
1525628921.910684	1525628921.910684	48.265137	55.964722	-313.288055
1525628921.930493	1525628921.930493	47.889786	55.888596	-313.288757
1525628921.930606	1525628921.930606	48.039185	55.739166	-313.362488
1525628921.972698	1525628921.972698	47.816208	56.188492	-313.365631
1525628921.972769	1525628921.972769	47.964523	55.813934	-313.363129
1525628921.973565	1525628921.973565	47.816284	56.188614	-313.440643
1525628921.973628	1525628921.973628	47.890762	56.039062	-313.589600
1525628921.989414	1525628921.989414	48.039673	55.814392	-313.512909
1525628921.989539	1525628921.989539	47.816437	56.188843	-313.590637
1525628922.009190	1525628922.009190	47.514481	55.738037	-313.664062
1525628922.009387	1525628922.009387	48.191925	56.265182	-313.739929
1525628922.028787	1525628922.028787	48.041702	56.264404	-313.515381
1525628922.028963	1525628922.028963	48.416931	56.265854	-313.739258
1525628922.048285	1525628922.048285	48.042603	56.414749	-313.741211
1525628922.048418	1525628922.048418	48.339676	55.815292	-313.511993
1525628922.068285	1525628922.068285	48.416855	56.265747	-313.664246
1525628922.068415	1525628922.068415	47.965240	55.889511	-313.738556
1525628922.089177	1525628922.089177	48.416519	56.190750	-313.663818
1525628922.089323	1525628922.089323	48.040512	55.964615	-313.663727
1525628922.107677	1525628922.107677	48.415482	55.891190	-313.962219
1525628922.107807	1525628922.107807	48.340515	55.965515	-313.662811
1525628922.127122	1525628922.127122	48.189758	55.814957	-313.587463
1525628922.127318	1525628922.127318	48.491669	56.191193	-313.813629
1525628922.147029	1525628922.147029	48.192078	56.265411	-313.889923
1525628922.147160	1525628922.147160	48.415817	55.966187	-313.962616
1525628922.166490	1525628922.166490	48.342194	56.340530	-313.664886
1525628922.166605	1525628922.166605	48.264572	55.740402	-313.736816
1525628922.186073	1525628922.186073	48.192688	56.415298	-313.815765
1525628922.186202	1525628922.186202	48.041260	56.114731	-313.739563
1525628922.205944	1525628922.205944	48.339493	55.740509	-313.661591
1525628922.206071	1525628922.206071	48.041931	56.264740	-313.740387
1525628922.228701	1525628922.228701	48.039795	55.740067	-313.962494
1525628922.229142	1525628922.229142	48.340591	55.965637	-313.737823
1525628922.245291	1525628922.245291	48.039795	55.740067	-313.962494
1525628922.245450	1525628922.245450	48.189484	55.740067	-313.662048
1525628922.266210	1525628922.266210	47.890961	56.113831	-313.440002
1525628922.266320	1525628922.266320	47.814453	55.664383	-313.962769
1525628922.284535	1525628922.284535	47.742599	56.413849	-313.742096
1525628922.284658	1525628922.284658	47.891174	56.114166	-313.664978
1525628922.304669	1525628922.304669	47.965439	55.964279	-313.588959
1525628922.304753	1525628922.304753	47.666367	56.188278	-313.516083
1525628922.323738	1525628922.323738	48.115814	55.965286	-313.963501
1525628922.323857	1525628922.323857	47.890274	55.963837	-313.439178
1525628922.343689	1525628922.343689	47.813553	55.514053	-313.736938
1525628922.343808	1525628922.343808	47.889832	55.814163	-313.663330
1525628922.364073	1525628922.364073	47.739334	55.738495	-313.513397
1525628922.364642	1525628922.364642	48.039597	55.814270	-313.437927
1525628922.383009	1525628922.383009	47.665009	55.888260	-313.514435
1525628922.383132	1525628922.383132	47.588318	55.513031	-313.512604
1525628922.405433	1525628922.405433	47.589630	55.887482	-313.139648
1525628922.405564	1525628922.405564	47.438766	55.662247	-313.288849
1525628922.422295	1525628922.422295	47.737839	55.438263	-313.361755
1525628922.422414	1525628922.422414	47.439590	55.812469	-313.439697
1525628922.443469	1525628922.443469	47.514343	55.737808	-313.514069
1525628922.443590	1525628922.443590	47.439560	55.886917	-313.065125
1525628922.461596	1525628922.461596	47.588242	55.512924	-313.437622
1525628922.461872	1525628922.461872	47.664108	55.737930	-313.288605
