1525628534.808327	1525628534.808327	-0.092606	0.993637	0.044815
1525628534.810792	1525628534.810792	-0.088333	0.991531	0.049667
1525628534.820718	1525628534.820718	-0.084152	0.992249	0.051559
1525628534.831382	1525628534.831382	-0.085022	0.991531	0.044861
1525628534.840687	1525628534.840687	-0.078339	0.986572	0.042694
1525628534.850642	1525628534.850642	-0.076309	0.981689	0.043533
1525628534.860559	1525628534.860559	-0.082962	0.982040	0.046127
1525628534.871631	1525628534.871631	-0.089172	0.994247	0.050201
1525628534.880663	1525628534.880663	-0.091675	1.001251	0.053558
1525628534.890660	1525628534.890660	-0.090927	0.994812	0.047745
1525628534.900479	1525628534.900479	-0.086243	0.988800	0.044891
1525628534.910578	1525628534.910578	-0.083008	0.990585	0.044235
1525628534.922536	1525628534.922536	-0.077286	0.994965	0.040268
1525628534.930362	1525628534.930362	-0.074585	0.988022	0.038284
1525628534.940424	1525628534.940424	-0.081711	0.980103	0.041901
1525628534.950476	1525628534.950476	-0.096375	0.982162	0.048904
1525628534.960476	1525628534.960476	-0.106613	0.986786	0.060181
1525628534.974134	1525628534.974134	-0.103241	0.990311	0.068619
1525628534.980373	1525628534.980373	-0.090286	1.000778	0.068756
1525628534.990261	1525628534.990261	-0.070221	1.018692	0.064056
1525628535.000382	1525628535.000382	-0.051651	1.011414	0.051346
1525628535.011183	1525628535.011183	-0.048004	0.989456	0.040848
1525628535.020287	1525628535.020287	-0.053177	0.983215	0.039108
1525628535.030340	1525628535.030340	-0.062988	0.988098	0.042953
1525628535.040238	1525628535.040238	-0.074829	0.994919	0.044189
1525628535.050279	1525628535.050279	-0.083069	0.993988	0.042053
1525628535.060132	1525628535.060132	-0.091354	0.989410	0.041626
1525628535.070543	1525628535.070543	-0.098633	0.995865	0.045959
1525628535.080289	1525628535.080289	-0.100983	0.997803	0.050278
1525628535.090100	1525628535.090100	-0.097748	0.989197	0.049271
1525628535.101170	1525628535.101170	-0.085831	0.986938	0.045609
1525628535.110166	1525628535.110166	-0.073700	0.993912	0.043488
1525628535.120019	1525628535.120019	-0.068085	1.001038	0.041107
1525628535.130328	1525628535.130328	-0.062790	1.002304	0.041870
1525628535.141318	1525628535.141318	-0.061096	1.004868	0.039642
1525628535.150343	1525628535.150343	-0.068268	1.002426	0.033676
1525628535.160213	1525628535.160213	-0.076828	0.994034	0.031860
1525628535.170828	1525628535.170828	-0.081650	0.987274	0.037735
1525628535.180430	1525628535.180430	-0.083420	0.982544	0.041443
1525628535.190667	1525628535.190667	-0.084625	0.981323	0.042038
1525628535.200149	1525628535.200149	-0.085510	0.986237	0.043121
1525628535.210295	1525628535.210295	-0.081421	0.993622	0.042404
1525628535.220168	1525628535.220168	-0.078079	0.996887	0.042572
1525628535.231981	1525628535.231981	-0.078644	0.996246	0.043594
1525628535.240058	1525628535.240058	-0.078140	0.994690	0.040314
1525628535.250324	1525628535.250324	-0.075653	0.994247	0.034546
1525628535.260042	1525628535.260042	-0.071030	0.990845	0.035217
1525628535.275203	1525628535.275203	-0.071335	0.986832	0.036377
1525628535.283188	1525628535.283188	-0.082764	0.977570	0.026398
1525628535.290036	1525628535.290036	-0.099792	0.966034	0.012268
1525628535.299969	1525628535.299969	-0.102966	0.969238	0.011307
1525628535.310009	1525628535.310009	-0.082642	0.981079	0.014481
1525628535.322307	1525628535.322307	-0.054871	1.001572	0.025223
1525628535.329955	1525628535.329955	-0.034760	1.019043	0.050095
1525628535.339968	1525628535.339968	-0.034195	1.018600	0.057083
1525628535.349877	1525628535.349877	-0.051315	1.018021	0.042953
1525628535.360909	1525628535.360909	-0.074356	1.025742	0.030518
1525628535.369938	1525628535.369938	-0.091934	1.041046	0.011353
1525628535.380191	1525628535.380191	-0.100601	1.031265	0.039536
1525628535.389810	1525628535.389810	-0.103043	1.000229	0.069794
1525628535.399737	1525628535.399737	-0.103653	0.956741	0.086029
1525628535.413295	1525628535.413295	-0.080627	0.935089	0.116928
1525628535.419901	1525628535.419901	-0.090637	0.978790	0.064453
1525628535.429761	1525628535.429761	-0.108185	1.014542	0.038422
1525628535.439630	1525628535.439630	-0.107956	1.019058	0.048111
1525628535.449721	1525628535.449721	-0.097885	0.993866	0.052444
1525628535.459663	1525628535.459663	-0.067902	0.975311	0.065140
1525628535.469831	1525628535.469831	-0.027206	0.980667	0.067413
1525628535.479844	1525628535.479844	-0.018997	1.006119	0.044907
1525628535.489737	1525628535.489737	-0.033005	1.034866	0.030304
1525628535.499613	1525628535.499613	-0.053467	1.043549	0.028046
1525628535.509694	1525628535.509694	-0.070770	1.029938	0.037262
1525628535.519386	1525628535.519386	-0.075409	0.999649	0.044403
1525628535.529685	1525628535.529685	-0.059341	0.973724	0.023819
1525628535.541602	1525628535.541602	-0.033340	0.975037	0.002243
1525628535.574681	1525628535.574681	-0.015961	0.996826	-0.008255
1525628535.579511	1525628535.579511	-0.010361	1.019196	-0.007416
1525628535.579631	1525628535.579631	-0.014572	1.023346	-0.001617
1525628535.580046	1525628535.580046	-0.019867	1.014343	0.018875
1525628535.589628	1525628535.589628	-0.035645	0.994263	0.058167
1525628535.599095	1525628535.599095	-0.072189	0.975128	0.086838
1525628535.609162	1525628535.609162	-0.116364	0.969681	0.093277
1525628535.619060	1525628535.619060	-0.158356	0.970535	0.093491
1525628535.629265	1525628535.629265	-0.192505	0.971161	0.100723
1525628535.639261	1525628535.639261	-0.212097	0.966095	0.103210
1525628535.649331	1525628535.649331	-0.212646	0.965347	0.098831
1525628535.659232	1525628535.659232	-0.197861	0.971786	0.096054
1525628535.669400	1525628535.669400	-0.176163	0.978668	0.104965
1525628535.679262	1525628535.679262	-0.158737	0.980713	0.117264
1525628535.689333	1525628535.689333	-0.148849	0.980194	0.122757
1525628535.699060	1525628535.699060	-0.146118	0.978729	0.121796
1525628535.709273	1525628535.709273	-0.146225	0.983795	0.114899
1525628535.719165	1525628535.719165	-0.141083	0.992966	0.108902
1525628535.729296	1525628535.729296	-0.131424	1.000320	0.109955
1525628535.739111	1525628535.739111	-0.120880	1.002792	0.122208
1525628535.749206	1525628535.749206	-0.116806	1.000229	0.138443
1525628535.759038	1525628535.759038	-0.124557	0.999039	0.142410
1525628535.769144	1525628535.769144	-0.143066	0.994492	0.142029
1525628535.779172	1525628535.779172	-0.167435	0.987946	0.138000
1525628535.789111	1525628535.789111	-0.185974	0.978226	0.129257
1525628535.798983	1525628535.798983	-0.197128	0.962234	0.128403
1525628535.808991	1525628535.808991	-0.206223	0.946182	0.135498
1525628535.819070	1525628535.819070	-0.220657	0.938721	0.141876
1525628535.828983	1525628535.828983	-0.242279	0.934494	0.136261
1525628535.838913	1525628535.838913	-0.265610	0.935425	0.110733
1525628535.848925	1525628535.848925	-0.278870	0.955063	0.076538
1525628535.858673	1525628535.858673	-0.269989	0.977676	0.069641
1525628535.869016	1525628535.869016	-0.235428	0.988419	0.087448
1525628535.879031	1525628535.879031	-0.186478	0.970734	0.103409
1525628535.888971	1525628535.888971	-0.142380	0.950378	0.094254
1525628535.899013	1525628535.899013	-0.124680	0.958878	0.078461
1525628535.908943	1525628535.908943	-0.146439	0.990601	0.073959
1525628535.918884	1525628535.918884	-0.200226	1.000702	0.077698
1525628535.928754	1525628535.928754	-0.263184	0.962204	0.082596
1525628535.938671	1525628535.938671	-0.312073	0.926285	0.082703
1525628535.948748	1525628535.948748	-0.333969	0.922226	0.076355
1525628535.958597	1525628535.958597	-0.320343	0.945038	0.056366
1525628535.968808	1525628535.968808	-0.277863	0.966568	0.040848
1525628535.978568	1525628535.978568	-0.225723	0.972244	0.035568
1525628535.988725	1525628535.988725	-0.178421	0.967102	0.044678
1525628535.998557	1525628535.998557	-0.143616	0.967377	0.054657
1525628536.008630	1525628536.008630	-0.124283	0.978607	0.058456
1525628536.018330	1525628536.018330	-0.123611	0.990616	0.048615
1525628536.028551	1525628536.028551	-0.145721	1.000916	0.036316
1525628536.038433	1525628536.038433	-0.189102	0.985733	0.050858
1525628536.048621	1525628536.048621	-0.236908	0.950500	0.064743
1525628536.058371	1525628536.058371	-0.280075	0.941284	0.054092
1525628536.068651	1525628536.068651	-0.325439	0.950806	0.056030
1525628536.078540	1525628536.078540	-0.369720	0.941330	0.102600
1525628536.088465	1525628536.088465	-0.392685	0.920319	0.141541
1525628536.098376	1525628536.098376	-0.366989	0.922638	0.131836
1525628536.108402	1525628536.108402	-0.286819	0.941483	0.154907
1525628536.118277	1525628536.118277	-0.193634	0.963394	0.209244
1525628536.128324	1525628536.128324	-0.138168	0.987747	0.237839
1525628536.138365	1525628536.138365	-0.136078	1.007721	0.225632
1525628536.148491	1525628536.148491	-0.172653	1.012802	0.192459
1525628536.158078	1525628536.158078	-0.216690	1.002121	0.135742
1525628536.168248	1525628536.168248	-0.242920	0.972443	0.088593
1525628536.178185	1525628536.178185	-0.240204	0.949280	0.058914
1525628536.188368	1525628536.188368	-0.222183	0.965103	0.024734
1525628536.198075	1525628536.198075	-0.209915	1.001099	0.000275
1525628536.208239	1525628536.208239	-0.200897	1.006516	-0.010605
1525628536.218037	1525628536.218037	-0.187378	0.988419	-0.029877
1525628536.228412	1525628536.228412	-0.174240	0.970490	-0.045654
1525628536.238083	1525628536.238083	-0.158081	0.963257	-0.048386
1525628536.248086	1525628536.248086	-0.133438	0.970154	-0.018311
1525628536.257953	1525628536.257953	-0.097290	0.985626	0.020065
1525628536.268038	1525628536.268038	-0.052673	1.008194	0.046600
1525628536.278077	1525628536.278077	-0.031479	1.024551	0.082962
1525628536.287991	1525628536.287991	-0.074905	1.021561	0.102463
1525628536.297865	1525628536.297865	-0.181976	1.004501	0.076172
1525628536.307938	1525628536.307938	-0.290176	0.982559	0.049271
1525628536.317825	1525628536.317825	-0.353745	0.956451	0.057175
1525628536.328755	1525628536.328755	-0.371307	0.924423	0.064590
1525628536.337662	1525628536.337662	-0.353836	0.912430	0.063324
1525628536.347867	1525628536.347867	-0.315170	0.926086	0.070526
1525628536.357739	1525628536.357739	-0.269653	0.950897	0.084152
1525628536.367909	1525628536.367909	-0.233475	0.971069	0.090012
1525628536.377864	1525628536.377864	-0.208221	0.975128	0.087967
1525628536.387786	1525628536.387786	-0.191254	0.977249	0.096863
1525628536.397691	1525628536.397691	-0.191376	0.990051	0.112976
1525628536.407745	1525628536.407745	-0.218719	1.001953	0.093399
1525628536.417776	1525628536.417776	-0.270905	0.991714	0.089096
1525628536.427702	1525628536.427702	-0.323502	0.953232	0.091248
1525628536.437574	1525628536.437574	-0.349152	0.918823	0.068634
1525628536.447688	1525628536.447688	-0.345673	0.906525	0.062027
1525628536.457532	1525628536.457532	-0.324921	0.921432	0.064240
1525628536.467656	1525628536.467656	-0.294266	0.952682	0.058853
1525628536.477655	1525628536.477655	-0.251877	0.974228	0.059128
1525628536.487574	1525628536.487574	-0.212326	0.983414	0.070877
1525628536.497378	1525628536.497378	-0.194214	0.991089	0.081436
1525628536.507539	1525628536.507539	-0.202576	0.990799	0.112503
1525628536.517412	1525628536.517412	-0.235397	0.973663	0.121445
1525628536.527582	1525628536.527582	-0.275543	0.946838	0.105103
1525628536.537362	1525628536.537362	-0.309509	0.926498	0.094299
1525628536.547510	1525628536.547510	-0.330383	0.919983	0.089828
1525628536.557330	1525628536.557330	-0.337708	0.924545	0.090714
1525628536.567415	1525628536.567415	-0.338348	0.935501	0.092438
1525628536.577440	1525628536.577440	-0.336090	0.940384	0.101639
1525628536.587372	1525628536.587372	-0.331665	0.938446	0.113251
1525628536.597632	1525628536.597632	-0.328339	0.933731	0.131348
1525628536.607891	1525628536.607891	-0.327896	0.932922	0.140732
1525628536.617233	1525628536.617233	-0.327606	0.936600	0.130539
1525628536.627592	1525628536.627592	-0.319916	0.943787	0.131058
1525628536.637190	1525628536.637190	-0.302856	0.954178	0.139313
1525628536.647727	1525628536.647727	-0.281433	0.958466	0.142685
1525628536.657225	1525628536.657225	-0.272888	0.957840	0.158081
1525628536.667559	1525628536.667559	-0.279617	0.958832	0.164108
1525628536.677417	1525628536.677417	-0.296860	0.954926	0.173859
1525628536.687491	1525628536.687491	-0.326462	0.945709	0.188202
1525628536.697066	1525628536.697066	-0.362991	0.935043	0.182877
1525628536.707131	1525628536.707131	-0.387329	0.920258	0.159973
1525628536.717029	1525628536.717029	-0.392258	0.910294	0.148636
1525628536.727112	1525628536.727112	-0.386230	0.905838	0.141739
1525628536.736987	1525628536.736987	-0.369843	0.903564	0.126144
1525628536.747072	1525628536.747072	-0.350525	0.905014	0.119827
1525628536.756948	1525628536.756948	-0.339371	0.913559	0.120560
1525628536.767032	1525628536.767032	-0.343781	0.916901	0.134506
1525628536.777064	1525628536.777064	-0.359528	0.907150	0.138535
1525628536.787078	1525628536.787078	-0.372620	0.897476	0.128342
1525628536.796860	1525628536.796860	-0.379761	0.905090	0.142853
1525628536.806947	1525628536.806947	-0.370193	0.924866	0.169022
1525628536.816899	1525628536.816899	-0.340759	0.947891	0.196823
1525628536.827106	1525628536.827106	-0.309189	0.964127	0.232498
1525628536.836753	1525628536.836753	-0.297760	0.962494	0.260254
1525628536.846898	1525628536.846898	-0.311447	0.940048	0.274078
1525628536.856734	1525628536.856734	-0.348511	0.919983	0.288208
1525628536.866823	1525628536.866823	-0.399200	0.916550	0.287735
1525628536.876860	1525628536.876860	-0.454361	0.924347	0.262009
1525628536.886744	1525628536.886744	-0.499283	0.929214	0.213226
1525628536.896645	1525628536.896645	-0.514267	0.922943	0.186691
1525628536.906738	1525628536.906738	-0.491089	0.914062	0.180740
1525628536.916612	1525628536.916612	-0.444305	0.914993	0.168732
1525628536.926695	1525628536.926695	-0.399094	0.929626	0.176117
1525628536.936701	1525628536.936701	-0.372147	0.945282	0.192245
1525628536.946526	1525628536.946526	-0.378220	0.948441	0.200150
1525628536.956528	1525628536.956528	-0.416901	0.937286	0.184998
1525628536.966613	1525628536.966613	-0.462723	0.911987	0.179108
1525628536.976763	1525628536.976763	-0.497650	0.896774	0.196182
1525628536.986658	1525628536.986658	-0.510651	0.905777	0.208252
1525628536.996438	1525628536.996438	-0.490433	0.917801	0.234497
1525628537.006811	1525628537.006811	-0.448685	0.923325	0.271027
1525628537.016402	1525628537.016402	-0.408310	0.935638	0.296890
1525628537.026481	1525628537.026481	-0.393539	0.971832	0.315369
1525628537.036458	1525628537.036458	-0.428665	1.055954	0.318405
1525628537.046450	1525628537.046450	-0.490952	1.171005	0.291809
1525628537.056317	1525628537.056317	-0.498550	1.216873	0.259964
1525628537.066408	1525628537.066408	-0.413254	1.130280	0.279739
1525628537.076369	1525628537.076369	-0.298920	0.990112	0.312561
1525628537.086539	1525628537.086539	-0.212418	0.913437	0.323059
1525628537.096237	1525628537.096237	-0.163483	0.931152	0.331619
1525628537.106202	1525628537.106202	-0.151596	1.013260	0.347549
1525628537.116197	1525628537.116197	-0.161789	1.096756	0.355072
1525628537.126281	1525628537.126281	-0.181351	1.149139	0.338898
1525628537.136488	1525628537.136488	-0.199860	1.169952	0.328583
1525628537.146265	1525628537.146265	-0.208145	1.111023	0.338989
1525628537.156140	1525628537.156140	-0.210953	1.021851	0.329636
1525628537.166226	1525628537.166226	-0.231369	0.973969	0.321060
1525628537.176257	1525628537.176257	-0.285919	0.945389	0.343048
1525628537.186429	1525628537.186429	-0.395325	0.898621	0.401108
1525628537.196057	1525628537.196057	-0.566223	0.818420	0.471573
1525628537.206145	1525628537.206145	-0.778305	0.761490	0.494324
1525628537.216017	1525628537.216017	-0.977951	0.759979	0.416824
1525628537.226102	1525628537.226102	-1.075424	0.736603	0.287994
1525628537.236487	1525628537.236487	-1.033264	0.663666	0.331253
1525628537.246064	1525628537.246064	-0.868286	0.605408	0.409103
1525628537.255932	1525628537.255932	-0.621048	0.604034	0.252563
1525628537.265908	1525628537.265908	-0.329895	0.633560	-0.026688
1525628537.276051	1525628537.276051	-0.043564	0.651764	-0.159668
1525628537.286242	1525628537.286242	0.175674	0.632828	-0.128082
1525628537.296542	1525628537.296542	0.282715	0.596588	-0.021515
1525628537.307418	1525628537.307418	0.267151	0.582703	0.059067
1525628537.316420	1525628537.316420	0.131638	0.589188	0.110825
1525628537.325894	1525628537.325894	-0.082321	0.614944	0.144058
1525628537.336482	1525628537.336482	-0.316254	0.667801	0.157837
1525628537.347579	1525628537.347579	-0.531799	0.720337	0.170654
1525628537.356157	1525628537.356157	-0.699295	0.736923	0.179321
1525628537.365794	1525628537.365794	-0.791656	0.714111	0.177429
1525628537.376136	1525628537.376136	-0.791656	0.685333	0.168884
1525628537.385864	1525628537.385864	-0.713364	0.685318	0.162704
1525628537.395783	1525628537.395783	-0.606140	0.724686	0.172333
1525628537.405730	1525628537.405730	-0.513489	0.798477	0.193497
1525628537.415958	1525628537.415958	-0.457611	0.888016	0.205276
1525628537.425562	1525628537.425562	-0.445312	0.962708	0.207169
1525628537.435644	1525628537.435644	-0.472427	0.994934	0.217484
1525628537.445644	1525628537.445644	-0.519012	1.002060	0.229050
1525628537.455446	1525628537.455446	-0.569153	1.019821	0.233429
1525628537.465686	1525628537.465686	-0.611252	1.054413	0.230377
1525628537.475632	1525628537.475632	-0.643784	1.081741	0.229965
1525628537.485649	1525628537.485649	-0.659897	1.077957	0.237137
1525628537.495454	1525628537.495454	-0.659988	1.049042	0.252197
1525628537.505519	1525628537.505519	-0.645172	1.017242	0.270920
1525628537.515489	1525628537.515489	-0.621246	0.999146	0.290451
1525628537.525480	1525628537.525480	-0.588715	0.997070	0.306656
1525628537.535449	1525628537.535449	-0.548050	0.991776	0.323257
1525628537.545451	1525628537.545451	-0.516357	0.976013	0.352249
1525628537.555310	1525628537.555310	-0.504822	0.969681	0.390610
1525628537.565488	1525628537.565488	-0.511002	0.975235	0.422012
1525628537.575445	1525628537.575445	-0.524384	0.974396	0.451172
1525628537.585495	1525628537.585495	-0.533203	0.969421	0.468933
1525628537.595221	1525628537.595221	-0.524185	0.965851	0.451767
1525628537.605189	1525628537.605189	-0.492889	0.955017	0.409637
1525628537.615280	1525628537.615280	-0.458481	0.933884	0.377350
1525628537.625272	1525628537.625272	-0.436508	0.912521	0.373886
1525628537.635144	1525628537.635144	-0.414978	0.898056	0.375961
1525628537.645495	1525628537.645495	-0.392960	0.895050	0.370026
1525628537.655104	1525628537.655104	-0.373260	0.894913	0.349716
1525628537.665280	1525628537.665280	-0.354568	0.886658	0.335388
1525628537.675249	1525628537.675249	-0.338150	0.873367	0.342346
1525628537.685176	1525628537.685176	-0.332733	0.849380	0.353256
1525628537.695045	1525628537.695045	-0.344238	0.818619	0.349487
1525628537.705135	1525628537.705135	-0.371216	0.798874	0.350372
1525628537.714880	1525628537.714880	-0.402084	0.796509	0.349792
1525628537.725087	1525628537.725087	-0.426895	0.812271	0.346985
1525628537.734999	1525628537.734999	-0.438873	0.842239	0.347458
1525628537.745125	1525628537.745125	-0.434799	0.879349	0.337738
1525628537.755763	1525628537.755763	-0.427261	0.917755	0.344955
1525628537.765009	1525628537.765009	-0.414352	0.965897	0.392014
1525628537.775042	1525628537.775042	-0.369904	1.042969	0.490662
1525628537.784973	1525628537.784973	-0.227509	1.208679	0.616165
1525628537.794842	1525628537.794842	0.212479	1.476929	0.342148
1525628537.804928	1525628537.804928	0.896042	1.779221	-0.379089
1525628537.814802	1525628537.814802	1.090515	1.822449	-0.793121
1525628537.825203	1525628537.825203	0.671051	1.718765	-0.627258
1525628537.834762	1525628537.834762	0.142044	1.637146	-0.217941
1525628537.844847	1525628537.844847	-0.126328	1.379669	0.244080
1525628537.854635	1525628537.854635	-0.157654	0.969849	0.542145
1525628537.864805	1525628537.864805	-0.147751	0.614655	0.651260
1525628537.874716	1525628537.874716	-0.137009	0.472824	0.520691
1525628537.884763	1525628537.884763	-0.137482	0.594086	0.194504
1525628537.894625	1525628537.894625	-0.154968	0.904343	-0.112259
1525628537.904796	1525628537.904796	-0.135361	1.193573	-0.230728
1525628537.914607	1525628537.914607	-0.051834	1.280029	-0.147751
1525628537.924673	1525628537.924673	0.038879	1.137299	-0.015625
1525628537.934552	1525628537.934552	0.077896	0.912781	0.055679
1525628537.944634	1525628537.944634	0.055557	0.766342	0.036499
1525628537.954505	1525628537.954505	0.006027	0.762238	-0.058090
1525628537.964613	1525628537.964613	-0.024582	0.883713	-0.153442
1525628537.974620	1525628537.974620	0.003876	1.031891	-0.136139
1525628537.984556	1525628537.984556	0.058487	1.124191	-0.013824
1525628537.994458	1525628537.994458	0.100281	1.140930	0.122559
1525628538.004448	1525628538.004448	0.117401	1.090683	0.221436
1525628538.014424	1525628538.014424	0.089127	1.008606	0.253281
1525628538.025013	1525628538.025013	0.004578	0.951126	0.224808
1525628538.034220	1525628538.034220	-0.120926	0.938065	0.139587
1525628538.044968	1525628538.044968	-0.254913	0.935623	0.042130
1525628538.054298	1525628538.054298	-0.373627	0.924149	-0.008514
1525628538.064891	1525628538.064891	-0.441818	0.909958	-0.048187
1525628538.074420	1525628538.074420	-0.419922	0.897949	-0.088882
1525628538.084632	1525628538.084632	-0.312515	0.904938	-0.104202
1525628538.094355	1525628538.094355	-0.169693	0.948486	-0.102493
1525628538.104348	1525628538.104348	-0.048248	1.004578	-0.079788
1525628538.114374	1525628538.114374	0.019394	1.043365	-0.018036
1525628538.124158	1525628538.124158	0.029007	1.058884	0.022354
1525628538.134084	1525628538.134084	-0.004044	1.042389	0.038269
1525628538.144226	1525628538.144226	-0.074127	1.006302	0.045288
1525628538.154098	1525628538.154098	-0.155151	0.971191	0.040070
1525628538.164238	1525628538.164238	-0.227905	0.946503	0.043045
1525628538.174215	1525628538.174215	-0.277969	0.936676	0.051132
1525628538.184141	1525628538.184141	-0.298874	0.935532	0.068100
1525628538.193890	1525628538.193890	-0.289459	0.938370	0.084274
1525628538.204059	1525628538.204059	-0.261795	0.946732	0.101578
1525628538.214194	1525628538.214194	-0.230576	0.959808	0.116089
1525628538.224161	1525628538.224161	-0.204681	0.970535	0.114761
1525628538.233958	1525628538.233958	-0.191177	0.972031	0.120270
1525628538.244043	1525628538.244043	-0.198547	0.966309	0.129013
1525628538.253916	1525628538.253916	-0.227707	0.955872	0.125748
1525628538.264060	1525628538.264060	-0.263397	0.948303	0.108765
1525628538.274031	1525628538.274031	-0.290939	0.946426	0.091370
1525628538.283964	1525628538.283964	-0.295227	0.948685	0.092575
1525628538.293969	1525628538.293969	-0.270416	0.958282	0.088608
1525628538.303921	1525628538.303921	-0.228546	0.976944	0.086868
1525628538.313790	1525628538.313790	-0.197479	1.009201	0.105972
1525628538.323879	1525628538.323879	-0.191467	1.022385	0.110153
1525628538.333755	1525628538.333755	-0.196960	0.990509	0.093384
1525628538.343833	1525628538.343833	-0.207886	0.951920	0.079132
1525628538.353532	1525628538.353532	-0.230347	0.940933	0.079636
1525628538.363798	1525628538.363798	-0.246643	0.947739	0.077255
1525628538.373860	1525628538.373860	-0.256119	0.956314	0.082581
1525628538.383713	1525628538.383713	-0.266617	0.958084	0.089859
1525628538.393632	1525628538.393632	-0.276657	0.950272	0.076508
1525628538.403715	1525628538.403715	-0.284225	0.938110	0.058777
1525628538.413889	1525628538.413889	-0.293030	0.928238	0.043274
1525628538.423671	1525628538.423671	-0.298019	0.922241	0.016464
1525628538.433543	1525628538.433543	-0.297195	0.926422	0.003021
1525628538.443628	1525628538.443628	-0.290680	0.934036	0.037598
1525628538.453441	1525628538.453441	-0.274139	0.932648	0.067535
1525628538.463724	1525628538.463724	-0.242844	0.930145	0.075089
1525628538.473621	1525628538.473621	-0.213928	0.938721	0.101654
1525628538.483549	1525628538.483549	-0.205627	0.957397	0.115402
1525628538.493418	1525628538.493418	-0.214096	0.969193	0.121170
1525628538.503444	1525628538.503444	-0.238037	0.970535	0.121536
1525628538.513251	1525628538.513251	-0.271317	0.969055	0.116104
1525628538.523463	1525628538.523463	-0.305115	0.963593	0.119385
1525628538.533613	1525628538.533613	-0.339142	0.955887	0.115540
1525628538.543504	1525628538.543504	-0.365295	0.939804	0.104324
1525628538.553348	1525628538.553348	-0.374802	0.921982	0.106049
1525628538.563379	1525628538.563379	-0.379333	0.915771	0.113831
1525628538.573411	1525628538.573411	-0.373657	0.926834	0.123505
1525628538.583341	1525628538.583341	-0.361069	0.956024	0.149811
1525628538.593369	1525628538.593369	-0.353088	0.986908	0.169922
1525628538.603321	1525628538.603321	-0.359421	0.993530	0.182785
1525628538.613169	1525628538.613169	-0.374023	0.980392	0.199265
1525628538.623255	1525628538.623255	-0.396240	0.968643	0.209244
1525628538.633127	1525628538.633127	-0.426529	0.963776	0.216583
1525628538.643086	1525628538.643086	-0.456955	0.966156	0.218781
1525628538.653259	1525628538.653259	-0.482758	0.973358	0.183075
1525628538.663103	1525628538.663103	-0.499817	0.984116	0.098831
1525628538.673267	1525628538.673267	-0.477936	0.966904	0.064880
1525628538.683134	1525628538.683134	-0.442154	0.940323	0.138199
1525628538.693141	1525628538.693141	-0.419647	0.938736	0.145004
1525628538.703261	1525628538.703261	-0.406815	0.946487	0.154221
1525628538.712960	1525628538.712960	-0.407379	0.960144	0.201050
1525628538.723046	1525628538.723046	-0.424286	0.977432	0.221680
1525628538.733538	1525628538.733538	-0.440308	0.984146	0.243530
1525628538.743037	1525628538.743037	-0.448898	1.005936	0.277863
1525628538.753508	1525628538.753508	-0.519623	1.122726	0.294067
1525628538.763130	1525628538.763130	-0.577332	1.247711	0.264008
1525628538.773408	1525628538.773408	-0.492172	1.194611	0.321213
1525628538.783282	1525628538.783282	-0.442398	1.105927	0.429169
1525628538.793120	1525628538.793120	-0.437927	1.125458	0.347290
1525628538.803132	1525628538.803132	-0.410843	1.218765	0.307327
1525628538.813063	1525628538.813063	-0.342438	1.299789	0.323883
1525628538.823124	1525628538.823124	-0.218292	1.301758	0.269363
1525628538.832875	1525628538.832875	-0.086441	1.243042	0.246475
1525628538.842827	1525628538.842827	0.012100	1.164917	0.264633
1525628538.852561	1525628538.852561	0.071777	1.100403	0.240082
1525628538.862926	1525628538.862926	0.093048	1.097397	0.182068
1525628538.872838	1525628538.872838	0.079865	1.143967	0.145111
1525628538.882751	1525628538.882751	0.036041	1.134537	0.172440
1525628538.892617	1525628538.892617	-0.040924	1.002991	0.213501
1525628538.903013	1525628538.903013	-0.169022	0.772156	0.233932
1525628538.912442	1525628538.912442	-0.356613	0.579620	0.253403
1525628538.922664	1525628538.922664	-0.620590	0.522293	0.341507
1525628538.932574	1525628538.932574	-0.946548	0.573624	0.560715
1525628538.942623	1525628538.942623	-1.256714	0.643784	0.776855
1525628538.952592	1525628538.952592	-1.441376	0.607788	0.694824
1525628538.962451	1525628538.962451	-1.411423	0.484329	0.371475
1525628538.972608	1525628538.972608	-1.141174	0.375397	0.051804
1525628538.982554	1525628538.982554	-0.755142	0.323135	-0.104507
1525628538.992473	1525628538.992473	-0.394867	0.319931	-0.102615
1525628539.003752	1525628539.003752	-0.087753	0.369629	-0.012436
1525628539.012361	1525628539.012361	0.143188	0.455338	0.074707
1525628539.022453	1525628539.022453	0.232071	0.519928	0.130859
1525628539.032400	1525628539.032400	0.172729	0.509781	0.163071
1525628539.042543	1525628539.042543	0.001465	0.439590	0.192505
1525628539.052380	1525628539.052380	-0.217697	0.378433	0.244461
1525628539.062361	1525628539.062361	-0.445724	0.345261	0.314255
1525628539.072402	1525628539.072402	-0.653809	0.337112	0.393097
1525628539.082398	1525628539.082398	-0.819672	0.363388	0.469727
1525628539.092336	1525628539.092336	-0.923279	0.380630	0.550797
1525628539.102370	1525628539.102370	-0.947495	0.360001	0.623032
1525628539.112286	1525628539.112286	-0.909561	0.329025	0.659561
1525628539.122122	1525628539.122122	-0.839645	0.317566	0.652985
1525628539.132240	1525628539.132240	-0.765213	0.353180	0.645981
1525628539.143376	1525628539.143376	-0.692764	0.404449	0.674713
1525628539.152159	1525628539.152159	-0.638840	0.470001	0.716736
1525628539.162249	1525628539.162249	-0.623322	0.545532	0.750748
1525628539.172196	1525628539.172196	-0.628006	0.588333	0.754822
1525628539.182400	1525628539.182400	-0.638504	0.611862	0.707901
1525628539.191996	1525628539.191996	-0.651413	0.633026	0.631897
1525628539.202036	1525628539.202036	-0.663589	0.665558	0.573914
1525628539.211954	1525628539.211954	-0.672791	0.713486	0.553375
1525628539.221995	1525628539.221995	-0.677322	0.758636	0.558792
1525628539.231910	1525628539.231910	-0.682068	0.786850	0.562454
1525628539.241944	1525628539.241944	-0.682419	0.802460	0.553040
1525628539.251872	1525628539.251872	-0.665756	0.810730	0.536880
1525628539.262052	1525628539.262052	-0.633667	0.820465	0.514008
1525628539.276277	1525628539.276277	-0.593277	0.837875	0.489716
1525628539.282108	1525628539.282108	-0.550186	0.859589	0.464767
1525628539.291973	1525628539.291973	-0.516968	0.880386	0.442688
1525628539.301856	1525628539.301856	-0.502930	0.883957	0.436981
1525628539.311844	1525628539.311844	-0.506195	0.877472	0.433426
1525628539.321815	1525628539.321815	-0.524765	0.889130	0.411148
1525628539.331732	1525628539.331732	-0.551392	0.909241	0.394180
1525628539.341770	1525628539.341770	-0.567871	0.881271	0.399704
1525628539.351694	1525628539.351694	-0.569290	0.830826	0.405945
1525628539.361730	1525628539.361730	-0.562485	0.792862	0.405869
1525628539.371812	1525628539.371812	-0.545181	0.776535	0.398361
1525628539.381702	1525628539.381702	-0.522827	0.779327	0.385757
1525628539.392552	1525628539.392552	-0.503891	0.794952	0.375000
1525628539.401653	1525628539.401653	-0.489304	0.839294	0.368927
1525628539.411966	1525628539.411966	-0.471817	0.889801	0.347443
1525628539.421609	1525628539.421609	-0.438553	0.904053	0.316925
1525628539.431629	1525628539.431629	-0.392776	0.885681	0.295670
1525628539.442055	1525628539.442055	-0.339737	0.865936	0.277328
1525628539.451487	1525628539.451487	-0.289185	0.856522	0.260132
1525628539.462053	1525628539.462053	-0.242096	0.846313	0.256058
1525628539.471608	1525628539.471608	-0.206955	0.846268	0.242233
1525628539.482127	1525628539.482127	-0.206268	0.868652	0.168564
1525628539.491397	1525628539.491397	-0.228348	0.890198	0.088165
1525628539.501810	1525628539.501810	-0.234970	0.925415	0.070511
1525628539.511523	1525628539.511523	-0.218979	0.981796	0.068314
1525628539.521552	1525628539.521552	-0.181549	1.042236	0.057846
1525628539.531317	1525628539.531317	-0.149551	1.110748	0.151596
1525628539.541428	1525628539.541428	-0.146805	1.206635	0.340118
1525628539.552045	1525628539.552045	-0.160202	1.322495	0.468430
1525628539.561321	1525628539.561321	-0.157639	1.398178	0.431564
1525628539.571274	1525628539.571274	-0.130386	1.344055	0.282867
1525628539.581326	1525628539.581326	-0.116821	1.143509	0.264526
1525628539.591207	1525628539.591207	-0.157394	0.916306	0.414383
1525628539.601308	1525628539.601308	-0.242386	0.784119	0.509598
1525628539.611286	1525628539.611286	-0.319962	0.754196	0.450165
1525628539.621191	1525628539.621191	-0.329468	0.801071	0.300995
1525628539.631295	1525628539.631295	-0.262222	0.902466	0.169113
1525628539.641145	1525628539.641145	-0.158127	1.011292	0.084030
1525628539.651069	1525628539.651069	-0.069855	1.070053	0.047104
1525628539.661102	1525628539.661102	-0.024002	1.054123	0.062820
1525628539.671136	1525628539.671136	-0.031860	0.992950	0.102493
1525628539.681193	1525628539.681193	-0.082367	0.938553	0.122543
1525628539.691113	1525628539.691113	-0.144470	0.923920	0.126221
1525628539.701067	1525628539.701067	-0.191727	0.942856	0.120743
1525628539.710939	1525628539.710939	-0.197937	0.979904	0.123718
1525628539.721033	1525628539.721033	-0.166183	1.016602	0.158386
1525628539.730778	1525628539.730778	-0.124832	1.024200	0.203049
1525628539.741124	1525628539.741124	-0.103973	1.001724	0.211197
1525628539.750859	1525628539.750859	-0.115906	0.972534	0.184128
1525628539.761195	1525628539.761195	-0.142548	0.949768	0.158981
1525628539.771508	1525628539.771508	-0.168823	0.941437	0.148727
1525628539.781104	1525628539.781104	-0.187164	0.946945	0.128159
1525628539.790888	1525628539.790888	-0.190659	0.955627	0.104065
1525628539.800859	1525628539.800859	-0.177704	0.973450	0.107758
1525628539.810900	1525628539.810900	-0.152649	1.002914	0.128754
1525628539.821118	1525628539.821118	-0.126923	1.009354	0.159851
1525628539.830853	1525628539.830853	-0.111816	0.985901	0.196136
1525628539.840941	1525628539.840941	-0.121124	0.965836	0.207260
1525628539.850679	1525628539.850679	-0.149139	0.955231	0.200562
1525628539.860899	1525628539.860899	-0.183182	0.950180	0.187805
1525628539.870797	1525628539.870797	-0.205078	0.949905	0.166779
1525628539.880855	1525628539.880855	-0.209244	0.955902	0.150558
1525628539.890469	1525628539.890469	-0.190277	0.966370	0.140488
1525628539.900682	1525628539.900682	-0.156219	0.974899	0.135376
1525628539.910667	1525628539.910667	-0.124557	0.983414	0.128616
1525628539.920713	1525628539.920713	-0.099060	1.001907	0.133057
1525628539.930652	1525628539.930652	-0.074921	1.013062	0.154144
1525628539.940732	1525628539.940732	-0.063934	1.001312	0.188751
1525628539.950473	1525628539.950473	-0.081924	0.972809	0.203018
1525628539.960693	1525628539.960693	-0.118896	0.952332	0.175797
1525628539.970586	1525628539.970586	-0.155396	0.949951	0.147583
1525628539.980652	1525628539.980652	-0.174835	0.956268	0.128769
1525628539.990526	1525628539.990526	-0.169556	0.970154	0.100891
1525628540.000571	1525628540.000571	-0.138611	0.990814	0.082245
1525628540.010480	1525628540.010480	-0.085449	1.028076	0.083878
1525628540.020433	1525628540.020433	-0.023315	1.063797	0.123657
1525628540.030441	1525628540.030441	0.012497	1.046158	0.223083
1525628540.040380	1525628540.040380	-0.010498	0.997025	0.277695
1525628540.050137	1525628540.050137	-0.087021	0.950775	0.246216
1525628540.060281	1525628540.060281	-0.181976	0.925827	0.209778
1525628540.070296	1525628540.070296	-0.269745	0.931503	0.199249
1525628540.081575	1525628540.081575	-0.331177	0.947372	0.179810
1525628540.090145	1525628540.090145	-0.349319	0.947876	0.127701
1525628540.100262	1525628540.100262	-0.313477	0.932800	0.097412
1525628540.110275	1525628540.110275	-0.242371	0.931198	0.120499
1525628540.120104	1525628540.120104	-0.167542	0.955612	0.176605
1525628540.130229	1525628540.130229	-0.114273	0.994324	0.221268
1525628540.140340	1525628540.140340	-0.094009	1.018616	0.194260
1525628540.150760	1525628540.150760	-0.103943	1.009766	0.134842
1525628540.160274	1525628540.160274	-0.132645	0.995422	0.077682
1525628540.170599	1525628540.170599	-0.160660	0.982254	0.045517
1525628540.180059	1525628540.180059	-0.182373	0.966675	0.062103
1525628540.190494	1525628540.190494	-0.198303	0.951935	0.089157
1525628540.200054	1525628540.200054	-0.206726	0.943665	0.092270
1525628540.210191	1525628540.210191	-0.199371	0.947571	0.089417
1525628540.220024	1525628540.220024	-0.176361	0.960342	0.107040
1525628540.230480	1525628540.230480	-0.144485	0.977509	0.125534
1525628540.240180	1525628540.240180	-0.106125	0.993317	0.138626
1525628540.249968	1525628540.249968	-0.079880	0.996262	0.159729
1525628540.259955	1525628540.259955	-0.076675	0.996490	0.147141
1525628540.270376	1525628540.270376	-0.086273	1.004105	0.095184
1525628540.280029	1525628540.280029	-0.099457	1.003632	0.068329
1525628540.289955	1525628540.289955	-0.100876	0.991074	0.062729
1525628540.299798	1525628540.299798	-0.086716	0.988464	0.045288
1525628540.309560	1525628540.309560	-0.059814	1.001724	0.046555
1525628540.319674	1525628540.319674	-0.030594	1.015289	0.085892
1525628540.329533	1525628540.329533	-0.014938	1.013168	0.137100
1525628540.339553	1525628540.339553	-0.027557	0.997528	0.143753
1525628540.349376	1525628540.349376	-0.073257	0.988190	0.097549
1525628540.359597	1525628540.359597	-0.127548	0.985992	0.050980
1525628540.369238	1525628540.369238	-0.163544	0.984879	0.024048
1525628540.379432	1525628540.379432	-0.174713	0.984482	0.023087
1525628540.389355	1525628540.389355	-0.173706	0.982864	0.040314
1525628540.399261	1525628540.399261	-0.158905	0.977982	0.047745
1525628540.409252	1525628540.409252	-0.132828	0.972992	0.061630
1525628540.419313	1525628540.419313	-0.105972	0.978516	0.080505
1525628540.429163	1525628540.429163	-0.089600	0.991394	0.073837
1525628540.439183	1525628540.439183	-0.084061	1.000381	0.055038
1525628540.449155	1525628540.449155	-0.090759	0.997681	0.056305
1525628540.459423	1525628540.459423	-0.111847	0.983215	0.072784
1525628540.469130	1525628540.469130	-0.145111	0.969940	0.074234
1525628540.479191	1525628540.479191	-0.184967	0.964432	0.067673
1525628540.488989	1525628540.488989	-0.216309	0.963669	0.056015
1525628540.499193	1525628540.499193	-0.226471	0.970184	0.044144
1525628540.509126	1525628540.509126	-0.205688	0.981995	0.065338
1525628540.519281	1525628540.519281	-0.171310	0.992218	0.096970
1525628540.529280	1525628540.529280	-0.153122	0.975510	0.118881
1525628540.539495	1525628540.539495	-0.143829	0.971924	0.097397
1525628540.549283	1525628540.549283	-0.103729	0.984207	0.061859
1525628540.559502	1525628540.559502	-0.059036	0.991455	0.063461
1525628540.569382	1525628540.569382	-0.039139	1.018707	0.044510
1525628540.579283	1525628540.579283	-0.050461	1.016846	0.031021
1525628540.589177	1525628540.589177	-0.090759	0.991745	0.038269
1525628540.599280	1525628540.599280	-0.127151	0.989227	0.041885
1525628540.609153	1525628540.609153	-0.129486	1.010025	0.037308
1525628540.619352	1525628540.619352	-0.100464	1.022629	0.033173
1525628540.629167	1525628540.629167	-0.058441	1.014313	0.039459
1525628540.639190	1525628540.639190	-0.037964	0.996872	0.043472
1525628540.649105	1525628540.649105	-0.057190	0.983353	0.031677
1525628540.659113	1525628540.659113	-0.098145	0.983231	0.013000
1525628540.669317	1525628540.669317	-0.133835	0.987961	0.012390
1525628540.679207	1525628540.679207	-0.153183	0.992523	0.036697
1525628540.689146	1525628540.689146	-0.160599	0.993774	0.062622
1525628540.699160	1525628540.699160	-0.161041	0.986481	0.069290
1525628540.708943	1525628540.708943	-0.158310	0.977554	0.062332
1525628540.719086	1525628540.719086	-0.152313	0.976761	0.062927
1525628540.728917	1525628540.728917	-0.147583	0.983932	0.063034
1525628540.739040	1525628540.739040	-0.144653	0.990768	0.042358
1525628540.748939	1525628540.748939	-0.141861	0.983002	0.026443
1525628540.758939	1525628540.758939	-0.139893	0.976440	0.022064
1525628540.769078	1525628540.769078	-0.132996	0.984039	0.023376
1525628540.778909	1525628540.778909	-0.116959	0.994720	0.039581
1525628540.788917	1525628540.788917	-0.099945	1.004150	0.064606
1525628540.798916	1525628540.798916	-0.096527	1.000381	0.083130
1525628540.808776	1525628540.808776	-0.114304	0.986069	0.083206
1525628540.818724	1525628540.818724	-0.143890	0.977417	0.068680
1525628540.828718	1525628540.828718	-0.168106	0.980667	0.056061
1525628540.839291	1525628540.839291	-0.183212	0.988403	0.053864
1525628540.848706	1525628540.848706	-0.189041	0.988953	0.051788
1525628540.858991	1525628540.858991	-0.180588	0.981857	0.044373
1525628540.868834	1525628540.868834	-0.165573	0.975296	0.045105
1525628540.878879	1525628540.878879	-0.150955	0.980667	0.047806
1525628540.888618	1525628540.888618	-0.143753	0.987015	0.061966
1525628540.899272	1525628540.899272	-0.149170	0.989746	0.070526
1525628540.908562	1525628540.908562	-0.160202	0.985626	0.064880
1525628540.919653	1525628540.919653	-0.170975	0.975204	0.064209
1525628540.928658	1525628540.928658	-0.175949	0.968842	0.060074
1525628540.938607	1525628540.938607	-0.177109	0.971283	0.056015
1525628540.948563	1525628540.948563	-0.172287	0.978928	0.052719
1525628540.958436	1525628540.958436	-0.159897	0.984009	0.049530
1525628540.968824	1525628540.968824	-0.144882	0.987045	0.047546
1525628540.978362	1525628540.978362	-0.132736	0.991348	0.043808
1525628540.988357	1525628540.988357	-0.127945	0.992493	0.045319
1525628540.998582	1525628540.998582	-0.133514	0.992752	0.049835
1525628541.008554	1525628541.008554	-0.149078	0.986984	0.048187
1525628541.018802	1525628541.018802	-0.168259	0.978561	0.039490
1525628541.028318	1525628541.028318	-0.188705	0.975189	0.044708
1525628541.038363	1525628541.038363	-0.208572	0.971985	0.063141
1525628541.048279	1525628541.048279	-0.219910	0.968445	0.068008
1525628541.058318	1525628541.058318	-0.220047	0.968842	0.058411
1525628541.068357	1525628541.068357	-0.205093	0.973770	0.056213
1525628541.078289	1525628541.078289	-0.180222	0.976990	0.063370
1525628541.115203	1525628541.115203	-0.155258	0.971542	0.091370
1525628541.115941	1525628541.115941	-0.139847	0.975403	0.070358
1525628541.116073	1525628541.116073	-0.129105	0.984634	0.030441
1525628541.121989	1525628541.121989	-0.130829	1.000351	0.031097
1525628541.128192	1525628541.128192	-0.150833	1.006729	0.043350
1525628541.138075	1525628541.138075	-0.179199	0.991302	0.047211
1525628541.148078	1525628541.148078	-0.196930	0.971954	0.045578
1525628541.158182	1525628541.158182	-0.200150	0.967560	0.053055
1525628541.168305	1525628541.168305	-0.196487	0.975555	0.057404
1525628541.178119	1525628541.178119	-0.192505	0.979736	0.054474
1525628541.187979	1525628541.187979	-0.193451	0.982285	0.059860
1525628541.201731	1525628541.201731	-0.193573	0.985184	0.067032
1525628541.207956	1525628541.207956	-0.190796	0.988174	0.060852
1525628541.218021	1525628541.218021	-0.180725	0.988632	0.043823
1525628541.227901	1525628541.227901	-0.162872	0.985992	0.031921
1525628541.239365	1525628541.239365	-0.145798	0.989807	0.033417
1525628541.247966	1525628541.247966	-0.139664	0.998154	0.043198
1525628541.257938	1525628541.257938	-0.138184	0.998276	0.046371
1525628541.267992	1525628541.267992	-0.135864	0.986633	0.034149
1525628541.278437	1525628541.278437	-0.136612	0.977097	0.030106
1525628541.287822	1525628541.287822	-0.142700	0.976089	0.028473
1525628541.297734	1525628541.297734	-0.147720	0.979477	0.028671
1525628541.307748	1525628541.307748	-0.155914	0.986450	0.042786
1525628541.317846	1525628541.317846	-0.169128	0.990784	0.041290
1525628541.329664	1525628541.329664	-0.186584	0.988892	0.026794
1525628541.337722	1525628541.337722	-0.193558	0.974854	0.027588
1525628541.347460	1525628541.347460	-0.180725	0.967270	0.032440
1525628541.357810	1525628541.357810	-0.149033	0.973846	0.028748
1525628541.368454	1525628541.368454	-0.116821	0.981857	0.026062
1525628541.377796	1525628541.377796	-0.106430	0.991302	0.024323
1525628541.387575	1525628541.387575	-0.115952	0.995712	0.024826
1525628541.397669	1525628541.397669	-0.141891	0.990631	0.032791
1525628541.407545	1525628541.407545	-0.172501	0.981781	0.047379
1525628541.420176	1525628541.420176	-0.197205	0.975769	0.055344
1525628541.427514	1525628541.427514	-0.210266	0.977875	0.055939
1525628541.437607	1525628541.437607	-0.209900	0.980347	0.052124
1525628541.447514	1525628541.447514	-0.199509	0.979828	0.042908
1525628541.458458	1525628541.458458	-0.184402	0.979004	0.032349
1525628541.467755	1525628541.467755	-0.165405	0.983246	0.029877
1525628541.477524	1525628541.477524	-0.149887	0.990799	0.023605
1525628541.487474	1525628541.487474	-0.144089	0.992065	0.011276
1525628541.497551	1525628541.497551	-0.146194	0.988907	0.014648
1525628541.510011	1525628541.510011	-0.150650	0.986008	0.027893
1525628541.517441	1525628541.517441	-0.152679	0.983139	0.029129
1525628541.527319	1525628541.527319	-0.148285	0.982895	0.022888
1525628541.537421	1525628541.537421	-0.146957	0.986877	0.033386
1525628541.548920	1525628541.548920	-0.156403	0.993027	0.042908
1525628541.557514	1525628541.557514	-0.163284	0.992661	0.039169
1525628541.567667	1525628541.567667	-0.160324	0.982941	0.036469
1525628541.577354	1525628541.577354	-0.151581	0.980392	0.026733
1525628541.588027	1525628541.588027	-0.150040	0.987854	0.028992
1525628541.597323	1525628541.597323	-0.157516	0.991928	0.038116
1525628541.607214	1525628541.607214	-0.159241	0.986893	0.038849
1525628541.617309	1525628541.617309	-0.154678	0.979736	0.045532
1525628541.627277	1525628541.627277	-0.154373	0.973282	0.048508
1525628541.638250	1525628541.638250	-0.159485	0.974991	0.044128
1525628541.647050	1525628541.647050	-0.164551	0.984146	0.046799
1525628541.657138	1525628541.657138	-0.163574	0.987793	0.040909
1525628541.667142	1525628541.667142	-0.160522	0.982239	0.034927
1525628541.677371	1525628541.677371	-0.157913	0.977081	0.035278
1525628541.687347	1525628541.687347	-0.166428	0.978073	0.042923
1525628541.697068	1525628541.697068	-0.179855	0.981827	0.042191
1525628541.706936	1525628541.706936	-0.182190	0.985229	0.038330
1525628541.717045	1525628541.717045	-0.174118	0.984924	0.034836
1525628541.728428	1525628541.728428	-0.165710	0.985077	0.030380
1525628541.736934	1525628541.736934	-0.156998	0.984726	0.031387
1525628541.746729	1525628541.746729	-0.147507	0.982819	0.029221
1525628541.756974	1525628541.756974	-0.145798	0.983383	0.028534
1525628541.767429	1525628541.767429	-0.147278	0.986404	0.031891
1525628541.777684	1525628541.777684	-0.150803	0.988647	0.038834
1525628541.786742	1525628541.786742	-0.159576	0.987122	0.041489
1525628541.796891	1525628541.796891	-0.167175	0.987183	0.034775
1525628541.806546	1525628541.806546	-0.171127	0.983398	0.026688
1525628541.819088	1525628541.819088	-0.176987	0.976364	0.025238
1525628541.826668	1525628541.826668	-0.181885	0.977783	0.025925
1525628541.836712	1525628541.836712	-0.186127	0.983154	0.031860
1525628541.846646	1525628541.846646	-0.183182	0.979370	0.036804
1525628541.857568	1525628541.857568	-0.173691	0.975021	0.037048
1525628541.866800	1525628541.866800	-0.166611	0.977859	0.036072
1525628541.876679	1525628541.876679	-0.168350	0.983322	0.039734
1525628541.887210	1525628541.887210	-0.172394	0.985214	0.044174
1525628541.899425	1525628541.899425	-0.169891	0.982727	0.041367
1525628541.910703	1525628541.910703	-0.165039	0.981033	0.045258
1525628541.916575	1525628541.916575	-0.163986	0.983917	0.048706
1525628541.926463	1525628541.926463	-0.161407	0.985260	0.039871
1525628541.937002	1525628541.937002	-0.156723	0.982224	0.027924
1525628541.950255	1525628541.950255	-0.155792	0.984055	0.030914
1525628541.956501	1525628541.956501	-0.157959	0.986145	0.030579
1525628541.966571	1525628541.966571	-0.160553	0.984512	0.024658
1525628541.976485	1525628541.976485	-0.164001	0.984222	0.024063
1525628541.989243	1525628541.989243	-0.167679	0.984863	0.021866
1525628542.001624	1525628542.001624	-0.167480	0.984131	0.016891
1525628542.006302	1525628542.006302	-0.165588	0.982803	0.012619
1525628542.016582	1525628542.016582	-0.162384	0.985306	0.011734
1525628542.026211	1525628542.026211	-0.157761	0.987671	0.014374
1525628542.041731	1525628542.041731	-0.156555	0.989670	0.018799
1525628542.046224	1525628542.046224	-0.159622	0.990753	0.022400
1525628542.056314	1525628542.056314	-0.162460	0.987686	0.023529
1525628542.066196	1525628542.066196	-0.165283	0.986435	0.017715
1525628542.078462	1525628542.078462	-0.164032	0.986069	0.009018
1525628542.087932	1525628542.087932	-0.161270	0.981537	-0.004135
1525628542.096304	1525628542.096304	-0.162292	0.971115	-0.018097
1525628542.106092	1525628542.106092	-0.166687	0.969971	-0.019348
1525628542.116377	1525628542.116377	-0.168457	0.985336	-0.003464
1525628542.126271	1525628542.126271	-0.170471	0.996323	0.014832
1525628542.136740	1525628542.136740	-0.180756	0.989670	0.021408
1525628542.146009	1525628542.146009	-0.196350	0.976486	0.021286
1525628542.156094	1525628542.156094	-0.200775	0.975571	0.047607
1525628542.166341	1525628542.166341	-0.184479	0.989182	0.119736
1525628542.184246	1525628542.184246	-0.157455	1.021133	0.185547
1525628542.186858	1525628542.186858	-0.146576	1.010330	0.065948
1525628542.196026	1525628542.196026	-0.139282	0.962326	-0.015747
1525628542.205879	1525628542.205879	-0.159195	0.960327	0.014938
1525628542.215946	1525628542.215946	-0.187851	0.971405	0.028320
1525628542.225714	1525628542.225714	-0.197540	0.973953	0.033005
1525628542.235922	1525628542.235922	-0.191757	0.978363	0.042969
1525628542.245793	1525628542.245793	-0.173492	0.984680	0.042709
1525628542.256567	1525628542.256567	-0.147858	0.987137	0.041901
1525628542.266023	1525628542.266023	-0.128418	0.990173	0.038391
1525628542.276438	1525628542.276438	-0.135025	0.983002	0.040085
1525628542.285750	1525628542.285750	-0.160294	0.980759	0.036804
1525628542.296186	1525628542.296186	-0.178864	0.985107	0.023010
1525628542.305667	1525628542.305667	-0.186142	0.985657	0.023193
1525628542.316259	1525628542.316259	-0.182968	0.984390	0.030075
1525628542.325641	1525628542.325641	-0.174469	0.982544	0.031097
1525628542.336704	1525628542.336704	-0.158249	0.973602	0.036285
1525628542.345890	1525628542.345890	-0.137497	0.969711	0.037079
1525628542.355813	1525628542.355813	-0.134384	0.998413	0.037674
1525628542.365702	1525628542.365702	-0.147171	1.011902	0.048615
1525628542.375630	1525628542.375630	-0.170425	0.996262	0.052597
1525628542.385382	1525628542.385382	-0.188705	0.977921	0.048508
1525628542.395754	1525628542.395754	-0.197540	0.969040	0.047012
1525628542.405466	1525628542.405466	-0.199326	0.971252	0.048233
1525628542.415629	1525628542.415629	-0.195541	0.977936	0.046097
1525628542.425426	1525628542.425426	-0.187210	0.982727	0.044006
1525628542.435511	1525628542.435511	-0.173828	0.980545	0.042465
1525628542.445383	1525628542.445383	-0.157120	0.979462	0.040878
1525628542.455468	1525628542.455468	-0.144012	0.987106	0.046906
1525628542.465501	1525628542.465501	-0.138885	0.995392	0.055710
1525628542.475686	1525628542.475686	-0.143051	0.994141	0.051773
1525628542.485330	1525628542.485330	-0.154480	0.986740	0.038834
1525628542.495407	1525628542.495407	-0.169250	0.979538	0.039124
1525628542.505286	1525628542.505286	-0.178879	0.976593	0.040695
1525628542.515370	1525628542.515370	-0.180298	0.978180	0.033722
1525628542.525245	1525628542.525245	-0.172180	0.981674	0.028915
1525628542.535331	1525628542.535331	-0.159561	0.985245	0.030380
1525628542.545279	1525628542.545279	-0.147903	0.988556	0.031769
1525628542.555298	1525628542.555298	-0.140945	0.988190	0.037094
1525628542.565345	1525628542.565345	-0.138016	0.987137	0.045212
1525628542.575339	1525628542.575339	-0.140015	0.988129	0.053558
1525628542.585121	1525628542.585121	-0.150467	0.987656	0.057724
1525628542.595204	1525628542.595204	-0.164200	0.986252	0.053360
1525628542.605080	1525628542.605080	-0.176254	0.982956	0.046661
1525628542.615196	1525628542.615196	-0.183731	0.978897	0.040024
1525628542.625038	1525628542.625038	-0.183182	0.979080	0.037354
1525628542.635124	1525628542.635124	-0.175858	0.979996	0.037354
1525628542.645101	1525628542.645101	-0.166229	0.986191	0.040665
1525628542.655080	1525628542.655080	-0.154312	0.990082	0.044250
1525628542.665187	1525628542.665187	-0.145309	0.982910	0.051254
1525628542.674913	1525628542.674913	-0.148453	0.981277	0.049118
1525628542.684917	1525628542.684917	-0.159042	0.986740	0.050598
1525628542.695001	1525628542.695001	-0.168594	0.987015	0.054352
1525628542.704789	1525628542.704789	-0.174652	0.982193	0.050766
1525628542.715012	1525628542.715012	-0.172318	0.978745	0.039932
1525628542.724826	1525628542.724826	-0.165085	0.980133	0.036545
1525628542.734913	1525628542.734913	-0.156311	0.983322	0.039581
1525628542.744785	1525628542.744785	-0.145020	0.987091	0.038101
1525628542.754873	1525628542.754873	-0.139557	0.989182	0.036392
1525628542.764959	1525628542.764959	-0.142731	0.987946	0.038467
1525628542.774829	1525628542.774829	-0.149063	0.987534	0.044739
1525628542.784707	1525628542.784707	-0.160599	0.988358	0.047150
1525628542.794821	1525628542.794821	-0.167023	0.987396	0.047211
1525628542.804661	1525628542.804661	-0.169067	0.983826	0.050735
1525628542.814808	1525628542.814808	-0.169846	0.980789	0.050156
1525628542.824621	1525628542.824621	-0.171494	0.980743	0.039673
1525628542.834580	1525628542.834580	-0.168030	0.980667	0.031967
1525628542.844577	1525628542.844577	-0.163391	0.982224	0.037140
1525628542.854664	1525628542.854664	-0.161484	0.985275	0.045761
1525628542.864820	1525628542.864820	-0.162262	0.985794	0.044388
1525628542.874618	1525628542.874618	-0.166397	0.984558	0.040649
1525628542.884630	1525628542.884630	-0.166809	0.984055	0.041412
1525628542.894575	1525628542.894575	-0.166000	0.986145	0.046356
1525628542.904453	1525628542.904453	-0.174545	0.969482	0.125168
1525628542.948337	1525628542.948337	-0.166916	0.973648	0.072128
1525628542.950941	1525628542.950941	-0.145782	0.989044	-0.051086
1525628542.951215	1525628542.951215	-0.124817	0.975739	0.015839
1525628542.951337	1525628542.951337	-0.125870	1.002335	0.010422
1525628542.954416	1525628542.954416	-0.144318	1.004120	0.018646
1525628542.964556	1525628542.964556	-0.147766	1.013092	0.051178
1525628542.978245	1525628542.978245	-0.152313	1.001175	0.067459
1525628542.984447	1525628542.984447	-0.178696	0.954681	0.047623
1525628542.994310	1525628542.994310	-0.185959	0.949677	0.038864
1525628543.004585	1525628543.004585	-0.185211	0.976913	0.057800
1525628543.014365	1525628543.014365	-0.185791	0.996414	0.067856
1525628543.024412	1525628543.024412	-0.180679	0.990936	0.045670
1525628543.034426	1525628543.034426	-0.171906	0.977249	0.024658
1525628543.044165	1525628543.044165	-0.161819	0.972992	0.030396
1525628543.054310	1525628543.054310	-0.151352	0.982452	0.038254
1525628543.064338	1525628543.064338	-0.142242	0.996445	0.041229
1525628543.074274	1525628543.074274	-0.136520	0.998016	0.047684
1525628543.084046	1525628543.084046	-0.140732	0.989990	0.049164
1525628543.094221	1525628543.094221	-0.155655	0.982513	0.045837
1525628543.104129	1525628543.104129	-0.174789	0.980179	0.044968
1525628543.114178	1525628543.114178	-0.187042	0.979248	0.043884
1525628543.124056	1525628543.124056	-0.188324	0.980240	0.041290
1525628543.134146	1525628543.134146	-0.177032	0.978485	0.038834
1525628543.144015	1525628543.144015	-0.161087	0.978546	0.032822
1525628543.153979	1525628543.153979	-0.147812	0.985321	0.029099
1525628543.164090	1525628543.164090	-0.141174	0.990234	0.036224
1525628543.174067	1525628543.174067	-0.145065	0.990570	0.043152
1525628543.183973	1525628543.183973	-0.154343	0.987488	0.045013
1525628543.194024	1525628543.194024	-0.163544	0.982285	0.046112
1525628543.203778	1525628543.203778	-0.170105	0.977600	0.047043
1525628543.213981	1525628543.213981	-0.173584	0.978149	0.044769
1525628543.223851	1525628543.223851	-0.171097	0.979721	0.038055
1525628543.233935	1525628543.233935	-0.165100	0.981384	0.035614
1525628543.243804	1525628543.243804	-0.158188	0.981232	0.040375
1525628543.253725	1525628543.253725	-0.151978	0.985092	0.040146
1525628543.263943	1525628543.263943	-0.147705	0.987534	0.037491
1525628543.273737	1525628543.273737	-0.150696	0.989517	0.036087
1525628543.283730	1525628543.283730	-0.157394	0.989700	0.036804
1525628543.293807	1525628543.293807	-0.162247	0.985199	0.041656
1525628543.303695	1525628543.303695	-0.166397	0.983093	0.047073
1525628543.313643	1525628543.313643	-0.167252	0.982819	0.042877
1525628543.323640	1525628543.323640	-0.163254	0.983063	0.041870
1525628543.333730	1525628543.333730	-0.159729	0.984116	0.039886
1525628543.343572	1525628543.343572	-0.157211	0.986084	0.034958
1525628543.353585	1525628543.353585	-0.154907	0.986282	0.035538
1525628543.363693	1525628543.363693	-0.156357	0.983505	0.036331
1525628543.373639	1525628543.373639	-0.161072	0.980835	0.034561
1525628543.383516	1525628543.383516	-0.163803	0.983551	0.036163
1525628543.393789	1525628543.393789	-0.159164	0.984131	0.067535
1525628543.413985	1525628543.413985	-0.132690	0.972534	0.110748
1525628543.414124	1525628543.414124	-0.132980	0.985809	0.039307
1525628543.423375	1525628543.423375	-0.163712	0.983093	0.041245
1525628543.433531	1525628543.433531	-0.195831	0.993256	0.033569
1525628543.443394	1525628543.443394	-0.201996	0.990646	0.023163
1525628543.453488	1525628543.453488	-0.182419	0.981323	0.009552
1525628543.463496	1525628543.463496	-0.158173	0.978012	0.001022
1525628543.473316	1525628543.473316	-0.139847	0.984711	-0.000748
1525628543.483453	1525628543.483453	-0.137100	0.988647	-0.003235
1525628543.493426	1525628543.493426	-0.153641	0.980621	-0.008209
1525628543.503407	1525628543.503407	-0.164230	0.971573	-0.012329
1525628543.513363	1525628543.513363	-0.167099	0.977188	-0.007477
1525628543.523235	1525628543.523235	-0.165527	0.993805	0.011978
1525628543.533416	1525628543.533416	-0.152924	1.006439	0.036209
1525628543.543217	1525628543.543217	-0.133041	1.043015	0.052658
1525628543.553464	1525628543.553464	-0.112930	1.048340	0.096375
1525628543.563331	1525628543.563331	-0.148636	0.937592	0.095734
1525628543.573270	1525628543.573270	-0.176208	0.913208	0.042633
1525628543.583166	1525628543.583166	-0.184372	0.957108	0.035034
1525628543.593162	1525628543.593162	-0.183792	1.011429	0.049957
1525628543.603135	1525628543.603135	-0.175873	1.015533	0.046890
1525628543.613180	1525628543.613180	-0.159882	0.984299	0.037949
1525628543.623042	1525628543.623042	-0.145447	0.961227	0.026337
1525628543.633229	1525628543.633229	-0.135086	0.968307	0.026474
1525628543.643000	1525628543.643000	-0.134354	0.991318	0.033615
1525628543.653091	1525628543.653091	-0.141617	1.001251	0.036697
1525628543.663103	1525628543.663103	-0.152695	0.989609	0.043289
1525628543.673058	1525628543.673058	-0.162537	0.975693	0.046722
1525628543.682836	1525628543.682836	-0.168671	0.975159	0.040283
1525628543.693008	1525628543.693008	-0.170883	0.984238	0.041763
1525628543.702957	1525628543.702957	-0.166519	0.990204	0.048950
1525628543.713096	1525628543.713096	-0.156082	0.988052	0.047180
1525628543.722807	1525628543.722807	-0.146210	0.983215	0.040268
1525628543.733089	1525628543.733089	-0.142609	0.984161	0.038818
1525628543.742799	1525628543.742799	-0.147095	0.988510	0.040237
1525628543.753097	1525628543.753097	-0.157700	0.990280	0.041382
1525628543.762757	1525628543.762757	-0.167419	0.984833	0.041626
1525628543.772934	1525628543.772934	-0.169952	0.978958	0.041901
1525628543.782779	1525628543.782779	-0.166473	0.978531	0.045090
1525628543.792867	1525628543.792867	-0.161530	0.982544	0.045563
1525628543.802568	1525628543.802568	-0.156006	0.982910	0.043076
1525628543.812729	1525628543.812729	-0.155533	0.981644	0.043137
1525628543.822632	1525628543.822632	-0.155914	0.985519	0.043350
1525628543.832784	1525628543.832784	-0.155640	0.992630	0.045044
1525628543.842586	1525628543.842586	-0.154724	0.993256	0.043884
1525628543.853000	1525628543.853000	-0.154327	0.984192	0.042831
1525628543.862678	1525628543.862678	-0.154877	0.981583	0.042801
1525628543.872637	1525628543.872637	-0.157928	0.983871	0.047211
1525628543.882508	1525628543.882508	-0.160202	0.982941	0.046539
1525628543.892461	1525628543.892461	-0.160873	0.978317	0.041168
1525628543.902488	1525628543.902488	-0.157440	0.978577	0.043777
1525628543.912417	1525628543.912417	-0.151276	0.981476	0.044632
1525628543.922297	1525628543.922297	-0.147522	0.986450	0.040100
1525628543.932510	1525628543.932510	-0.146362	0.986115	0.041351
1525628543.942393	1525628543.942393	-0.149399	0.983551	0.048187
1525628543.952551	1525628543.952551	-0.151642	0.986923	0.055328
1525628543.962471	1525628543.962471	-0.155334	0.990051	0.056076
1525628543.972426	1525628543.972426	-0.160736	0.994049	0.044235
1525628543.982300	1525628543.982300	-0.163528	0.992523	0.039734
1525628543.992384	1525628543.992384	-0.163589	0.981384	0.039337
1525628544.002263	1525628544.002263	-0.159073	0.975922	0.037079
1525628544.012340	1525628544.012340	-0.146698	0.981873	0.037567
1525628544.022261	1525628544.022261	-0.138519	0.991272	0.039551
1525628544.032303	1525628544.032303	-0.137024	0.994308	0.042816
1525628544.042174	1525628544.042174	-0.143661	0.988297	0.046936
1525628544.052272	1525628544.052272	-0.140503	0.977310	0.049149
1525628544.062262	1525628544.062262	-0.142395	0.977356	0.054779
1525628544.072200	1525628544.072200	-0.160126	0.991013	0.050949
1525628544.081972	1525628544.081972	-0.152588	0.989166	0.046295
1525628544.092305	1525628544.092305	-0.147430	0.982605	0.038986
1525628544.102047	1525628544.102047	-0.148743	0.983017	0.041367
1525628544.112195	1525628544.112195	-0.150269	0.985550	0.041931
1525628544.122003	1525628544.122003	-0.153336	0.988602	0.040451
1525628544.132296	1525628544.132296	-0.164032	0.987823	0.046692
1525628544.142100	1525628544.142100	-0.178818	0.983917	0.046021
1525628544.152327	1525628544.152327	-0.187927	0.973770	0.052063
1525628544.162078	1525628544.162078	-0.176361	0.975342	0.054230
1525628544.172004	1525628544.172004	-0.151978	0.984253	0.049362
1525628544.181986	1525628544.181986	-0.137772	0.993317	0.039993
1525628544.192286	1525628544.192286	-0.132019	0.995422	0.055252
1525628544.201843	1525628544.201843	-0.140366	0.981445	0.040176
1525628544.235947	1525628544.235947	-0.164291	0.986420	0.013351
1525628544.236674	1525628544.236674	-0.182022	0.990662	0.034653
1525628544.237255	1525628544.237255	-0.166336	0.992722	0.039154
1525628544.242162	1525628544.242162	-0.132736	0.997086	0.036469
1525628544.251897	1525628544.251897	-0.103821	1.012390	0.017807
1525628544.261943	1525628544.261943	-0.101776	1.016830	0.005127
1525628544.271960	1525628544.271960	-0.124405	1.011093	0.003983
1525628544.281762	1525628544.281762	-0.159622	0.997833	0.012939
1525628544.291858	1525628544.291858	-0.195633	0.977493	0.026566
1525628544.301673	1525628544.301673	-0.231339	0.956772	0.042480
1525628544.311807	1525628544.311807	-0.253601	0.949997	0.053375
1525628544.323621	1525628544.323621	-0.255890	0.958328	0.054977
1525628544.331912	1525628544.331912	-0.243546	0.976807	0.058212
1525628544.341605	1525628544.341605	-0.213730	0.998138	0.061249
1525628544.351635	1525628544.351635	-0.170883	1.004196	0.043488
1525628544.361730	1525628544.361730	-0.159225	0.982147	0.020172
1525628544.373474	1525628544.373474	-0.165237	0.942612	0.025116
1525628544.381628	1525628544.381628	-0.153229	0.920517	0.034988
1525628544.391612	1525628544.391612	-0.129211	0.943832	0.021332
1525628544.401386	1525628544.401386	-0.127945	0.982330	-0.002838
1525628544.412238	1525628544.412238	-0.122528	1.000610	-0.002960
1525628544.424460	1525628544.424460	-0.099991	1.013855	-0.010010
1525628544.431608	1525628544.431608	-0.085419	1.025940	-0.015854
1525628544.441543	1525628544.441543	-0.086395	1.025604	-0.018158
1525628544.451504	1525628544.451504	-0.111008	1.005905	-0.017578
1525628544.462862	1525628544.462862	-0.153366	0.988007	-0.002914
1525628544.471541	1525628544.471541	-0.202652	0.983093	0.016174
1525628544.481430	1525628544.481430	-0.243347	0.973770	0.026672
1525628544.491410	1525628544.491410	-0.269272	0.949402	0.036301
1525628544.501264	1525628544.501264	-0.272827	0.935745	0.037750
1525628544.512884	1525628544.512884	-0.251022	0.947464	0.029663
1525628544.521157	1525628544.521157	-0.212616	0.970245	0.027542
1525628544.531229	1525628544.531229	-0.163361	0.991333	0.022415
1525628544.541140	1525628544.541140	-0.116638	1.003601	0.006989
1525628544.551378	1525628544.551378	-0.095627	1.011856	-0.004150
1525628544.563799	1525628544.563799	-0.099442	1.016464	-0.014099
1525628544.571223	1525628544.571223	-0.123520	1.004807	-0.015594
1525628544.581086	1525628544.581086	-0.155457	0.985626	-0.012268
1525628544.591208	1525628544.591208	-0.180222	0.976044	-0.007462
1525628544.602418	1525628544.602418	-0.192734	0.974747	-0.000061
1525628544.611275	1525628544.611275	-0.192657	0.976639	0.009521
1525628544.621021	1525628544.621021	-0.187592	0.972290	0.012390
1525628544.631155	1525628544.631155	-0.180923	0.967026	0.009811
1525628544.640869	1525628544.640869	-0.174576	0.968399	0.007904
1525628544.652538	1525628544.652538	-0.167526	0.974228	0.010788
1525628544.661138	1525628544.661138	-0.162338	0.977554	0.007629
1525628544.671042	1525628544.671042	-0.159485	0.983185	-0.000549
1525628544.680920	1525628544.680920	-0.156540	0.990524	-0.007782
1525628544.690785	1525628544.690785	-0.158539	0.991455	-0.016022
1525628544.703478	1525628544.703478	-0.157669	0.988953	-0.025818
1525628544.711016	1525628544.711016	-0.169189	0.980316	-0.029373
1525628544.720812	1525628544.720812	-0.181091	0.975464	-0.014435
1525628544.731084	1525628544.731084	-0.188828	0.975052	0.008102
