1525628534.808428	1525628534.808428	-0.005614	-0.012757	0.020155
1525628534.814609	1525628534.814609	-0.007593	0.007498	0.011615
1525628534.824652	1525628534.824652	-0.009674	0.018164	0.009460
1525628534.834394	1525628534.834394	-0.006450	0.011754	0.006307
1525628534.844562	1525628534.844562	-0.006492	0.016019	0.010564
1525628534.857000	1525628534.857000	-0.006599	0.020287	0.020141
1525628534.864506	1525628534.864506	-0.006611	0.030947	0.023334
1525628534.874512	1525628534.874512	-0.004456	0.039464	0.023360
1525628534.884439	1525628534.884439	-0.005502	0.047995	0.023347
1525628534.895618	1525628534.895618	-0.011850	0.058679	0.021140
1525628534.904479	1525628534.904479	-0.010759	0.062937	0.020089
1525628534.914397	1525628534.914397	-0.008579	0.050136	0.013730
1525628534.924449	1525628534.924449	-0.003269	0.040521	0.013795
1525628534.934506	1525628534.934506	0.003053	0.029838	0.018131
1525628534.944347	1525628534.944347	0.008168	0.020231	0.034159
1525628534.954566	1525628534.954566	0.006877	0.029838	0.054366
1525628534.964298	1525628534.964298	0.002577	0.058637	0.062827
1525628534.974294	1525628534.974294	-0.000466	0.085291	0.055338
1525628534.989653	1525628534.989653	0.001887	0.078878	0.036209
1525628534.993931	1525628534.993931	0.009508	0.061786	0.020337
1525628535.004321	1525628535.004321	0.012655	0.035127	0.019312
1525628535.014175	1525628535.014175	0.011470	0.008488	0.023556
1525628535.024243	1525628535.024243	0.025363	-0.023549	0.015212
1525628535.034125	1525628535.034125	0.036110	-0.039586	0.005765
1525628535.044107	1525628535.044107	0.038272	-0.038530	0.003662
1525628535.054160	1525628535.054160	0.032928	-0.021453	0.007854
1525628535.064091	1525628535.064091	0.027582	0.005218	0.014174
1525628535.074087	1525628535.074087	0.029672	0.019068	0.020585
1525628535.084022	1525628535.084022	0.030635	0.029726	0.031240
1525628535.094006	1525628535.094006	0.026316	0.040406	0.037573
1525628535.104304	1525628535.104304	0.026323	0.032944	0.035445
1525628535.114208	1525628535.114208	0.028443	0.011618	0.032278
1525628535.123958	1525628535.123958	0.031750	0.007336	0.022740
1525628535.134243	1525628535.134243	0.028740	0.005210	0.006738
1525628535.144224	1525628535.144224	0.027762	0.004145	-0.000725
1525628535.154662	1525628535.154662	0.026672	-0.000113	0.000326
1525628535.164365	1525628535.164365	0.027634	0.005216	0.009917
1525628535.174163	1525628535.174163	0.025449	0.015886	0.016276
1525628535.184180	1525628535.184180	0.020149	0.035094	0.017275
1525628535.194151	1525628535.194151	0.023387	0.044672	0.016250
1525628535.205771	1525628535.205771	0.026585	0.038263	0.015225
1525628535.214146	1525628535.214146	0.024415	0.039339	0.018392
1525628535.224090	1525628535.224090	0.023332	0.048938	0.021571
1525628535.234058	1525628535.234058	0.018040	0.044695	0.017249
1525628535.244741	1525628535.244741	0.012786	0.035121	0.008670
1525628535.259919	1525628535.259919	0.004316	0.035155	0.003245
1525628535.264018	1525628535.264018	-0.003199	0.031991	0.006346
1525628535.275275	1525628535.275275	-0.024750	0.035288	0.024176
1525628535.283648	1525628535.283648	-0.076241	0.089878	0.057604
1525628535.296520	1525628535.296520	-0.139214	0.167957	0.074926
1525628535.303909	1525628535.303909	-0.193362	0.225736	0.064683
1525628535.313788	1525628535.313788	-0.227101	0.255710	0.037660
1525628535.323853	1525628535.323853	-0.243686	0.293069	0.005525
1525628535.334738	1525628535.334738	-0.242298	0.306909	-0.017874
1525628535.343843	1525628535.343843	-0.233696	0.275958	-0.029476
1525628535.353819	1525628535.353819	-0.230537	0.233310	-0.034758
1525628535.363816	1525628535.363816	-0.234872	0.143795	-0.047580
1525628535.373804	1525628535.373804	-0.222049	0.125619	-0.052745
1525628535.383880	1525628535.383880	-0.206168	0.144743	-0.038714
1525628535.393676	1525628535.393676	-0.141488	0.110374	-0.012378
1525628535.403711	1525628535.403711	0.032236	-0.038518	-0.026213
1525628535.413433	1525628535.413433	0.094994	-0.129379	-0.028636
1525628535.423642	1525628535.423642	0.027731	-0.044885	-0.008174
1525628535.433647	1525628535.433647	-0.056503	0.089774	0.014207
1525628535.443602	1525628535.443602	-0.081029	0.120789	0.019228
1525628535.453560	1525628535.453560	-0.044538	0.071595	-0.007997
1525628535.463827	1525628535.463827	0.013573	0.005244	-0.061567
1525628535.473364	1525628535.473364	0.024694	-0.022534	-0.104004
1525628535.483483	1525628535.483483	0.001583	-0.019251	-0.133025
1525628535.493459	1525628535.493459	-0.032209	-0.010593	-0.160047
1525628535.503417	1525628535.503417	-0.054208	0.000145	-0.191183
1525628535.513416	1525628535.513416	-0.065606	0.020433	-0.214739
1525628535.523400	1525628535.523400	-0.095260	0.050396	-0.226811
1525628535.533351	1525628535.533351	-0.147306	0.100706	-0.235964
1525628535.543825	1525628535.543825	-0.203469	0.143567	-0.259004
1525628535.579709	1525628535.579709	-0.241299	0.150102	-0.305234
1525628535.579784	1525628535.579784	-0.251370	0.102157	-0.363895
1525628535.579983	1525628535.579983	-0.253987	0.027533	-0.426722
1525628535.583273	1525628535.583273	-0.241808	-0.014105	-0.471275
1525628535.593351	1525628535.593351	-0.211801	-0.033424	-0.485809
1525628535.602918	1525628535.602918	-0.186350	-0.037790	-0.473789
1525628535.612940	1525628535.612940	-0.174901	-0.021839	-0.447041
1525628535.623059	1525628535.623059	-0.178421	0.017626	-0.413025
1525628535.633255	1525628535.633255	-0.191564	0.084846	-0.371678
1525628535.643315	1525628535.643315	-0.203709	0.135010	-0.328190
1525628535.653163	1525628535.653163	-0.216897	0.153201	-0.293228
1525628535.663174	1525628535.663174	-0.216073	0.150008	-0.274059
1525628535.673139	1525628535.673139	-0.191638	0.129656	-0.269502
1525628535.683100	1525628535.683100	-0.149104	0.083647	-0.266852
1525628535.693104	1525628535.693104	-0.107619	0.034444	-0.266343
1525628535.703213	1525628535.703213	-0.081108	0.006624	-0.258567
1525628535.713077	1525628535.713077	-0.080039	-0.002974	-0.260682
1525628535.723044	1525628535.723044	-0.091663	-0.010390	-0.271468
1525628535.733026	1525628535.733026	-0.099981	-0.012495	-0.289664
1525628535.743003	1525628535.743003	-0.098633	-0.014643	-0.313063
1525628535.753065	1525628535.753065	-0.080345	-0.027517	-0.327740
1525628535.762840	1525628535.762840	-0.064212	-0.032919	-0.339251
1525628535.772942	1525628535.772942	-0.047179	-0.037254	-0.336913
1525628535.782924	1525628535.782924	-0.026036	-0.068248	-0.327075
1525628535.792933	1525628535.792933	-0.001798	-0.104580	-0.309747
1525628535.802796	1525628535.802796	0.028821	-0.133478	-0.289149
1525628535.812865	1525628535.812865	0.071246	-0.124056	-0.266279
1525628535.822834	1525628535.822834	0.108395	-0.075175	-0.240281
1525628535.832980	1525628535.832980	0.128405	-0.023021	-0.208107
1525628535.842799	1525628535.842799	0.121605	-0.010187	-0.173067
1525628535.852803	1525628535.852803	0.090297	-0.016436	-0.144712
1525628535.862758	1525628535.862758	0.068690	-0.040850	-0.127946
1525628535.872730	1525628535.872730	0.089894	-0.099560	-0.128749
1525628535.882714	1525628535.882714	0.137860	-0.179705	-0.140932
1525628535.892692	1525628535.892692	0.166793	-0.233128	-0.161864
1525628535.902750	1525628535.902750	0.152291	-0.210698	-0.192908
1525628535.912647	1525628535.912647	0.128155	-0.154117	-0.214493
1525628535.922506	1525628535.922506	0.121741	-0.112519	-0.204993
1525628535.932561	1525628535.932561	0.124512	-0.080538	-0.163450
1525628535.942462	1525628535.942462	0.121731	-0.031471	-0.100689
1525628535.952597	1525628535.952597	0.108331	0.016574	-0.042314
1525628535.962548	1525628535.962548	0.068568	0.083905	-0.005550
1525628535.972526	1525628535.972526	0.013151	0.128906	-0.001972
1525628535.982507	1525628535.982507	-0.019643	0.131167	-0.024725
1525628535.992484	1525628535.992484	-0.013904	0.078898	-0.068291
1525628536.002457	1525628536.002457	0.005800	0.012710	-0.122331
1525628536.012321	1525628536.012321	0.019057	-0.040658	-0.170063
1525628536.022418	1525628536.022418	-0.007212	-0.061879	-0.207636
1525628536.032387	1525628536.032387	-0.042064	-0.029767	-0.230415
1525628536.042378	1525628536.042378	-0.030244	0.035200	-0.223886
1525628536.052438	1525628536.052438	-0.026343	0.082096	-0.184459
1525628536.062337	1525628536.062337	-0.054752	0.132339	-0.119882
1525628536.072320	1525628536.072320	-0.086193	0.224159	-0.060665
1525628536.082208	1525628536.082208	-0.078415	0.271053	0.010741
1525628536.092280	1525628536.092280	-0.048834	0.145201	0.096255
1525628536.102383	1525628536.102383	-0.021507	-0.039263	0.179615
1525628536.112268	1525628536.112268	0.028803	-0.117255	0.237708
1525628536.122183	1525628536.122183	0.065165	-0.118478	0.230702
1525628536.132255	1525628536.132255	0.106699	-0.092043	0.155640
1525628536.142585	1525628536.142585	0.152709	-0.065635	0.063603
1525628536.152168	1525628536.152168	0.167158	-0.063585	0.016948
1525628536.162103	1525628536.162103	0.136000	-0.057050	0.035725
1525628536.172120	1525628536.172120	0.116274	-0.051617	0.079122
1525628536.182176	1525628536.182176	0.121268	-0.078274	0.101535
1525628536.192072	1525628536.192072	0.114057	-0.105966	0.074839
1525628536.202290	1525628536.202290	0.096474	-0.098450	0.030985
1525628536.212024	1525628536.212024	0.067139	-0.061039	-0.005563
1525628536.222002	1525628536.222002	0.020717	0.011621	-0.033806
1525628536.234418	1525628536.234418	-0.048131	0.059860	-0.065516
1525628536.241852	1525628536.241852	-0.108290	0.096333	-0.112021
1525628536.252203	1525628536.252203	-0.154471	0.082644	-0.177511
1525628536.261926	1525628536.261926	-0.165527	0.041096	-0.241507
1525628536.271977	1525628536.271977	-0.135899	0.051599	-0.306070
1525628536.281971	1525628536.281971	-0.088012	0.064152	-0.379990
1525628536.291856	1525628536.291856	-0.047587	0.015980	-0.466772
1525628536.302084	1525628536.302084	-0.033257	-0.050184	-0.517684
1525628536.311808	1525628536.311808	-0.054931	-0.049014	-0.490275
1525628536.321803	1525628536.321803	-0.100875	-0.012536	-0.390789
1525628536.332393	1525628536.332393	-0.135421	0.008982	-0.266682
1525628536.342122	1525628536.342122	-0.137444	-0.008029	-0.192201
1525628536.352249	1525628536.352249	-0.128013	-0.029381	-0.182506
1525628536.361848	1525628536.361848	-0.126535	-0.036863	-0.217611
1525628536.371980	1525628536.371980	-0.139925	-0.075196	-0.264606
1525628536.381765	1525628536.381765	-0.146158	-0.143394	-0.292353
1525628536.391990	1525628536.391990	-0.106638	-0.208584	-0.308898
1525628536.401505	1525628536.401505	-0.063968	-0.315355	-0.329660
1525628536.411689	1525628536.411689	-0.053384	-0.391076	-0.338043
1525628536.421579	1525628536.421579	-0.052501	-0.407062	-0.326324
1525628536.431656	1525628536.431656	-0.050953	-0.427299	-0.282665
1525628536.441682	1525628536.441682	-0.062300	-0.421897	-0.226393
1525628536.451525	1525628536.451525	-0.084136	-0.375952	-0.176637
1525628536.461639	1525628536.461639	-0.125854	-0.341662	-0.161183
1525628536.471403	1525628536.471403	-0.165113	-0.318053	-0.174436
1525628536.481461	1525628536.481461	-0.176251	-0.277523	-0.215019
1525628536.491439	1525628536.491439	-0.187316	-0.286028	-0.271565
1525628536.501422	1525628536.501422	-0.182277	-0.290342	-0.335365
1525628536.511397	1525628536.511397	-0.161342	-0.311773	-0.393648
1525628536.521381	1525628536.521381	-0.148227	-0.333158	-0.423289
1525628536.531306	1525628536.531306	-0.165377	-0.318160	-0.413920
1525628536.541477	1525628536.541477	-0.195556	-0.283911	-0.382359
1525628536.551317	1525628536.551317	-0.209747	-0.250796	-0.349539
1525628536.561176	1525628536.561176	-0.209939	-0.233734	-0.330383
1525628536.571347	1525628536.571347	-0.215327	-0.202798	-0.319806
1525628536.581268	1525628536.581268	-0.222770	-0.171856	-0.315641
1525628536.591312	1525628536.591312	-0.214189	-0.148444	-0.314472
1525628536.601214	1525628536.601214	-0.198078	-0.120803	-0.317469
1525628536.611329	1525628536.611329	-0.206583	-0.103713	-0.316510
1525628536.621174	1525628536.621174	-0.238562	-0.076931	-0.313708
1525628536.631265	1525628536.631265	-0.255573	-0.058741	-0.314981
1525628536.642281	1525628536.642281	-0.260856	-0.074709	-0.322496
1525628536.651113	1525628536.651113	-0.266899	-0.067235	-0.350244
1525628536.661227	1525628536.661227	-0.267384	-0.053397	-0.394953
1525628536.671068	1525628536.671068	-0.269951	-0.019300	-0.439688
1525628536.681221	1525628536.681221	-0.280141	0.046811	-0.465360
1525628536.690901	1525628536.690901	-0.287389	0.108657	-0.470772
1525628536.701008	1525628536.701008	-0.302596	0.125786	-0.445414
1525628536.711154	1525628536.711154	-0.313787	0.125852	-0.402976
1525628536.721094	1525628536.721094	-0.320621	0.130161	-0.366872
1525628536.731149	1525628536.731149	-0.334659	0.135556	-0.352143
1525628536.741094	1525628536.741094	-0.351474	0.169727	-0.366186
1525628536.751216	1525628536.751216	-0.363736	0.224120	-0.399333
1525628536.761051	1525628536.761051	-0.373694	0.299816	-0.442031
1525628536.770888	1525628536.770888	-0.384728	0.392571	-0.480486
1525628536.781050	1525628536.781050	-0.407793	0.471531	-0.497800
1525628536.791004	1525628536.791004	-0.447264	0.478094	-0.497219
1525628536.800829	1525628536.800829	-0.478664	0.351401	-0.485891
1525628536.810943	1525628536.810943	-0.448286	0.131716	-0.484449
1525628536.820788	1525628536.820788	-0.376039	-0.113738	-0.509102
1525628536.832504	1525628536.832504	-0.340590	-0.272717	-0.560817
1525628536.840896	1525628536.840896	-0.365434	-0.313144	-0.631368
1525628536.850604	1525628536.850604	-0.392263	-0.272559	-0.697687
1525628536.860846	1525628536.860846	-0.390616	-0.218226	-0.733857
1525628536.870683	1525628536.870683	-0.381985	-0.163905	-0.730560
1525628536.880919	1525628536.880919	-0.403827	-0.136080	-0.683996
1525628536.890783	1525628536.890783	-0.451745	-0.134775	-0.604755
1525628536.900623	1525628536.900623	-0.461334	-0.185859	-0.529302
1525628536.910738	1525628536.910738	-0.445001	-0.313810	-0.495039
1525628536.920579	1525628536.920579	-0.429004	-0.431128	-0.518255
1525628536.930617	1525628536.930617	-0.420895	-0.503667	-0.585208
1525628536.940675	1525628536.940675	-0.407052	-0.504830	-0.670188
1525628536.950519	1525628536.950519	-0.409311	-0.478207	-0.741528
1525628536.960636	1525628536.960636	-0.447364	-0.440752	-0.763282
1525628536.970470	1525628536.970470	-0.487063	-0.389412	-0.735031
1525628536.980851	1525628536.980851	-0.505778	-0.380784	-0.686300
1525628536.990571	1525628536.990571	-0.529764	-0.398784	-0.648276
1525628537.000393	1525628537.000393	-0.561905	-0.374126	-0.632704
1525628537.010268	1525628537.010268	-0.618043	-0.305685	-0.652552
1525628537.020372	1525628537.020372	-0.688820	-0.196688	-0.688545
1525628537.030484	1525628537.030484	-0.744542	-0.029134	-0.722226
1525628537.041135	1525628537.041135	-0.780224	0.103168	-0.743954
1525628537.050312	1525628537.050312	-0.814459	0.075603	-0.742243
1525628537.060683	1525628537.060683	-0.821470	-0.017079	-0.711460
1525628537.070276	1525628537.070276	-0.794084	-0.074741	-0.694093
1525628537.080856	1525628537.080856	-0.783914	-0.082266	-0.741865
1525628537.090364	1525628537.090364	-0.807679	-0.040662	-0.883716
1525628537.100502	1525628537.100502	-0.843415	0.036137	-1.086384
1525628537.110184	1525628537.110184	-0.859918	0.113919	-1.290945
1525628537.120405	1525628537.120405	-0.875897	0.157610	-1.458246
1525628537.130274	1525628537.130274	-0.890236	0.186390	-1.588274
1525628537.140199	1525628537.140199	-0.887837	0.270537	-1.679783
1525628537.150102	1525628537.150102	-0.903815	0.378222	-1.747036
1525628537.160262	1525628537.160262	-0.981464	0.522401	-1.824624
1525628537.169935	1525628537.169935	-1.129942	0.739339	-1.941397
1525628537.180033	1525628537.180033	-1.311824	1.041664	-2.101156
1525628537.190151	1525628537.190151	-1.449517	1.376828	-2.290178
1525628537.200078	1525628537.200078	-1.484916	1.661465	-2.477947
1525628537.210112	1525628537.210112	-1.402669	1.793245	-2.545064
1525628537.220272	1525628537.220272	-1.398654	1.575910	-2.307656
1525628537.230095	1525628537.230095	-1.297835	1.485134	-1.759340
1525628537.240081	1525628537.240081	-1.015957	1.611084	-1.052354
1525628537.249923	1525628537.249923	-0.692116	1.515174	-0.332077
1525628537.259796	1525628537.259796	-0.525203	1.029812	0.314981
1525628537.269889	1525628537.269889	-0.538799	0.480126	0.789535
1525628537.279996	1525628537.279996	-0.606497	0.075504	1.006913
1525628537.289978	1525628537.289978	-0.580818	-0.202810	0.944439
1525628537.299959	1525628537.299959	-0.416235	-0.509511	0.686758
1525628537.309822	1525628537.309822	-0.151384	-0.833693	0.428175
1525628537.319739	1525628537.319739	0.133729	-1.054489	0.365679
1525628537.329773	1525628537.329773	0.374254	-1.167330	0.567659
1525628537.339876	1525628537.339876	0.555336	-1.202002	1.021163
1525628537.349716	1525628537.349716	0.682358	-1.172425	1.632594
1525628537.359916	1525628537.359916	0.781674	-1.067052	2.256455
1525628537.369596	1525628537.369596	0.854693	-0.901930	2.774621
1525628537.379790	1525628537.379790	0.917229	-0.685684	3.113846
1525628537.390534	1525628537.390534	0.990381	-0.451440	3.287160
1525628537.399629	1525628537.399629	1.093618	-0.264269	3.346956
1525628537.409563	1525628537.409563	1.221514	-0.200853	3.371935
1525628537.419663	1525628537.419663	1.369319	-0.282471	3.397161
1525628537.429681	1525628537.429681	1.548814	-0.448419	3.431292
1525628537.439667	1525628537.439667	1.746396	-0.624035	3.467774
1525628537.450357	1525628537.450357	1.925943	-0.753744	3.505098
1525628537.459625	1525628537.459625	2.048064	-0.793680	3.544910
1525628537.469505	1525628537.469505	2.097798	-0.758701	3.585963
1525628537.479572	1525628537.479572	2.103950	-0.691566	3.620095
1525628537.489442	1525628537.489442	2.109169	-0.632959	3.641444
1525628537.499403	1525628537.499403	2.122112	-0.597844	3.637344
1525628537.509489	1525628537.509489	2.137422	-0.589395	3.608794
1525628537.519438	1525628537.519438	2.123939	-0.591484	3.576698
1525628537.529494	1525628537.529494	2.061312	-0.589098	3.550387
1525628537.539395	1525628537.539395	1.968975	-0.553549	3.517326
1525628537.549300	1525628537.549300	1.882388	-0.492458	3.455597
1525628537.559753	1525628537.559753	1.806817	-0.422899	3.367393
1525628537.569880	1525628537.569880	1.735721	-0.327784	3.267535
1525628537.579422	1525628537.579422	1.679649	-0.192233	3.168924
1525628537.589351	1525628537.589351	1.618246	-0.091833	3.062798
1525628537.599197	1525628537.599197	1.535664	-0.069161	2.927678
1525628537.609388	1525628537.609388	1.433531	-0.066684	2.729522
1525628537.619343	1525628537.619343	1.305631	-0.036418	2.462932
1525628537.629318	1525628537.629318	1.161242	0.028007	2.155693
1525628537.639299	1525628537.639299	1.026542	0.106243	1.844314
1525628537.649294	1525628537.649294	0.898081	0.124769	1.534078
1525628537.659255	1525628537.659255	0.773652	0.096386	1.233473
1525628537.669451	1525628537.669451	0.663005	0.090332	0.944743
1525628537.679332	1525628537.679332	0.543827	0.106698	0.660165
1525628537.689195	1525628537.689195	0.403477	0.147663	0.366813
1525628537.699170	1525628537.699170	0.255814	0.239818	0.071241
1525628537.709283	1525628537.709283	0.094231	0.385328	-0.209602
1525628537.719351	1525628537.719351	-0.069836	0.562839	-0.455353
1525628537.729719	1525628537.729719	-0.241077	0.734014	-0.639458
1525628537.739095	1525628537.739095	-0.421641	0.850895	-0.770457
1525628537.749583	1525628537.749583	-0.571327	0.959121	-0.897886
1525628537.759030	1525628537.759030	-0.612998	1.166008	-1.025061
1525628537.769603	1525628537.769603	-0.411977	1.668207	-1.043904
1525628537.778901	1525628537.778901	0.290125	2.811111	-0.723494
1525628537.789441	1525628537.789441	0.774697	3.294385	0.146677
1525628537.799251	1525628537.799251	0.608482	2.716881	1.314392
1525628537.809351	1525628537.809351	-0.077030	1.646679	1.657279
1525628537.819216	1525628537.819216	-0.520401	0.648490	0.889805
1525628537.829016	1525628537.829016	-0.624394	-0.337637	-0.663272
1525628537.838886	1525628537.838886	-0.431533	-0.898633	-2.060528
1525628537.848818	1525628537.848818	-0.243346	-0.896483	-2.613821
1525628537.858855	1525628537.858855	-0.128535	-0.370359	-2.384660
1525628537.869093	1525628537.869093	0.049922	0.121634	-1.609768
1525628537.878808	1525628537.878808	0.256622	0.035884	-0.732334
1525628537.888781	1525628537.888781	0.379241	-0.505840	-0.226312
1525628537.898772	1525628537.898772	0.316127	-0.958537	-0.218555
1525628537.908727	1525628537.908727	0.073864	-0.788183	-0.528059
1525628537.918988	1525628537.918988	-0.209470	-0.111408	-0.865754
1525628537.928702	1525628537.928702	-0.362495	0.602193	-1.032623
1525628537.938554	1525628537.938554	-0.338456	0.985797	-1.000410
1525628537.948672	1525628537.948672	-0.180216	0.906313	-0.868620
1525628537.958632	1525628537.958632	-0.036583	0.432534	-0.757220
1525628537.968928	1525628537.968928	-0.017027	-0.082316	-0.716519
1525628537.978920	1525628537.978920	-0.073846	-0.364530	-0.752329
1525628537.988579	1525628537.988579	-0.116664	-0.480566	-0.851835
1525628537.998562	1525628537.998562	-0.066182	-0.539456	-0.977874
1525628538.008373	1525628538.008373	0.071563	-0.597643	-1.084752
1525628538.018355	1525628538.018355	0.210015	-0.570547	-1.144793
1525628538.028330	1525628538.028330	0.236136	-0.363891	-1.144479
1525628538.038308	1525628538.038308	0.121917	-0.034039	-1.073510
1525628538.048292	1525628538.048292	-0.068621	0.328134	-0.950257
1525628538.058275	1525628538.058275	-0.227823	0.563357	-0.797880
1525628538.068252	1525628538.068252	-0.262323	0.526288	-0.602459
1525628538.078228	1525628538.078228	-0.203280	0.316158	-0.413339
1525628538.088210	1525628538.088210	-0.160460	0.115658	-0.291472
1525628538.098024	1525628538.098024	-0.187497	0.000669	-0.285413
1525628538.108172	1525628538.108172	-0.250278	-0.018296	-0.390487
1525628538.118149	1525628538.118149	-0.276958	-0.008668	-0.562176
1525628538.128205	1525628538.128205	-0.251737	-0.075991	-0.718326
1525628538.138104	1525628538.138104	-0.213618	-0.166783	-0.799812
1525628538.148041	1525628538.148041	-0.196663	-0.218014	-0.800668
1525628538.158063	1525628538.158063	-0.213396	-0.191269	-0.735948
1525628538.168044	1525628538.168044	-0.244170	-0.129283	-0.650113
1525628538.178020	1525628538.178020	-0.261057	-0.059895	-0.564108
1525628538.188002	1525628538.188002	-0.262847	-0.015093	-0.496013
1525628538.197998	1525628538.197998	-0.254826	-0.006581	-0.452276
1525628538.208051	1525628538.208051	-0.231619	-0.013065	-0.431769
1525628538.217939	1525628538.217939	-0.209261	-0.036608	-0.432559
1525628538.227917	1525628538.227917	-0.192009	-0.047347	-0.449378
1525628538.237895	1525628538.237895	-0.175768	-0.035700	-0.466209
1525628538.247945	1525628538.247945	-0.161736	-0.017645	-0.475617
1525628538.258826	1525628538.258826	-0.151151	-0.019818	-0.469102
1525628538.267802	1525628538.267802	-0.153781	-0.041107	-0.432945
1525628538.277816	1525628538.277816	-0.155670	-0.082639	-0.374427
1525628538.287870	1525628538.287870	-0.152245	-0.138050	-0.316908
1525628538.297814	1525628538.297814	-0.158036	-0.179579	-0.288240
1525628538.307749	1525628538.307749	-0.165201	-0.167835	-0.310680
1525628538.317761	1525628538.317761	-0.176181	-0.142234	-0.367226
1525628538.327737	1525628538.327737	-0.181832	-0.124117	-0.424771
1525628538.337717	1525628538.337717	-0.191089	-0.116629	-0.451493
1525628538.347756	1525628538.347756	-0.195275	-0.104890	-0.455802
1525628538.357675	1525628538.357675	-0.197442	-0.092088	-0.450507
1525628538.367658	1525628538.367658	-0.199500	-0.051578	-0.448405
1525628538.377643	1525628538.377643	-0.202347	0.032628	-0.460150
1525628538.387917	1525628538.387917	-0.217932	0.137137	-0.473116
1525628538.397666	1525628538.397666	-0.232440	0.251235	-0.485005
1525628538.407576	1525628538.407576	-0.228847	0.366323	-0.493480
1525628538.417435	1525628538.417435	-0.241320	0.482548	-0.496829
1525628538.427533	1525628538.427533	-0.295427	0.593621	-0.499623
1525628538.437513	1525628538.437513	-0.361175	0.721794	-0.506817
1525628538.447610	1525628538.447610	-0.397045	0.789083	-0.526416
1525628538.458004	1525628538.458004	-0.404215	0.751796	-0.558434
1525628538.467451	1525628538.467451	-0.390002	0.680308	-0.600832
1525628538.477982	1525628538.477982	-0.386208	0.609920	-0.663581
1525628538.487418	1525628538.487418	-0.397225	0.557711	-0.732897
1525628538.497875	1525628538.497875	-0.418903	0.530063	-0.798087
1525628538.507368	1525628538.507368	-0.448288	0.505654	-0.843149
1525628538.517645	1525628538.517645	-0.472628	0.490828	-0.862605
1525628538.527326	1525628538.527326	-0.487547	0.482363	-0.865980
1525628538.537526	1525628538.537526	-0.496234	0.457890	-0.858635
1525628538.547278	1525628538.547278	-0.506059	0.420633	-0.848111
1525628538.557154	1525628538.557154	-0.520217	0.352485	-0.838702
1525628538.567412	1525628538.567412	-0.524753	0.244858	-0.838755
1525628538.577170	1525628538.577170	-0.491887	0.120015	-0.846864
1525628538.587200	1525628538.587200	-0.444965	-0.018751	-0.872894
1525628538.597137	1525628538.597137	-0.422384	-0.120114	-0.907739
1525628538.607160	1525628538.607160	-0.418812	-0.164911	-0.947075
1525628538.617140	1525628538.617140	-0.418451	-0.192639	-0.982194
1525628538.627146	1525628538.627146	-0.415074	-0.221440	-1.002374
1525628538.637097	1525628538.637097	-0.402294	-0.240679	-1.004346
1525628538.647073	1525628538.647073	-0.363025	-0.270684	-0.993221
1525628538.657052	1525628538.657052	-0.331397	-0.359275	-0.980060
1525628538.667037	1525628538.667037	-0.394043	-0.483692	-0.943569
1525628538.676891	1525628538.676891	-0.437869	-0.454723	-0.931334
1525628538.686988	1525628538.686988	-0.441713	-0.504820	-0.976083
1525628538.696971	1525628538.696971	-0.445356	-0.594363	-1.045308
1525628538.706825	1525628538.706825	-0.467154	-0.623072	-1.100920
1525628538.716932	1525628538.716932	-0.495588	-0.657074	-1.138520
1525628538.726911	1525628538.726911	-0.528535	-0.711300	-1.160208
1525628538.736847	1525628538.736847	-0.580845	-0.698286	-1.155526
1525628538.746819	1525628538.746819	-0.638067	-0.506194	-1.148782
1525628538.756849	1525628538.756849	-0.731546	-0.448254	-1.171214
1525628538.766826	1525628538.766826	-0.830173	-0.512838	-1.146874
1525628538.776814	1525628538.776814	-0.880352	-0.297311	-1.100662
1525628538.791085	1525628538.791085	-0.939935	-0.154232	-1.085430
1525628538.796777	1525628538.796777	-1.020388	-0.043060	-1.115155
1525628538.806761	1525628538.806761	-1.044227	-0.008875	-1.165473
1525628538.816722	1525628538.816722	-0.996999	-0.239322	-1.235136
1525628538.826701	1525628538.826701	-0.899666	-0.589361	-1.325469
1525628538.836697	1525628538.836697	-0.770859	-0.851083	-1.440965
1525628538.846690	1525628538.846690	-0.642508	-1.045674	-1.592657
1525628538.856667	1525628538.856667	-0.529565	-1.237023	-1.792434
1525628538.866528	1525628538.866528	-0.460919	-1.437796	-2.036390
1525628538.876629	1525628538.876629	-0.402976	-1.558579	-2.261322
1525628538.886647	1525628538.886647	-0.382024	-1.610962	-2.414332
1525628538.896670	1525628538.896670	-0.424254	-1.595915	-2.535121
1525628538.906562	1525628538.906562	-0.591770	-1.521734	-2.694698
1525628538.916544	1525628538.916544	-0.911980	-1.361706	-3.001961
1525628538.926520	1525628538.926520	-1.154800	-0.822642	-3.451979
1525628538.936599	1525628538.936599	-1.052011	0.253278	-3.696621
1525628538.946482	1525628538.946482	-0.788441	1.030385	-3.278321
1525628538.956456	1525628538.956456	-0.397187	1.124069	-2.186828
1525628538.966442	1525628538.966442	-0.059270	0.646849	-0.777727
1525628538.976700	1525628538.976700	0.074623	-0.030992	0.521385
1525628538.987030	1525628538.987030	0.070253	-0.531477	1.471819
1525628538.996378	1525628538.996378	0.028883	-0.673907	1.944957
1525628539.006409	1525628539.006409	0.001608	-0.604564	1.833928
1525628539.016339	1525628539.016339	0.050854	-0.618909	1.208688
1525628539.026189	1525628539.026189	0.223195	-0.880054	0.414664
1525628539.036505	1525628539.036505	0.501594	-1.310989	-0.100261
1525628539.046272	1525628539.046272	0.835165	-1.711040	-0.148322
1525628539.056333	1525628539.056333	1.145905	-2.046869	0.199277
1525628539.066994	1525628539.066994	1.435856	-2.289778	0.781842
1525628539.076212	1525628539.076212	1.680573	-2.441878	1.417069
1525628539.086489	1525628539.086489	1.853560	-2.404011	1.936462
1525628539.096168	1525628539.096168	1.945065	-2.085567	2.283489
1525628539.106143	1525628539.106143	1.929075	-1.520531	2.484440
1525628539.116129	1525628539.116129	1.819397	-0.841091	2.604414
1525628539.126106	1525628539.126106	1.647999	-0.228547	2.697027
1525628539.136387	1525628539.136387	1.492249	0.262430	2.794092
1525628539.146068	1525628539.146068	1.406653	0.602826	2.882441
1525628539.156015	1525628539.156015	1.389591	0.804355	2.922672
1525628539.166592	1525628539.166592	1.409972	0.890602	2.931433
1525628539.176001	1525628539.176001	1.435501	0.886233	2.937068
1525628539.186630	1525628539.186630	1.408672	0.859705	2.944191
1525628539.195955	1525628539.195955	1.290498	0.912427	2.933164
1525628539.206584	1525628539.206584	1.130206	1.026064	2.888626
1525628539.216027	1525628539.216027	1.013154	1.125640	2.795656
1525628539.226208	1525628539.226208	0.963563	1.136450	2.665198
1525628539.236287	1525628539.236287	0.956424	1.073541	2.538454
1525628539.246005	1525628539.246005	0.955287	0.965853	2.435200
1525628539.255836	1525628539.255836	0.925328	0.872144	2.335851
1525628539.265880	1525628539.265880	0.864638	0.794547	2.222289
1525628539.276503	1525628539.276503	0.785158	0.725542	2.076566
1525628539.286274	1525628539.286274	0.701779	0.657606	1.900994
1525628539.295744	1525628539.295744	0.619713	0.615237	1.710535
1525628539.305656	1525628539.305656	0.547130	0.598414	1.535093
1525628539.315798	1525628539.315798	0.482709	0.573042	1.388489
1525628539.325560	1525628539.325560	0.407299	0.529609	1.264102
1525628539.335767	1525628539.335767	0.336963	0.533063	1.170642
1525628539.345524	1525628539.345524	0.270836	0.581270	1.091070
1525628539.355624	1525628539.355624	0.206980	0.658241	1.006202
1525628539.365706	1525628539.365706	0.145292	0.749059	0.921360
1525628539.375548	1525628539.375548	0.085819	0.835601	0.829095
1525628539.385928	1525628539.385928	0.043547	0.927394	0.727461
1525628539.395574	1525628539.395574	0.010909	1.011685	0.621688
1525628539.405554	1525628539.405554	-0.022873	1.049083	0.512709
1525628539.415608	1525628539.415608	-0.066452	1.044959	0.411062
1525628539.425514	1525628539.425514	-0.100513	1.033337	0.314854
1525628539.435493	1525628539.435493	-0.113287	1.022692	0.223163
1525628539.445471	1525628539.445471	-0.100665	1.001288	0.146684
1525628539.455449	1525628539.455449	-0.061935	0.989386	0.118420
1525628539.465523	1525628539.465523	0.055104	1.045394	0.157103
1525628539.475408	1525628539.475408	0.188708	1.071505	0.231113
1525628539.485387	1525628539.485387	0.189536	0.956431	0.314146
1525628539.495364	1525628539.495364	0.137845	0.885292	0.425274
1525628539.505417	1525628539.505417	0.072543	0.802475	0.512819
1525628539.515325	1525628539.515325	0.015414	0.427540	0.483394
1525628539.525304	1525628539.525304	0.065639	-0.079020	0.287118
1525628539.535386	1525628539.535386	0.232978	-0.408140	-0.025876
1525628539.545260	1525628539.545260	0.450815	-0.459287	-0.310586
1525628539.555260	1525628539.555260	0.534252	-0.330713	-0.388332
1525628539.565558	1525628539.565558	0.367278	-0.170060	-0.226468
1525628539.575201	1525628539.575201	0.061740	0.101004	0.032683
1525628539.585181	1525628539.585181	-0.135533	0.486669	0.187783
1525628539.595158	1525628539.595158	-0.068467	0.729377	0.163052
1525628539.605136	1525628539.605136	0.147152	0.631421	0.049677
1525628539.615116	1525628539.615116	0.320734	0.352495	0.020942
1525628539.625097	1525628539.625097	0.331879	0.195820	0.124326
1525628539.634953	1525628539.634953	0.216075	0.178251	0.253826
1525628539.645051	1525628539.645051	0.103400	0.157435	0.301409
1525628539.655033	1525628539.655033	0.095422	0.066847	0.237453
1525628539.665090	1525628539.665090	0.171445	-0.064631	0.102149
1525628539.674903	1525628539.674903	0.258031	-0.170569	-0.019190
1525628539.684973	1525628539.684973	0.276739	-0.187723	-0.068986
1525628539.694948	1525628539.694948	0.235984	-0.142774	-0.042877
1525628539.704930	1525628539.704930	0.170150	-0.110490	0.024436
1525628539.714871	1525628539.714871	0.105539	-0.072888	0.080056
1525628539.724886	1525628539.724886	0.078919	0.005035	0.091436
1525628539.734866	1525628539.734866	0.082767	0.065751	0.051035
1525628539.744844	1525628539.744844	0.097435	0.077385	-0.011583
1525628539.754826	1525628539.754826	0.096837	0.092293	-0.046715
1525628539.764837	1525628539.764837	0.078640	0.141404	-0.032038
1525628539.774804	1525628539.774804	0.054759	0.191618	0.011308
1525628539.784762	1525628539.784762	0.030751	0.211992	0.058909
1525628539.794613	1525628539.794613	0.010163	0.220618	0.086331
1525628539.804713	1525628539.804713	-0.010059	0.203647	0.078633
1525628539.814746	1525628539.814746	-0.019378	0.165304	0.047654
1525628539.824755	1525628539.824755	0.002263	0.124697	0.014925
1525628539.834636	1525628539.834636	0.046220	0.070141	-0.013273
1525628539.844634	1525628539.844634	0.089907	0.016662	-0.019124
1525628539.854617	1525628539.854617	0.121494	-0.010104	0.010001
1525628539.864653	1525628539.864653	0.125130	-0.001569	0.063263
1525628539.875559	1525628539.875559	0.106287	0.018789	0.124765
1525628539.884556	1525628539.884556	0.081333	0.050887	0.164905
1525628539.894933	1525628539.894933	0.063215	0.094666	0.172132
1525628539.904513	1525628539.904513	0.043378	0.111788	0.139958
1525628539.914873	1525628539.914873	0.024667	0.089466	0.095027
1525628539.924501	1525628539.924501	0.010151	0.033019	0.049084
1525628539.934732	1525628539.934732	0.030799	-0.024641	0.006764
1525628539.944453	1525628539.944453	0.101455	-0.084641	-0.024301
1525628539.954407	1525628539.954407	0.172839	-0.164883	-0.031940
1525628539.964475	1525628539.964475	0.183242	-0.156390	-0.008397
1525628539.974682	1525628539.974682	0.139313	-0.048541	0.028314
1525628539.984459	1525628539.984459	0.082796	0.061487	0.047843
1525628539.994356	1525628539.994356	0.040466	0.116015	0.030293
1525628540.004337	1525628540.004337	0.014353	0.078798	-0.023243
1525628540.014184	1525628540.014184	0.000056	-0.041612	-0.100048
1525628540.024288	1525628540.024288	0.045650	-0.139897	-0.183571
1525628540.034273	1525628540.034273	0.172221	-0.243852	-0.258654
1525628540.044245	1525628540.044245	0.298273	-0.388290	-0.299682
1525628540.054227	1525628540.054227	0.337316	-0.451329	-0.276851
1525628540.064149	1525628540.064149	0.321532	-0.393672	-0.196155
1525628540.074195	1525628540.074195	0.304343	-0.304019	-0.081417
1525628540.084354	1525628540.084354	0.277281	-0.276138	0.042781
1525628540.094168	1525628540.094168	0.232906	-0.251371	0.185926
1525628540.104073	1525628540.104073	0.157083	-0.196646	0.289304
1525628540.113978	1525628540.113978	0.114380	-0.139971	0.302617
1525628540.124082	1525628540.124082	0.160181	-0.118884	0.226543
1525628540.134062	1525628540.134062	0.237188	-0.178947	0.112536
1525628540.144713	1525628540.144713	0.290078	-0.236753	0.051451
1525628540.154048	1525628540.154048	0.288906	-0.247403	0.057824
1525628540.164000	1525628540.164000	0.245702	-0.234410	0.103062
1525628540.173938	1525628540.173938	0.216476	-0.193766	0.145278
1525628540.184119	1525628540.184119	0.220666	-0.125563	0.165550
1525628540.193933	1525628540.193933	0.218501	-0.064796	0.180422
1525628540.203917	1525628540.203917	0.191622	-0.001786	0.209894
1525628540.213894	1525628540.213894	0.160436	0.082562	0.246762
1525628540.223875	1525628540.223875	0.143278	0.130604	0.263581
1525628540.233856	1525628540.233856	0.145599	0.127389	0.247644
1525628540.243833	1525628540.243833	0.172700	0.147511	0.217108
1525628540.253908	1525628540.253908	0.211619	0.164381	0.179267
1525628540.263743	1525628540.263743	0.219480	0.138752	0.142111
1525628540.273590	1525628540.273590	0.207981	0.129199	0.120684
1525628540.283677	1525628540.283677	0.203801	0.143070	0.116375
1525628540.293723	1525628540.293723	0.191082	0.145253	0.109833
1525628540.303643	1525628540.303643	0.152930	0.137944	0.087015
1525628540.313451	1525628540.313451	0.117129	0.128486	0.046132
1525628540.323394	1525628540.323394	0.115740	0.139124	-0.012425
1525628540.333360	1525628540.333360	0.152780	0.137872	-0.074769
1525628540.343365	1525628540.343365	0.190517	0.076941	-0.119009
1525628540.353337	1525628540.353337	0.193663	0.028964	-0.124291
1525628540.363267	1525628540.363267	0.164345	0.017382	-0.085268
1525628540.373222	1525628540.373222	0.129588	0.042068	-0.030347
1525628540.383223	1525628540.383223	0.102551	0.094426	0.009766
1525628540.393186	1525628540.393186	0.088692	0.134988	0.017046
1525628540.403265	1525628540.403265	0.076140	0.177669	0.005183
1525628540.413126	1525628540.413126	0.073292	0.240556	-0.010819
1525628540.423161	1525628540.423161	0.062980	0.273630	-0.033298
1525628540.432999	1525628540.432999	0.043004	0.266243	-0.059086
1525628540.443034	1525628540.443034	0.043151	0.220403	-0.080370
1525628540.453011	1525628540.453011	0.064525	0.177675	-0.091815
1525628540.463048	1525628540.463048	0.085707	0.146679	-0.085169
1525628540.473033	1525628540.473033	0.091766	0.156259	-0.055293
1525628540.483026	1525628540.483026	0.076313	0.194716	-0.005459
1525628540.492975	1525628540.492975	0.045883	0.211920	0.043129
1525628540.503053	1525628540.503053	0.030423	0.232257	0.089771
1525628540.513042	1525628540.513042	0.021417	0.294135	0.140748
1525628540.523314	1525628540.523314	0.016563	0.373054	0.204548
1525628540.533297	1525628540.533297	0.017411	0.421024	0.232230
1525628540.543270	1525628540.543270	-0.004441	0.448811	0.192581
1525628540.553253	1525628540.553253	-0.031151	0.463809	0.111362
1525628540.563259	1525628540.563259	-0.019508	0.420022	0.023164
1525628540.573209	1525628540.573209	0.025441	0.314301	-0.009278
1525628540.583421	1525628540.583421	0.072725	0.164900	0.020043
1525628540.593195	1525628540.593195	0.106159	0.044337	0.053451
1525628540.603286	1525628540.603286	0.087045	0.023097	0.041510
1525628540.613152	1525628540.613152	0.024918	0.094746	-0.011406
1525628540.623273	1525628540.623273	-0.031606	0.200471	-0.079155
1525628540.633092	1525628540.633092	-0.036145	0.247361	-0.134559
1525628540.643147	1525628540.643147	-0.008089	0.222714	-0.165081
1525628540.653033	1525628540.653033	0.017433	0.142666	-0.174346
1525628540.662939	1525628540.662939	0.029891	0.046694	-0.165676
1525628540.673018	1525628540.673018	0.033765	-0.006603	-0.144340
1525628540.683214	1525628540.683214	0.035580	-0.003401	-0.117709
1525628540.692969	1525628540.692969	0.029079	0.040332	-0.100760
1525628540.703009	1525628540.703009	0.005658	0.086264	-0.095726
1525628540.712920	1525628540.712920	-0.020904	0.151392	-0.091795
1525628540.722776	1525628540.722776	-0.044295	0.225036	-0.083569
1525628540.732911	1525628540.732911	-0.059282	0.262408	-0.072045
1525628540.742855	1525628540.742855	-0.066838	0.268839	-0.063623
1525628540.753060	1525628540.753060	-0.068999	0.252861	-0.064713
1525628540.762835	1525628540.762835	-0.061552	0.202732	-0.073135
1525628540.772833	1525628540.772833	-0.055033	0.155801	-0.092213
1525628540.782738	1525628540.782738	-0.036614	0.101351	-0.126045
1525628540.792757	1525628540.792757	-0.004379	0.046844	-0.155451
1525628540.803016	1525628540.803016	0.026631	0.007272	-0.168908
1525628540.812720	1525628540.812720	0.031832	-0.009800	-0.161393
1525628540.822695	1525628540.822695	0.010307	-0.001174	-0.144627
1525628540.832705	1525628540.832705	-0.006918	0.025552	-0.126744
1525628540.842673	1525628540.842673	-0.018853	0.055455	-0.104539
1525628540.852651	1525628540.852651	-0.023308	0.064008	-0.087564
1525628540.862607	1525628540.862607	-0.022440	0.052287	-0.073717
1525628540.872587	1525628540.872587	-0.020422	0.032030	-0.068370
1525628540.882516	1525628540.882516	-0.013985	0.020277	-0.073612
1525628540.892567	1525628540.892567	0.001036	0.002090	-0.084072
1525628540.902619	1525628540.902619	0.013840	-0.018217	-0.088172
1525628540.912586	1525628540.912586	0.014771	-0.015018	-0.076453
1525628540.922449	1525628540.922449	0.006068	0.006343	-0.058466
1525628540.932551	1525628540.932551	0.000602	0.026623	-0.043632
1525628540.942427	1525628540.942427	-0.006950	0.029856	-0.036274
1525628540.952384	1525628540.952384	-0.004851	0.015991	-0.036248
1525628540.962354	1525628540.962354	-0.003756	0.001063	-0.041556
1525628540.972342	1525628540.972342	-0.004703	-0.008530	-0.053275
1525628540.982415	1525628540.982415	-0.010877	-0.006381	-0.071445
1525628540.992331	1525628540.992331	-0.012726	-0.002120	-0.093819
1525628541.002312	1525628541.002312	-0.005130	-0.003222	-0.104370
1525628541.012284	1525628541.012284	0.001152	-0.029892	-0.100035
1525628541.022265	1525628541.022265	-0.000203	-0.051194	-0.080892
1525628541.032341	1525628541.032341	0.004832	-0.040546	-0.054222
1525628541.042103	1525628541.042103	0.004525	-0.017083	-0.024424
1525628541.052208	1525628541.052208	-0.001164	-0.002123	0.007436
1525628541.062184	1525628541.062184	-0.014199	0.024588	0.031756
1525628541.072552	1525628541.072552	-0.026046	0.053422	0.046512
1525628541.113747	1525628541.113747	0.021011	0.052152	0.037508
1525628541.115314	1525628541.115314	0.075592	-0.020567	0.009440
1525628541.116009	1525628541.116009	0.073685	-0.075995	-0.020384
1525628541.116135	1525628541.116135	0.044103	-0.069484	-0.043097
1525628541.122108	1525628541.122108	0.038913	-0.058808	-0.052740
1525628541.132162	1525628541.132162	0.068564	-0.100497	-0.042797
1525628541.142056	1525628541.142056	0.094768	-0.151754	-0.014802
1525628541.151981	1525628541.151981	0.103986	-0.153911	0.016178
1525628541.161985	1525628541.161985	0.089937	-0.105879	0.040485
1525628541.172247	1525628541.172247	0.071792	-0.056770	0.050905
1525628541.181924	1525628541.181924	0.066373	-0.038624	0.061481
1525628541.191947	1525628541.191947	0.089628	-0.062164	0.074539
1525628541.202347	1525628541.202347	0.121293	-0.110252	0.093022
1525628541.211917	1525628541.211917	0.131665	-0.140130	0.111244
1525628541.221901	1525628541.221901	0.110336	-0.120854	0.114175
1525628541.231942	1525628541.231942	0.078661	-0.082359	0.094628
1525628541.241872	1525628541.241872	0.072644	-0.074886	0.064752
1525628541.253088	1525628541.253088	0.099511	-0.132566	0.037409
1525628541.261841	1525628541.261841	0.125060	-0.201957	0.028145
1525628541.271799	1525628541.271799	0.123966	-0.217940	0.027068
1525628541.281800	1525628541.281800	0.099587	-0.191194	0.019318
1525628541.292209	1525628541.292209	0.066750	-0.159086	0.006143
1525628541.304133	1525628541.304133	0.065974	-0.142039	-0.014090
1525628541.311789	1525628541.311789	0.081968	-0.155963	-0.016022
1525628541.321692	1525628541.321692	0.082625	-0.163413	0.015917
1525628541.331680	1525628541.331680	0.067197	-0.140945	0.060430
1525628541.342828	1525628541.342828	0.041501	-0.083274	0.079273
1525628541.352147	1525628541.352147	0.013147	-0.038402	0.051251
1525628541.361495	1525628541.361495	0.008577	-0.040542	-0.011602
1525628541.371506	1525628541.371506	0.023024	-0.081129	-0.066771
1525628541.381482	1525628541.381482	0.048722	-0.148394	-0.087741
1525628541.394472	1525628541.394472	0.069751	-0.209228	-0.074710
1525628541.401820	1525628541.401820	0.078949	-0.234834	-0.046923
1525628541.411504	1525628541.411504	0.075426	-0.207094	-0.015036
1525628541.421495	1525628541.421495	0.058271	-0.141998	0.004975
1525628541.433225	1525628541.433225	0.041173	-0.080102	0.019665
1525628541.441561	1525628541.441561	0.026176	-0.036334	0.033316
1525628541.451430	1525628541.451430	0.005769	-0.002133	0.051160
1525628541.461414	1525628541.461414	-0.006030	0.013908	0.059530
1525628541.473181	1525628541.473181	-0.004898	0.013901	0.054222
1525628541.484176	1525628541.484176	-0.009049	-0.002075	0.041399
1525628541.491401	1525628541.491401	-0.016455	-0.013770	0.033859
1525628541.501325	1525628541.501325	-0.012175	-0.019119	0.031782
1525628541.511294	1525628541.511294	-0.016395	-0.015905	0.028538
1525628541.522488	1525628541.522488	-0.023738	-0.018010	0.017804
1525628541.531316	1525628541.531316	-0.018287	-0.023367	0.007228
1525628541.541260	1525628541.541260	-0.015065	-0.020184	0.006203
1525628541.551301	1525628541.551301	-0.022559	-0.009492	0.010368
1525628541.561763	1525628541.561763	-0.027871	0.009716	0.012431
1525628541.571222	1525628541.571222	-0.033074	0.020393	0.003852
1525628541.581279	1525628541.581279	-0.031859	0.017184	-0.008905
1525628541.591157	1525628541.591157	-0.023382	0.009689	-0.005608
1525628541.601164	1525628541.601164	-0.010659	-0.011680	-0.003323
1525628541.612432	1525628541.612432	-0.001092	-0.025576	-0.003206
1525628541.621090	1525628541.621090	0.001055	-0.025586	-0.004244
1525628541.631061	1525628541.631061	-0.000979	-0.022383	-0.011719
1525628541.641059	1525628541.641059	0.006617	-0.023486	-0.022270
1525628541.651553	1525628541.651553	0.013020	-0.022447	-0.022192
1525628541.661186	1525628541.661186	0.010874	-0.022438	-0.021153
1525628541.670998	1525628541.670998	0.008677	-0.026690	-0.016923
1525628541.680900	1525628541.680900	0.010762	-0.020301	-0.011576
1525628541.690978	1525628541.690978	0.008540	-0.008564	-0.002024
1525628541.702649	1525628541.702649	0.004234	0.012774	0.005373
1525628541.710907	1525628541.710907	0.002132	0.020243	0.004283
1525628541.720887	1525628541.720887	0.004261	0.023432	0.005373
1525628541.730888	1525628541.730888	0.005275	0.012771	0.007515
1525628541.741524	1525628541.741524	0.007419	0.001036	0.004348
1525628541.750895	1525628541.750895	0.005423	-0.001092	-0.007384
1525628541.760875	1525628541.760875	0.008677	-0.021360	-0.015859
1525628541.770783	1525628541.770783	0.014089	-0.037375	-0.025371
1525628541.780674	1525628541.780674	0.011992	-0.027774	-0.026461
1525628541.790743	1525628541.790743	0.008866	-0.008577	-0.028629
1525628541.800731	1525628541.800731	0.003563	-0.001094	-0.029758
1525628541.810586	1525628541.810586	-0.000743	0.009584	-0.024490
1525628541.820704	1525628541.820704	-0.001901	0.014922	-0.015989
1525628541.831712	1525628541.831712	0.004292	0.020233	0.002181
1525628541.840687	1525628541.840687	0.007331	0.023424	0.016054
1525628541.850619	1525628541.850619	0.007311	0.036216	0.020311
1525628541.860736	1525628541.860736	0.009505	0.044731	0.017145
1525628541.871150	1525628541.871150	0.010590	0.046858	0.016093
1525628541.885501	1525628541.885501	0.025453	0.038270	0.020533
1525628541.890647	1525628541.890647	0.031775	0.022258	0.023804
1525628541.900484	1525628541.900484	0.036045	0.017976	0.022792
1525628541.910817	1525628541.910817	0.045649	0.013671	0.021845
1525628541.925119	1525628541.925119	0.053161	0.010440	0.017680
1525628541.930573	1525628541.930573	0.052146	0.010443	0.013410
1525628541.940554	1525628541.940554	0.058529	0.002955	0.013488
1525628541.950370	1525628541.950370	0.059630	0.006147	0.011373
1525628541.963379	1525628541.963379	0.054397	0.010429	0.003858
1525628541.975026	1525628541.975026	0.054468	0.007228	-0.002527
1525628541.981109	1525628541.981109	0.055558	0.000827	-0.005707
1525628541.990558	1525628541.990558	0.055547	-0.008766	-0.006771
1525628542.001738	1525628542.001738	0.051222	-0.010877	-0.002566
1525628542.014245	1525628542.014245	0.042661	-0.000181	0.001586
1525628542.020733	1525628542.020733	0.029891	0.002004	-0.000699
1525628542.030366	1525628542.030366	0.025673	0.006284	-0.003944
1525628542.041847	1525628542.041847	0.023604	0.000961	-0.010355
1525628542.053367	1525628542.053367	0.016111	0.011653	-0.006189
1525628542.064913	1525628542.064913	-0.003168	0.028792	0.003153
1525628542.070299	1525628542.070299	-0.024497	0.042739	0.005021
1525628542.080423	1525628542.080423	-0.048914	0.043904	-0.004857
1525628542.090571	1525628542.090571	-0.096823	0.063290	-0.009701
1525628542.100704	1525628542.100704	-0.160728	0.100864	-0.011548
1525628542.110195	1525628542.110195	-0.220264	0.158668	-0.017600
1525628542.120378	1525628542.120378	-0.274396	0.222842	-0.027843
1525628542.130031	1525628542.130031	-0.320101	0.285918	-0.029469
1525628542.140030	1525628542.140030	-0.388371	0.368282	-0.014341
1525628542.149973	1525628542.149973	-0.436407	0.462286	0.006356
1525628542.160073	1525628542.160073	-0.362748	0.469434	0.005128
1525628542.170243	1525628542.170243	-0.083476	0.260406	-0.013801
1525628542.184504	1525628542.184504	0.124820	-0.100725	-0.018693
1525628542.190092	1525628542.190092	0.119869	-0.207269	0.015309
1525628542.199869	1525628542.199869	0.005622	-0.035170	0.056481
1525628542.209980	1525628542.209980	-0.066678	0.105827	0.064107
1525628542.220179	1525628542.220179	-0.058960	0.096192	0.041850
1525628542.229945	1525628542.229945	-0.015167	0.033116	0.025358
1525628542.239925	1525628542.239925	0.011283	-0.013888	0.034198
1525628542.249766	1525628542.249766	0.013195	-0.024547	0.050187
1525628542.259883	1525628542.259883	0.011118	-0.033068	0.043776
1525628542.269804	1525628542.269804	0.009196	-0.026672	0.027787
1525628542.279880	1525628542.279880	0.009419	-0.010692	0.012888
1525628542.289696	1525628542.289696	0.004189	-0.005344	0.005373
1525628542.300091	1525628542.300091	-0.011899	0.012847	0.015819
1525628542.309778	1525628542.309778	-0.025916	0.037428	0.032677
1525628542.319816	1525628542.319816	-0.035593	0.054526	0.042137
1525628542.329744	1525628542.329744	-0.037671	0.060929	0.038919
1525628542.339715	1525628542.339715	-0.033149	0.048109	0.015558
1525628542.349557	1525628542.349557	-0.030677	0.026768	-0.016341
1525628542.359677	1525628542.359677	-0.024062	0.012876	-0.036483
1525628542.369629	1525628542.369629	-0.012476	-0.005289	-0.027826
1525628542.379614	1525628542.379614	-0.006379	-0.022358	-0.006463
1525628542.389611	1525628542.389611	-0.010927	-0.009537	0.019025
1525628542.399463	1525628542.399463	-0.025987	0.035299	0.037998
1525628542.409574	1525628542.409574	-0.039903	0.073733	0.049535
1525628542.419662	1525628542.419662	-0.044173	0.094003	0.053739
1525628542.429492	1525628542.429492	-0.034621	0.084371	0.055985
1525628542.439506	1525628542.439506	-0.026202	0.053428	0.059282
1525628542.449228	1525628542.449228	-0.021973	0.022501	0.056142
1525628542.459463	1525628542.459463	-0.006886	0.004311	0.040361
1525628542.469552	1525628542.469552	0.010360	-0.013889	0.022479
1525628542.479542	1525628542.479542	0.012561	-0.023494	0.015055
1525628542.489387	1525628542.489387	-0.002382	0.000019	0.020194
1525628542.499357	1525628542.499357	-0.013046	0.038437	0.027513
1525628542.509410	1525628542.509410	-0.023821	0.053409	0.039088
1525628542.519520	1525628542.519520	-0.033487	0.064112	0.046420
1525628542.529311	1525628542.529311	-0.036677	0.068388	0.046381
1525628542.539349	1525628542.539349	-0.036629	0.046002	0.037867
1525628542.549127	1525628542.549127	-0.021577	0.013957	0.022087
1525628542.559607	1525628542.559607	-0.011898	-0.018064	0.009434
1525628542.569560	1525628542.569560	-0.002190	-0.033032	-0.002154
1525628542.579182	1525628542.579182	0.004276	-0.033062	-0.007397
1525628542.589276	1525628542.589276	0.002214	-0.014935	-0.009552
1525628542.599188	1525628542.599188	-0.006333	0.006420	-0.004335
1525628542.609314	1525628542.609314	-0.016012	0.027782	0.006189
1525628542.619295	1525628542.619295	-0.023641	0.036347	0.020997
1525628542.629224	1525628542.629224	-0.027041	0.024644	0.034792
1525628542.639172	1525628542.639172	-0.018572	0.013952	0.038089
1525628542.649102	1525628542.649102	-0.013150	-0.003129	0.027513
1525628542.659137	1525628542.659137	-0.004524	-0.008499	0.019103
1525628542.669055	1525628542.669055	0.000868	-0.017051	0.012783
1525628542.679201	1525628542.679201	0.001979	-0.020255	0.008540
1525628542.689746	1525628542.689746	0.006210	-0.019206	0.011784
1525628542.699022	1525628542.699022	0.005036	-0.009604	0.022413
1525628542.709517	1525628542.709517	-0.000383	0.003213	0.031926
1525628542.719068	1525628542.719068	-0.011059	0.016050	0.034988
1525628542.729361	1525628542.729361	-0.015240	0.024592	0.029615
1525628542.738821	1525628542.738821	-0.008756	0.010704	0.020115
1525628542.749325	1525628542.749325	-0.003344	-0.005310	0.010603
1525628542.758892	1525628542.758892	-0.000079	-0.021315	0.002128
1525628542.769635	1525628542.769635	0.005328	-0.028802	-0.005256
1525628542.778981	1525628542.778981	0.008533	-0.037343	-0.007345
1525628542.789010	1525628542.789010	0.007435	-0.039469	-0.005230
1525628542.798791	1525628542.798791	0.006340	-0.029870	-0.000986
1525628542.808823	1525628542.808823	0.003140	-0.008538	0.003232
1525628542.818930	1525628542.818930	-0.001140	0.007469	0.007436
1525628542.828744	1525628542.828744	-0.011858	0.008582	0.011563
1525628542.838714	1525628542.838714	-0.015108	0.004334	0.014716
1525628542.848739	1525628542.848739	-0.007716	0.000042	0.020128
1525628542.858689	1525628542.858689	0.000789	-0.017048	0.019169
1525628542.868834	1525628542.868834	0.006100	-0.026663	0.019234
1525628542.878653	1525628542.878653	0.005028	-0.023460	0.020285
1525628542.888623	1525628542.888623	-0.001410	-0.017036	0.024464
1525628542.898546	1525628542.898546	0.099784	-0.002537	0.041666
1525628542.908567	1525628542.908567	0.209109	-0.217227	0.045139
1525628542.950857	1525628542.950857	0.049258	-0.098240	0.052759
1525628542.951150	1525628542.951150	-0.108844	0.147558	0.030595
1525628542.951277	1525628542.951277	-0.153921	0.195686	-0.025305
1525628542.951520	1525628542.951520	-0.119525	0.099599	-0.065327
1525628542.958427	1525628542.958427	-0.033295	-0.016944	-0.072783
1525628542.968343	1525628542.968343	0.060979	-0.147360	-0.042888
1525628542.978368	1525628542.978368	0.082682	-0.171942	0.009531
1525628542.988288	1525628542.988288	0.026015	-0.090688	0.035445
1525628542.998296	1525628542.998296	-0.028924	0.031038	0.015611
1525628543.008248	1525628543.008248	-0.034839	0.095000	-0.011073
1525628543.018231	1525628543.018231	-0.010370	0.067185	-0.010772
1525628543.028206	1525628543.028206	-0.003432	0.022407	0.023373
1525628543.038185	1525628543.038185	-0.004951	0.013903	0.058479
1525628543.048173	1525628543.048173	-0.010335	0.004334	0.060542
1525628543.058024	1525628543.058024	-0.001467	-0.013836	0.029785
1525628543.068124	1525628543.068124	0.005380	-0.023474	-0.008448
1525628543.078104	1525628543.078104	0.013012	-0.030974	-0.023256
1525628543.088111	1525628543.088111	0.016171	-0.026722	-0.018960
1525628543.098109	1525628543.098109	0.008495	-0.010694	0.001169
1525628543.108080	1525628543.108080	-0.001199	0.014933	0.013822
1525628543.118021	1525628543.118021	-0.008755	0.032022	0.024372
1525628543.128030	1525628543.128030	-0.010962	0.039496	0.031795
1525628543.138066	1525628543.138066	-0.012091	0.035239	0.036039
1525628543.148013	1525628543.148013	-0.009937	0.022438	0.031809
1525628543.157967	1525628543.157967	-0.009820	0.011775	0.020102
1525628543.167949	1525628543.167949	-0.004367	-0.003176	0.007397
1525628543.177928	1525628543.177928	0.007410	-0.012820	0.002220
1525628543.187931	1525628543.187931	0.007342	-0.019213	0.006477
1525628543.197862	1525628543.197862	0.008302	-0.009620	0.017132
1525628543.207861	1525628543.207861	0.005048	0.010648	0.025606
1525628543.217739	1525628543.217739	0.000776	0.019194	0.027682
1525628543.227818	1525628543.227818	-0.003489	0.020278	0.027630
1525628543.237799	1525628543.237799	-0.001335	0.012806	0.024464
1525628543.247813	1525628543.247813	0.007181	-0.005349	0.022440
1525628543.257702	1525628543.257702	0.012559	-0.019231	0.016120
1525628543.267800	1525628543.267800	0.011551	-0.026690	0.009721
1525628543.277718	1525628543.277718	0.006267	-0.022406	0.006463
1525628543.287699	1525628543.287699	0.003048	-0.019194	0.008553
1525628543.297681	1525628543.297681	0.004095	-0.006407	0.012823
1525628543.307654	1525628543.307654	0.002992	-0.000005	0.017066
1525628543.317633	1525628543.317633	-0.001286	0.006409	0.019143
1525628543.327612	1525628543.327612	-0.001244	0.012803	0.017014
1525628543.337630	1525628543.337630	-0.002324	0.002149	0.015937
1525628543.347573	1525628543.347573	-0.002301	-0.004248	0.012744
1525628543.357546	1525628543.357546	0.001966	-0.009595	0.011732
1525628543.367530	1525628543.367530	0.005106	-0.023463	0.013900
1525628543.377384	1525628543.377384	0.005001	-0.039448	0.019221
1525628543.387486	1525628543.387486	0.027363	-0.040607	0.022687
1525628543.413520	1525628543.413520	0.196085	-0.182028	-0.016754
1525628543.414056	1525628543.414056	0.229266	-0.258918	-0.040827
1525628543.418098	1525628543.418098	0.199277	-0.201228	-0.019908
1525628543.427453	1525628543.427453	0.150927	-0.128528	0.022073
1525628543.437642	1525628543.437642	0.137773	-0.117801	0.052778
1525628543.447384	1525628543.447384	0.132283	-0.138024	0.061226
1525628543.457898	1525628543.457898	0.103568	-0.122983	0.056617
1525628543.467322	1525628543.467322	0.047330	-0.063064	0.043155
1525628543.477238	1525628543.477238	-0.015175	0.019259	0.023230
1525628543.487246	1525628543.487246	-0.078970	0.074949	0.016062
1525628543.500528	1525628543.500528	-0.140833	0.112518	0.021690
1525628543.507250	1525628543.507250	-0.217563	0.188520	0.029264
1525628543.517145	1525628543.517145	-0.285683	0.283669	0.034814
1525628543.527196	1525628543.527196	-0.296100	0.316747	0.020849
1525628543.539234	1525628543.539234	-0.261754	0.263298	-0.006403
1525628543.547215	1525628543.547215	-0.127466	0.087925	-0.029235
1525628543.557149	1525628543.557149	0.042413	-0.115288	-0.001606
1525628543.567151	1525628543.567151	0.087593	-0.184738	0.041523
1525628543.577092	1525628543.577092	0.003487	-0.045820	0.054326
1525628543.587081	1525628543.587081	-0.080058	0.118657	0.026690
1525628543.597047	1525628543.597047	-0.079653	0.134629	-0.003107
1525628543.607031	1525628543.607031	-0.029740	0.042758	-0.002494
1525628543.617010	1525628543.617010	0.004865	-0.041574	0.029863
1525628543.626986	1525628543.626986	0.004583	-0.050090	0.051147
1525628543.636924	1525628543.636924	-0.011182	-0.027647	0.036052
1525628543.646910	1525628543.646910	-0.020240	-0.019102	-0.006633
1525628543.656925	1525628543.656925	-0.018904	-0.021249	-0.028968
1525628543.666814	1525628543.666814	-0.011569	-0.011682	-0.016107
1525628543.676910	1525628543.676910	-0.012933	-0.010599	0.008357
1525628543.686840	1525628543.686840	-0.016342	-0.005248	0.026409
1525628543.696935	1525628543.696935	-0.019537	0.012886	0.029563
1525628543.706850	1525628543.706850	-0.023684	0.024624	0.022061
1525628543.716834	1525628543.716834	-0.025708	0.021431	0.012457
1525628543.726820	1525628543.726820	-0.022432	0.015019	0.005047
1525628543.736776	1525628543.736776	-0.020320	0.001154	0.004009
1525628543.746769	1525628543.746769	-0.014986	-0.004198	0.003010
1525628543.756753	1525628543.756753	-0.015007	-0.012725	0.003010
1525628543.766731	1525628543.766731	-0.014071	-0.018053	0.012601
1525628543.776707	1525628543.776707	-0.014167	-0.009522	0.022179
1525628543.786690	1525628543.786690	-0.018465	0.009684	0.028512
1525628543.796674	1525628543.796674	-0.022656	0.024621	0.025267
1525628543.806647	1525628543.806647	-0.025807	0.028896	0.022035
1525628543.816607	1525628543.816607	-0.025750	0.025696	0.016714
1525628543.826482	1525628543.826482	-0.022560	0.010761	0.014625
1525628543.836567	1525628543.836567	-0.016178	-0.002057	0.013639
1525628543.846561	1525628543.846561	-0.009908	-0.018067	0.021167
1525628543.856571	1525628543.856571	-0.007798	-0.022339	0.022257
1525628543.866530	1525628543.866530	-0.009881	-0.007409	0.021167
1525628543.876557	1525628543.876557	-0.011946	0.014981	0.020076
1525628543.886611	1525628543.886611	-0.021576	0.024616	0.024216
1525628543.896335	1525628543.896335	-0.020530	0.032074	0.027421
1525628543.906399	1525628543.906399	-0.014155	0.021389	0.027500
1525628543.916544	1525628543.916544	-0.006680	0.003236	0.023334
1525628543.926393	1525628543.926393	-0.002424	-0.011704	0.021258
1525628543.936360	1525628543.936360	-0.000304	-0.017042	0.021284
1525628543.946354	1525628543.946354	0.000844	-0.015984	0.014912
1525628543.956334	1525628543.956334	0.005227	-0.006414	0.007515
1525628543.966379	1525628543.966379	0.005256	-0.005349	0.005386
1525628543.976292	1525628543.976292	-0.003323	0.003216	0.010603
1525628543.986400	1525628543.986400	-0.006656	0.012828	0.023334
1525628543.996249	1525628543.996249	-0.004640	0.007495	0.031874
1525628544.006290	1525628544.006290	-0.009935	0.012845	0.029680
1525628544.016237	1525628544.016237	-0.015074	0.007530	0.012588
1525628544.026188	1525628544.026188	-0.005306	-0.014901	-0.005386
1525628544.036261	1525628544.036261	0.007500	-0.034142	-0.009486
1525628544.046139	1525628544.046139	0.012821	-0.044823	-0.010485
1525628544.056127	1525628544.056127	0.011920	-0.020310	-0.019012
1525628544.066167	1525628544.066167	0.012030	-0.007523	-0.025397
1525628544.076067	1525628544.076067	0.014310	-0.006472	-0.037077
1525628544.086440	1525628544.086440	0.017515	-0.025672	-0.041295
1525628544.096004	1525628544.096004	0.022807	-0.037418	-0.040166
1525628544.105985	1525628544.105985	0.029153	-0.043839	-0.036895
1525628544.116054	1525628544.116054	0.032382	-0.042787	-0.038984
1525628544.125943	1525628544.125943	0.022849	-0.020365	-0.040166
1525628544.136328	1525628544.136328	0.012142	-0.009660	-0.034975
1525628544.145777	1525628544.145777	0.022503	-0.002231	-0.008240
1525628544.156074	1525628544.156074	0.025582	0.022276	0.006698
1525628544.166499	1525628544.166499	0.025761	0.046785	-0.002879
1525628544.175922	1525628544.175922	0.043051	0.020056	-0.026083
1525628544.186594	1525628544.186594	0.088051	-0.018515	-0.048947
1525628544.195841	1525628544.195841	0.131464	-0.108223	-0.039899
1525628544.235873	1525628544.235873	0.139617	-0.177528	-0.022767
1525628544.236603	1525628544.236603	0.131851	-0.187077	-0.000510
1525628544.237058	1525628544.237058	0.136181	-0.193493	-0.006843
1525628544.237324	1525628544.237324	0.152634	-0.222359	-0.049215
1525628544.245752	1525628544.245752	0.172471	-0.287486	-0.113897
1525628544.255795	1525628544.255795	0.165476	-0.327978	-0.160813
1525628544.265712	1525628544.265712	0.129364	-0.325699	-0.174027
1525628544.275728	1525628544.275728	0.089819	-0.296749	-0.162804
1525628544.285583	1525628544.285583	0.065017	-0.256130	-0.133306
1525628544.295653	1525628544.295653	0.045488	-0.193147	-0.094166
1525628544.305511	1525628544.305511	0.028015	-0.098192	-0.042229
1525628544.315614	1525628544.315614	0.019111	-0.026725	0.002363
1525628544.325599	1525628544.325599	0.031500	0.000951	0.041895
1525628544.336048	1525628544.336048	0.076928	-0.016280	0.075447
1525628544.348037	1525628544.348037	0.139453	-0.100737	0.093244
1525628544.355540	1525628544.355540	0.168803	-0.153072	0.125535
1525628544.365511	1525628544.365511	0.157743	-0.116769	0.164780
1525628544.375510	1525628544.375510	0.164182	-0.080557	0.169115
1525628544.386840	1525628544.386840	0.201001	-0.123370	0.116349
1525628544.396599	1525628544.396599	0.207945	-0.177780	0.061089
1525628544.405434	1525628544.405434	0.189153	-0.190507	0.024671
1525628544.415447	1525628544.415447	0.179928	-0.227788	-0.013758
1525628544.425442	1525628544.425442	0.185705	-0.301376	-0.064774
1525628544.437314	1525628544.437314	0.192549	-0.369639	-0.114713
1525628544.445401	1525628544.445401	0.178890	-0.400500	-0.138295
1525628544.455327	1525628544.455327	0.163868	-0.398302	-0.131028
1525628544.465209	1525628544.465209	0.150736	-0.363059	-0.097131
1525628544.475196	1525628544.475196	0.117284	-0.274433	-0.048582
1525628544.488226	1525628544.488226	0.060450	-0.123888	0.005001
1525628544.495308	1525628544.495308	0.005907	0.031970	0.046903
1525628544.505227	1525628544.505227	-0.034610	0.151523	0.068755
1525628544.515213	1525628544.515213	-0.060095	0.235833	0.075892
1525628544.525809	1525628544.525809	-0.058808	0.250742	0.061006
1525628544.535343	1525628544.535343	-0.039255	0.202681	0.022930
1525628544.545154	1525628544.545154	-0.012374	0.114089	-0.011863
1525628544.555132	1525628544.555132	0.008846	0.009544	-0.023308
1525628544.565145	1525628544.565145	0.017074	-0.066159	-0.013626
1525628544.576237	1525628544.576237	0.015697	-0.106646	0.003388
1525628544.585179	1525628544.585179	0.010279	-0.114081	0.008644
1525628544.594928	1525628544.594928	-0.003466	-0.085248	0.004218
1525628544.605039	1525628544.605039	-0.016165	-0.048957	0.002997
1525628544.615001	1525628544.615001	-0.022567	-0.018019	0.009304
1525628544.627322	1525628544.627322	-0.032295	0.004411	0.024085
1525628544.634974	1525628544.634974	-0.036641	0.015092	0.032546
1525628544.644933	1525628544.644933	-0.043083	0.019384	0.036725
1525628544.654931	1525628544.654931	-0.052647	0.039676	0.037672
1525628544.665462	1525628544.665462	-0.077099	0.053633	0.033115
1525628544.674871	1525628544.674871	-0.101563	0.056932	0.027494
1525628544.684872	1525628544.684872	-0.142011	0.089077	0.025934
1525628544.694844	1525628544.694844	-0.196244	0.123410	0.017819
1525628544.704836	1525628544.704836	-0.271949	0.182354	0.025406
1525628544.715866	1525628544.715866	-0.356203	0.288236	0.043530
1525628544.724863	1525628544.724863	-0.415854	0.378021	0.053442
1525628544.735599	1525628544.735599	-0.451379	0.417622	0.087065
