1525628534.818054	1525628534.818054	43.477936	56.342041	-324.404480
1525628534.818131	1525628534.818131	43.325058	55.666809	-324.551239
1525628534.836481	1525628534.836481	43.553284	56.417267	-324.404694
1525628534.837034	1525628534.837034	43.251328	55.966476	-324.478119
1525628534.857079	1525628534.857079	43.402084	56.117035	-324.553467
1525628534.857410	1525628534.857410	43.402756	56.267044	-324.554291
1525628534.875794	1525628534.875794	43.325806	55.816910	-324.627075
1525628534.875860	1525628534.875860	43.477417	56.192261	-324.553650
1525628534.895687	1525628534.895687	43.326584	56.041580	-324.403290
1525628534.895729	1525628534.895729	43.477646	56.192596	-324.778656
1525628534.915121	1525628534.915121	43.327484	56.191925	-324.629120
1525628534.915189	1525628534.915189	43.476746	56.042267	-324.552826
1525628534.934579	1525628534.934579	43.402496	56.192154	-324.628906
1525628534.934621	1525628534.934621	43.550812	55.817596	-324.626404
1525628534.954638	1525628534.954638	43.401138	55.892136	-324.627258
1525628534.954680	1525628534.954680	43.101746	56.041138	-324.553955
1525628534.974209	1525628534.974209	43.326813	56.041916	-324.628296
1525628534.974256	1525628534.974256	43.251938	56.116364	-324.403931
1525628534.993464	1525628534.993464	43.325470	55.741913	-324.626648
1525628534.993515	1525628534.993515	43.477646	56.192596	-324.778656
1525628535.013391	1525628535.013391	42.951630	55.966034	-324.778992
1525628535.013458	1525628535.013458	43.552048	56.042938	-324.852631
1525628535.033048	1525628535.033048	43.252426	56.191589	-324.554321
1525628535.033116	1525628535.033116	43.250809	55.816696	-324.627289
1525628535.053158	1525628535.053158	43.328583	56.417038	-324.705383
1525628535.053227	1525628535.053227	43.326813	56.041916	-324.628296
1525628535.072483	1525628535.072483	43.326965	56.042145	-324.778290
1525628535.072563	1525628535.072563	43.177902	56.266586	-324.704987
1525628535.092075	1525628535.092075	43.476486	55.967377	-324.627441
1525628535.092141	1525628535.092141	43.403503	56.417160	-324.630127
1525628535.111679	1525628535.111679	43.252563	56.191818	-324.704346
1525628535.111745	1525628535.111745	43.251968	56.041931	-324.778503
1525628535.131684	1525628535.131684	43.027298	56.116257	-324.779602
1525628535.131809	1525628535.131809	43.327530	56.117493	-325.003723
1525628535.154292	1525628535.154292	43.253662	56.416931	-324.780579
1525628535.154587	1525628535.154587	43.326706	55.967255	-324.852905
1525628535.170955	1525628535.170955	43.478546	56.342941	-325.004486
1525628535.171045	1525628535.171045	43.176971	56.041702	-324.778748
1525628535.191243	1525628535.191243	43.327118	56.042374	-324.928284
1525628535.191319	1525628535.191319	43.028397	56.341370	-324.855835
1525628535.210456	1525628535.210456	43.327530	56.117493	-325.003723
1525628535.210574	1525628535.210574	43.329559	56.567490	-325.006195
1525628535.232109	1525628535.232109	43.178391	56.341812	-324.855408
1525628535.232252	1525628535.232252	43.554184	56.418625	-325.304688
1525628535.250137	1525628535.250137	43.253738	56.417038	-324.855591
1525628535.250251	1525628535.250251	43.327271	56.042603	-325.078308
1525628535.274228	1525628535.274228	43.553070	56.267944	-324.853882
1525628535.275122	1525628535.275122	43.477646	56.192596	-324.778656
1525628535.289090	1525628535.289090	43.627274	56.043503	-325.077423
1525628535.289221	1525628535.289221	43.551895	56.042709	-324.702637
1525628535.309364	1525628535.309364	43.551712	55.967941	-324.852234
1525628535.309613	1525628535.309613	43.552841	56.267593	-324.628876
1525628535.328467	1525628535.328467	43.324722	55.591797	-324.550812
1525628535.328646	1525628535.328646	43.550583	55.817261	-324.401398
1525628535.348044	1525628535.348044	43.175568	55.816132	-324.402496
1525628535.348161	1525628535.348161	43.325119	55.666916	-324.626251
1525628535.367927	1525628535.367927	43.177643	56.340698	-324.105408
1525628535.368054	1525628535.368054	43.249191	55.590790	-324.026062
1525628535.387380	1525628535.387380	43.250198	55.815796	-324.027283
1525628535.387593	1525628535.387593	43.173813	55.589996	-323.651276
1525628535.407800	1525628535.407800	43.249451	55.665680	-323.951477
1525628535.407917	1525628535.407917	42.800110	55.814331	-323.953644
1525628535.426901	1525628535.426901	43.172836	55.290558	-324.024628
1525628535.427026	1525628535.427026	43.174713	55.740341	-323.877106
1525628535.446603	1525628535.446603	43.024857	55.740112	-324.027557
1525628535.446728	1525628535.446728	43.399185	55.591232	-324.025604
1525628535.466289	1525628535.466289	43.249451	55.665680	-323.951477
1525628535.466405	1525628535.466405	43.323853	55.516006	-324.025421
1525628535.486857	1525628535.486857	43.250122	55.815674	-323.952301
1525628535.487008	1525628535.487008	43.023285	55.439774	-323.800903
1525628535.505580	1525628535.505580	43.249786	55.740677	-323.951904
1525628535.505695	1525628535.505695	42.873962	55.589325	-323.802155
1525628535.525327	1525628535.525327	42.873352	55.439438	-323.876343
1525628535.525442	1525628535.525442	42.723282	55.438873	-323.801788
1525628535.546122	1525628535.546122	42.422028	55.212631	-323.576477
1525628535.574559	1525628535.574559	42.423203	55.437866	-323.727692
1525628535.579852	1525628535.579852	41.973236	55.511063	-323.429443
1525628535.579919	1525628535.579919	42.497635	55.362747	-323.502045
1525628535.584108	1525628535.584108	41.973419	55.585846	-323.279846
1525628535.584223	1525628535.584223	41.370712	54.984039	-323.278351
1525628535.603556	1525628535.603556	41.221649	55.208466	-323.205048
1525628535.603605	1525628535.603605	40.996155	55.132568	-323.055298
1525628535.623127	1525628535.623127	40.995926	55.132233	-322.830322
1525628535.623167	1525628535.623167	40.770691	55.131226	-322.605988
1525628535.643435	1525628535.643435	40.544907	54.905884	-322.830414
1525628535.643531	1525628535.643531	40.620850	55.130997	-322.756409
1525628535.662950	1525628535.662950	40.168671	54.679413	-322.605286
1525628535.663075	1525628535.663075	40.319672	54.904877	-322.606079
1525628535.682911	1525628535.682911	39.944366	54.903290	-322.307190
1525628535.683028	1525628535.683028	39.718582	54.677948	-322.531616
1525628535.702980	1525628535.702980	39.720230	55.127396	-322.159088
1525628535.703091	1525628535.703091	39.568283	54.677048	-322.232086
1525628535.722058	1525628535.722058	39.418427	54.676834	-322.382538
1525628535.722178	1525628535.722178	39.119141	54.900482	-322.084656
1525628535.741727	1525628535.741727	39.193527	54.750824	-322.158600
1525628535.741847	1525628535.741847	38.819122	54.899582	-322.085571
1525628535.761733	1525628535.761733	38.817444	54.524582	-322.083496
1525628535.761846	1525628535.761846	38.592773	54.598907	-322.084595
1525628535.781131	1525628535.781131	38.217026	54.447662	-322.009888
1525628535.781250	1525628535.781250	38.293457	54.748016	-322.086304
1525628535.800886	1525628535.800886	38.144241	54.972229	-321.862976
1525628535.801010	1525628535.801010	38.067703	54.597229	-322.011139
1525628535.820470	1525628535.820470	38.294693	54.973358	-322.312531
1525628535.820589	1525628535.820589	37.692963	54.670990	-321.937653
1525628535.840205	1525628535.840205	37.918182	54.671997	-322.161987
1525628535.840327	1525628535.840327	37.693176	54.671326	-322.162659
1525628535.859885	1525628535.859885	37.693253	54.671432	-322.237671
1525628535.859998	1525628535.859998	37.545441	55.121216	-322.390594
1525628535.879382	1525628535.879382	37.618942	54.821213	-322.238739
1525628535.879494	1525628535.879494	37.694199	54.896332	-322.163910
1525628535.899170	1525628535.899170	37.319687	54.970428	-322.315430
1525628535.899307	1525628535.899307	37.618561	54.671661	-322.537903
1525628535.919011	1525628535.919011	37.394760	54.970764	-322.390228
1525628535.919097	1525628535.919097	37.468338	54.670868	-322.313324
1525628535.938792	1525628535.938792	37.469574	54.896225	-322.539581
1525628535.938908	1525628535.938908	37.170242	55.045319	-322.541290
1525628535.958259	1525628535.958259	37.320801	55.121109	-322.766266
1525628535.958383	1525628535.958383	37.246002	55.195663	-322.616913
1525628535.978076	1525628535.978076	37.168854	54.670761	-322.839264
1525628535.978242	1525628535.978242	37.245880	55.121002	-322.841492
1525628535.997699	1525628535.997699	36.719635	54.894089	-322.616821
1525628535.997810	1525628535.997810	37.319870	54.896225	-322.840027
1525628536.017197	1525628536.017197	36.871414	55.269653	-322.693420
1525628536.017310	1525628536.017310	36.868973	54.744537	-322.615540
1525628536.037002	1525628536.037002	36.720398	55.044189	-322.692627
1525628536.037122	1525628536.037122	36.345795	55.118195	-322.769165
1525628536.056622	1525628536.056622	36.945129	54.969986	-322.766571
1525628536.056733	1525628536.056733	36.495651	55.118423	-322.618744
1525628536.076610	1525628536.076610	36.493927	54.668854	-322.916260
1525628536.076732	1525628536.076732	36.494904	54.968307	-322.542908
1525628536.096109	1525628536.096109	36.268280	54.592728	-322.616516
1525628536.096223	1525628536.096223	36.344376	54.818069	-322.692505
1525628536.115779	1525628536.115779	36.119003	54.816833	-322.318176
1525628536.115891	1525628536.115891	36.493958	54.743408	-322.616669
1525628536.135579	1525628536.135579	36.496323	55.268417	-322.619568
1525628536.135688	1525628536.135688	36.719040	54.744186	-322.690979
1525628536.155099	1525628536.155099	36.795471	55.044540	-322.767426
1525628536.155207	1525628536.155207	36.495880	55.118759	-322.843750
1525628536.174843	1525628536.174843	36.871033	55.120102	-322.992615
1525628536.174952	1525628536.174952	36.645615	55.044312	-322.917847
1525628536.194530	1525628536.194530	37.019562	54.745880	-323.215118
1525628536.194638	1525628536.194638	37.170242	54.896332	-323.215485
1525628536.214345	1525628536.214345	36.946030	55.120331	-322.992401
1525628536.214454	1525628536.214454	36.872803	55.495224	-323.069641
1525628536.235418	1525628536.235418	36.496185	55.119202	-323.143738
1525628536.235495	1525628536.235495	36.721252	55.119995	-323.218079
1525628536.253574	1525628536.253574	37.022354	55.346008	-323.293396
1525628536.254430	1525628536.254430	36.721375	55.194656	-322.993469
1525628536.273150	1525628536.273150	36.722046	55.344650	-322.994293
1525628536.273259	1525628536.273259	36.494446	54.818634	-322.767090
1525628536.292963	1525628536.292963	36.344757	54.818634	-323.067505
1525628536.293069	1525628536.293069	35.746658	55.341171	-322.622192
1525628536.312563	1525628536.312563	35.819702	54.891510	-322.694489
1525628536.312638	1525628536.312638	35.670792	55.116165	-322.771179
1525628536.332505	1525628536.332505	35.143539	54.664246	-322.545288
1525628536.332575	1525628536.332575	35.369095	54.740265	-322.770020
1525628536.352361	1525628536.352361	35.145416	55.114029	-322.397766
1525628536.352432	1525628536.352432	35.367981	54.589584	-322.319183
1525628536.372092	1525628536.372092	35.144623	54.889374	-322.621521
1525628536.372162	1525628536.372162	34.768234	54.662674	-322.246399
1525628536.391807	1525628536.391807	34.992706	54.513565	-322.394897
1525628536.391917	1525628536.391917	34.469696	55.036438	-322.024353
1525628536.411507	1525628536.411507	34.618042	54.587448	-322.396423
1525628536.411618	1525628536.411618	34.617554	54.512222	-322.246033
1525628536.431391	1525628536.431391	34.091034	54.210419	-322.095947
1525628536.431583	1525628536.431583	34.467728	54.586548	-322.096893
1525628536.450476	1525628536.450476	34.616989	54.436874	-322.020630
1525628536.450584	1525628536.450584	34.617065	54.436996	-322.095642
1525628536.470190	1525628536.470190	34.468933	54.886337	-321.948517
1525628536.470403	1525628536.470403	34.389984	54.060745	-321.719238
1525628536.489836	1525628536.489836	34.540405	54.136307	-321.794189
1525628536.489946	1525628536.489946	34.390518	54.210526	-321.570007
1525628536.509549	1525628536.509549	34.463409	53.760635	-321.492340
1525628536.509659	1525628536.509659	34.241043	54.359863	-321.421295
1525628536.529271	1525628536.529271	34.088562	53.908722	-320.969269
1525628536.529380	1525628536.529380	34.314880	54.134857	-321.269836
1525628536.548982	1525628536.548982	33.864166	54.057938	-320.895752
1525628536.549093	1525628536.549093	33.862473	53.682922	-320.893707
1525628536.569014	1525628536.569014	33.638397	53.907150	-320.820587
1525628536.569824	1525628536.569824	33.562576	53.756699	-320.670013
1525628536.588193	1525628536.588193	33.636902	53.606918	-320.668976
1525628536.588294	1525628536.588294	33.485916	53.456009	-320.368591
1525628536.608003	1525628536.608003	33.409912	53.230774	-320.367584
1525628536.608072	1525628536.608072	33.260910	53.455338	-320.369263
1525628536.627700	1525628536.627700	33.109680	53.229538	-320.143463
1525628536.627769	1525628536.627769	32.886108	53.528992	-320.220795
1525628536.647838	1525628536.647838	32.434372	53.227066	-319.845490
1525628536.647908	1525628536.647908	32.958435	53.003754	-319.917694
1525628536.667379	1525628536.667379	32.283127	53.001282	-319.619720
1525628536.667488	1525628536.667488	32.206177	52.551163	-319.692444
1525628536.687203	1525628536.687203	32.059662	53.375397	-319.472443
1525628536.687418	1525628536.687418	31.831055	52.624359	-319.243988
1525628536.706429	1525628536.706429	32.055786	52.550140	-319.317902
1525628536.707054	1525628536.707054	30.930710	52.546661	-319.246277
1525628536.726080	1525628536.726080	31.304688	52.322784	-319.243927
1525628536.726187	1525628536.726187	31.005661	52.621323	-318.871460
1525628536.745765	1525628536.745765	31.003708	52.171432	-318.943970
1525628536.745874	1525628536.745874	30.927658	52.020630	-318.568359
1525628536.765546	1525628536.765546	30.401825	51.868835	-318.419128
1525628536.765655	1525628536.765655	30.250809	51.643372	-318.418335
1525628536.785169	1525628536.785169	30.025589	51.642365	-318.194000
1525628536.785385	1525628536.785385	29.647949	51.041351	-318.266846
1525628536.804806	1525628536.804806	29.123398	51.189438	-318.044220
1525628536.805041	1525628536.805041	28.672226	50.962860	-317.894348
1525628536.824501	1525628536.824501	28.671173	50.663300	-318.192688
1525628536.824605	1525628536.824605	28.519821	50.511841	-317.517303
1525628536.844180	1525628536.844180	28.443726	50.286499	-317.441284
1525628536.844290	1525628536.844290	28.145676	50.735489	-317.369659
1525628536.863924	1525628536.863924	27.992935	50.209473	-316.992249
1525628536.864034	1525628536.864034	27.767593	50.133789	-316.992493
1525628536.883428	1525628536.883428	27.240860	49.831650	-316.617432
1525628536.883536	1525628536.883536	27.313828	49.381866	-316.614716
1525628536.903423	1525628536.903423	26.864532	49.605072	-316.317291
1525628536.903640	1525628536.903640	26.862167	49.080063	-316.314392
1525628536.922819	1525628536.922819	26.937134	49.154724	-315.939606
1525628536.922927	1525628536.922927	26.560471	48.853134	-315.639038
1525628536.942701	1525628536.942701	26.634796	48.703354	-315.638000
1525628536.942810	1525628536.942810	26.182693	48.400879	-314.887695
1525628536.962283	1525628536.962283	26.255661	47.951096	-314.885010
1525628536.962391	1525628536.962391	26.182877	48.475662	-314.738129
1525628536.982068	1525628536.982068	25.729935	47.873962	-314.511169
1525628536.982178	1525628536.982178	26.029114	47.724625	-314.359436
1525628537.001654	1525628537.001654	25.502991	47.572372	-313.910187
1525628537.001763	1525628537.001763	25.725021	46.898148	-313.980804
1525628537.021324	1525628537.021324	25.424301	46.821686	-313.606293
1525628537.021432	1525628537.021432	25.197830	46.595322	-313.155731
1525628537.041248	1525628537.041248	24.970505	46.144196	-312.853943
1525628537.041319	1525628537.041319	24.444107	45.917053	-312.479279
1525628537.060795	1525628537.060795	24.516739	45.392258	-312.476166
1525628537.060863	1525628537.060863	24.140945	45.315460	-312.026855
1525628537.080967	1525628537.080967	23.987930	44.714554	-311.724030
1525628537.081035	1525628537.081035	23.761429	44.413635	-311.573059
1525628537.100323	1525628537.100323	23.383041	43.811493	-310.895874
1525628537.100431	1525628537.100431	22.932220	43.659912	-310.746399
1525628537.120117	1525628537.120117	22.555069	43.283096	-310.295441
1525628537.120333	1525628537.120333	22.176010	42.381958	-310.291626
1525628537.140019	1525628537.140019	21.649582	42.080276	-310.216553
1525628537.140130	1525628537.140130	20.821259	41.476883	-309.615692
1525628537.159281	1525628537.159281	20.668961	40.951538	-309.688263
1525628537.160189	1525628537.160189	19.841736	40.573273	-309.163666
1525628537.178821	1525628537.178821	19.386932	39.521790	-309.084259
1525628537.178931	1525628537.178931	18.257904	38.692947	-308.783081
1525628537.198658	1525628537.198658	17.277252	37.489655	-308.554413
1525628537.198764	1525628537.198764	16.224426	36.811844	-308.778809
1525628537.218188	1525628537.218188	14.794113	35.682205	-308.551910
1525628537.218296	1525628537.218296	13.739944	34.704376	-308.774689
1525628537.237796	1525628537.237796	12.611359	33.876221	-308.923523
1525628537.237905	1525628537.237905	11.781891	32.898605	-308.845642
1525628537.258971	1525628537.258971	11.406052	32.598282	-309.370117
1525628537.259076	1525628537.259076	10.730301	32.446136	-309.296326
1525628537.277162	1525628537.277162	11.030609	32.447479	-309.595398
1525628537.277271	1525628537.277271	10.806870	32.895691	-308.848541
1525628537.296662	1525628537.296662	11.404999	32.447708	-308.994293
1525628537.296733	1525628537.296733	11.931580	32.898605	-308.545197
1525628537.316528	1525628537.316528	12.081436	32.898834	-308.394745
1525628537.316597	1525628537.316597	12.757156	33.125412	-308.093964
1525628537.336697	1525628537.336697	13.132904	33.425644	-307.494476
1525628537.336771	1525628537.336771	13.958893	33.727554	-307.118683
1525628537.356270	1525628537.356270	14.937607	34.555496	-307.120300
1525628537.356340	1525628537.356340	15.388931	34.931290	-306.746002
1525628537.375958	1525628537.375958	16.594879	36.284683	-306.599823
1525628537.376065	1525628537.376065	17.348785	37.186722	-306.452545
1525628537.395603	1525628537.395603	19.002640	37.942368	-306.901703
1525628537.395712	1525628537.395712	19.983658	39.295197	-306.831238
1525628537.414892	1525628537.414892	21.036560	39.973129	-306.681793
1525628537.415879	1525628537.415879	22.542847	41.253448	-307.209320
1525628537.434573	1525628537.434573	23.523453	42.531158	-307.063416
1525628537.434681	1525628537.434681	25.178421	43.437469	-307.963409
1525628537.454278	1525628537.454278	26.611435	45.167114	-308.193634
1525628537.454386	1525628537.454386	27.964874	45.846756	-308.568329
1525628537.473933	1525628537.473933	29.995163	46.903625	-309.093018
1525628537.474041	1525628537.474041	31.425613	48.033478	-309.469940
1525628537.493669	1525628537.493669	33.381348	49.090805	-310.444916
1525628537.493779	1525628537.493779	34.888321	50.521118	-310.973267
1525628537.513311	1525628537.513311	36.691879	51.127762	-311.796173
1525628537.513420	1525628537.513420	38.946976	52.110550	-312.469818
1525628537.532997	1525628537.532997	40.301636	53.015518	-313.070740
1525628537.533106	1525628537.533106	42.104904	53.472717	-314.267822
1525628537.552965	1525628537.552965	43.533371	54.227112	-314.342712
1525628537.553075	1525628537.553075	45.786026	54.535782	-315.612610
1525628537.572367	1525628537.572367	47.814087	55.067871	-316.284485
1525628537.572474	1525628537.572474	49.091171	55.447266	-316.657745
1525628537.592044	1525628537.592044	50.667282	55.528107	-317.403442
1525628537.592153	1525628537.592153	52.319595	55.908966	-318.000580
1525628537.611683	1525628537.611683	53.443939	55.613342	-318.670593
1525628537.611792	1525628537.611792	55.022400	56.219193	-319.419189
1525628537.631404	1525628537.631404	55.922867	56.222565	-319.866486
1525628537.631514	1525628537.631514	57.046417	55.851273	-320.086090
1525628537.650973	1525628537.650973	57.798904	56.304199	-320.536316
1525628537.651083	1525628537.651083	58.622345	55.857346	-320.981384
1525628537.670772	1525628537.670772	59.299759	56.309937	-321.356842
1525628537.670881	1525628537.670881	59.523224	55.935822	-321.504089
1525628537.690449	1525628537.690449	59.972702	55.787399	-321.651978
1525628537.690558	1525628537.690558	59.899048	56.087173	-321.653870
1525628537.710051	1525628537.710051	59.974274	56.087738	-321.878601
1525628537.710133	1525628537.710133	59.749207	56.086960	-321.804291
1525628537.729831	1525628537.729831	59.299484	56.235046	-321.431427
1525628537.729900	1525628537.729900	59.223587	56.084488	-321.205841
1525628537.749696	1525628537.749696	58.325790	56.606567	-321.061401
1525628537.749767	1525628537.749767	57.949142	56.304993	-320.760864
1525628537.769825	1525628537.769825	57.275223	56.677078	-320.164948
1525628537.769897	1525628537.769897	56.222198	56.073471	-319.864777
1525628537.789261	1525628537.789261	55.249588	56.670105	-319.570984
1525628537.789370	1525628537.789370	54.124435	56.666504	-319.424347
1525628537.809171	1525628537.809171	54.199585	56.666962	-319.574127
1525628537.809281	1525628537.809281	54.650146	56.892639	-319.123993
1525628537.828836	1525628537.828836	54.721619	56.142624	-318.969666
1525628537.828946	1525628537.828946	54.721802	56.217392	-318.820099
1525628537.847943	1525628537.847943	53.896149	56.139465	-318.522125
1525628537.848724	1525628537.848724	53.447922	56.513245	-318.600525
1525628537.867586	1525628537.867586	52.099014	56.808868	-318.381195
1525628537.867695	1525628537.867695	51.347885	56.506958	-318.606781
1525628537.887271	1525628537.887271	50.900330	57.030731	-318.686035
1525628537.887378	1525628537.887378	50.749908	56.955170	-318.611053
1525628537.906831	1525628537.906831	51.126648	57.256866	-318.986572
1525628537.906939	1525628537.906939	50.901978	57.331192	-318.987671
1525628537.926721	1525628537.926721	50.601181	57.105621	-319.212341
1525628537.926829	1525628537.926829	50.077759	57.553391	-318.766357
1525628537.946290	1525628537.946290	49.401398	57.251358	-318.766724
1525628537.946397	1525628537.946397	48.800644	57.099442	-318.692719
1525628537.966049	1525628537.966049	47.827011	57.471085	-318.397644
1525628537.966199	1525628537.966199	47.825470	57.096298	-318.545593
1525628537.985758	1525628537.985758	47.527283	57.545074	-318.323975
1525628537.985866	1525628537.985866	47.375809	57.169952	-318.547333
1525628538.005243	1525628538.005243	47.152344	57.544067	-318.400085
1525628538.005444	1525628538.005444	46.402267	57.541702	-318.327332
1525628538.025121	1525628538.025121	46.551147	57.242477	-318.550232
1525628538.025192	1525628538.025192	46.027557	57.541031	-318.628448
1525628538.045079	1525628538.045079	45.351624	57.314102	-318.704224
1525628538.045150	1525628538.045150	45.128494	57.763229	-318.557343
1525628538.065003	1525628538.065003	44.226562	57.385178	-318.333008
1525628538.065075	1525628538.065075	43.850357	57.084274	-318.482483
1525628538.084452	1525628538.084452	43.251221	57.307251	-318.335510
1525628538.084560	1525628538.084560	43.175278	57.082138	-318.409485
1525628538.104165	1525628538.104165	43.027832	57.681473	-318.263214
1525628538.104276	1525628538.104276	43.024902	57.081131	-318.034912
1525628538.123451	1525628538.123451	42.875916	57.305679	-318.036591
1525628538.123560	1525628538.123560	42.275009	57.153549	-317.812561
1525628538.143132	1525628538.143132	42.273727	56.853653	-317.885925
1525628538.143241	1525628538.143241	41.749176	57.001740	-317.663300
1525628538.162694	1525628538.162694	41.296906	56.550049	-317.437164
1525628538.162805	1525628538.162805	41.298340	56.850174	-317.513824
1525628538.182584	1525628538.182584	40.623108	56.847809	-317.290833
1525628538.182693	1525628538.182693	40.623108	56.847809	-317.290833
1525628538.202325	1525628538.202325	40.096939	56.621002	-317.141174
1525628538.202434	1525628538.202434	40.396118	56.471680	-316.989471
1525628538.221866	1525628538.221866	39.946777	56.620331	-316.991638
1525628538.221974	1525628538.221974	39.720810	56.469208	-316.691467
1525628538.241519	1525628538.241519	39.795471	56.394424	-316.690826
1525628538.241626	1525628538.241626	39.420654	56.468079	-316.542358
1525628538.261204	1525628538.261204	39.193848	56.017731	-316.765564
1525628538.261315	1525628538.261315	39.045151	56.391724	-316.393066
1525628538.281088	1525628538.281088	38.519394	56.240036	-316.318817
1525628538.281196	1525628538.281196	38.743393	56.015701	-316.316895
1525628538.300569	1525628538.300569	38.218231	56.013901	-316.168488
1525628538.300676	1525628538.300676	38.143158	56.013565	-316.093719
1525628538.320521	1525628538.320521	38.443939	56.239136	-315.869019
1525628538.320628	1525628538.320628	38.141510	55.713120	-315.792023
1525628538.339955	1525628538.339955	38.216995	55.788559	-315.942230
1525628538.340063	1525628538.340063	37.542694	56.011093	-315.645477
1525628538.359758	1525628538.359758	37.690399	55.486649	-315.717163
1525628538.359868	1525628538.359868	37.318024	56.085419	-315.646545
1525628538.379395	1525628538.379395	37.314758	55.410080	-315.417847
1525628538.379503	1525628538.379503	37.016449	55.784180	-315.420807
1525628538.399011	1525628538.399011	36.340317	55.631485	-314.972015
1525628538.399119	1525628538.399119	36.714874	55.482941	-315.195038
1525628538.418642	1525628538.418642	36.189178	55.331360	-315.195770
1525628538.418747	1525628538.418747	35.663162	55.104782	-315.196106
1525628538.438270	1525628538.438270	35.439438	55.404007	-315.123444
1525628538.438344	1525628538.438344	34.611694	54.875961	-314.748016
1525628538.458112	1525628538.458112	34.611847	54.876190	-314.898010
1525628538.458182	1525628538.458182	33.710587	54.648148	-314.674469
1525628538.478094	1525628538.478094	33.558411	54.197464	-314.522461
1525628538.478164	1525628538.478164	32.808853	54.344879	-314.300507
1525628538.497695	1525628538.497695	32.432159	53.968735	-314.299561
1525628538.497803	1525628538.497803	32.056137	53.742615	-314.299438
1525628538.517465	1525628538.517465	31.380234	53.590256	-314.075623
1525628538.517575	1525628538.517575	31.154068	53.364349	-313.925079
1525628538.537236	1525628538.537236	30.403824	53.361771	-313.702301
1525628538.537455	1525628538.537455	30.026535	52.835739	-313.775574
1525628538.556430	1525628538.556430	29.576233	52.833939	-313.476929
1525628538.556538	1525628538.556538	28.598557	52.305557	-313.176941
1525628538.576113	1525628538.576113	28.372681	52.080109	-313.326355
1525628538.576221	1525628538.576221	28.146179	51.928192	-312.501221
1525628538.595796	1525628538.595796	27.768356	51.252396	-312.723633
1525628538.595907	1525628538.595907	27.618057	51.251495	-312.424072
1525628538.615507	1525628538.615507	26.791733	51.023560	-312.125305
1525628538.615615	1525628538.615615	26.865570	50.798553	-311.973877
1525628538.635253	1525628538.635253	26.264496	50.646194	-311.599823
1525628538.635361	1525628538.635361	26.187027	50.046295	-311.821747
1525628538.654844	1525628538.654844	25.661911	50.119049	-311.373718
1525628538.654952	1525628538.654952	25.359390	49.592911	-311.221741
1525628538.674413	1525628538.674413	25.209641	49.667343	-311.147614
1525628538.674521	1525628538.674521	24.831940	49.215195	-310.471252
1525628538.694243	1525628538.694243	24.980469	48.840988	-310.693726
1525628538.694352	1525628538.694352	24.379532	48.763290	-310.095093
1525628538.713921	1525628538.713921	24.077011	48.237152	-309.943085
1525628538.714030	1525628538.714030	23.849899	47.786346	-309.866302
1525628538.733649	1525628538.733649	23.697342	47.335098	-309.339294
1525628538.733718	1525628538.733718	23.470352	46.958969	-309.037903
1525628538.753732	1525628538.753732	23.319626	46.882950	-308.662933
1525628538.753806	1525628538.753806	23.016098	46.131821	-308.509705
1525628538.773518	1525628538.773518	22.790115	45.980682	-308.209595
1525628538.773592	1525628538.773592	22.336731	45.378311	-307.532623
1525628538.792939	1525628538.792939	22.334473	44.927963	-307.305145
1525628538.793049	1525628538.793049	21.806656	44.400696	-306.853851
1525628538.812883	1525628538.812883	21.653381	43.724899	-306.625580
1525628538.812990	1525628538.812990	21.275757	43.272858	-306.024231
1525628538.832609	1525628538.832609	20.746124	42.295929	-305.795441
1525628538.832801	1525628538.832801	20.669052	41.920135	-305.418610
1525628538.851746	1525628538.851746	20.516418	41.468765	-304.816589
1525628538.851853	1525628538.851853	20.663162	40.793869	-304.587433
1525628538.871417	1525628538.871417	20.360291	40.341721	-303.760834
1525628538.871525	1525628538.871525	20.432220	39.741364	-303.382324
1525628538.891113	1525628538.891113	20.879547	39.217255	-303.078094
1525628538.891222	1525628538.891222	20.574371	38.165649	-302.623230
1525628538.910923	1525628538.910923	20.721695	37.640640	-302.319916
1525628538.911031	1525628538.911031	20.493240	37.038834	-301.567291
1525628538.930363	1525628538.930363	20.186584	35.612564	-301.335358
1525628538.930471	1525628538.930471	19.358200	35.009064	-300.659546
1525628538.950163	1525628538.950163	18.150528	33.355087	-300.429047
1525628538.950270	1525628538.950270	17.247284	32.602600	-300.577637
1525628538.969803	1525628538.969803	16.193893	31.849442	-300.576630
1525628538.970007	1525628538.970007	16.267929	31.550232	-300.949768
1525628538.989529	1525628538.989529	16.421082	32.300354	-300.728424
1525628538.989637	1525628538.989637	16.795929	32.301254	-300.577332
1525628539.009567	1525628539.009567	17.999100	33.054520	-300.352844
1525628539.009675	1525628539.009675	18.224960	33.279984	-300.203430
1525628539.029023	1525628539.029023	19.051163	33.582230	-300.052612
1525628539.029132	1525628539.029132	19.277451	33.882797	-299.978577
1525628539.048514	1525628539.048514	20.252487	33.960266	-299.676086
1525628539.048623	1525628539.048623	20.929718	34.487076	-299.526947
1525628539.068251	1525628539.068251	21.981949	35.014999	-299.376678
1525628539.068361	1525628539.068361	23.410416	35.769409	-299.451569
1525628539.087917	1525628539.087917	24.613770	36.597458	-299.077515
1525628539.088110	1525628539.088110	26.193588	37.652313	-299.153595
1525628539.107596	1525628539.107596	28.449738	38.934647	-299.528870
1525628539.107703	1525628539.107703	29.503342	39.688141	-299.754822
1525628539.127310	1525628539.127310	31.158432	40.669113	-300.430267
1525628539.127418	1525628539.127418	31.841293	42.396286	-300.512695
1525628539.146888	1525628539.146888	33.043350	42.700912	-301.185791
1525628539.146991	1525628539.146991	33.798874	43.828857	-301.639709
1525628539.166703	1525628539.166703	34.402557	44.581116	-301.942047
1525628539.166774	1525628539.166774	35.082443	45.484406	-302.769958
1525628539.186848	1525628539.186848	35.461243	46.310654	-302.848358
1525628539.186921	1525628539.186921	36.440735	47.139725	-303.599976
1525628539.206697	1525628539.206697	37.344376	47.818329	-304.201019
1525628539.206767	1525628539.206767	37.794952	47.895020	-304.425079
1525628539.226026	1525628539.226026	39.073868	48.649643	-304.950409
1525628539.226137	1525628539.226137	39.076462	49.175003	-305.178314
1525628539.245826	1525628539.245826	39.903427	49.478378	-305.777466
1525628539.245934	1525628539.245934	40.731064	49.931763	-306.377472
1525628539.265701	1525628539.265701	41.182770	50.308121	-306.378204
1525628539.265812	1525628539.265812	42.158417	50.386490	-306.675720
1525628539.284915	1525628539.284915	42.535263	50.762848	-306.826660
1525628539.285848	1525628539.285848	43.212906	51.215775	-307.427094
1525628539.304494	1525628539.304494	43.515076	51.666916	-307.578674
1525628539.304603	1525628539.304603	44.189453	51.444489	-307.950439
1525628539.324187	1525628539.324187	45.016495	51.896973	-307.950439
1525628539.324294	1525628539.324294	44.791290	51.821518	-308.100677
1525628539.343858	1525628539.343858	45.242615	52.048325	-308.400574
1525628539.343967	1525628539.343967	45.617966	52.124451	-308.399872
1525628539.363551	1525628539.363551	45.767853	52.050232	-308.624023
1525628539.363661	1525628539.363661	46.068115	52.126022	-308.548553
1525628539.383274	1525628539.383274	45.843384	52.200241	-308.474609
1525628539.383383	1525628539.383383	46.143051	52.126144	-308.473297
1525628539.403227	1525628539.403227	45.994995	52.575592	-308.401215
1525628539.403446	1525628539.403446	45.692291	51.974686	-308.398804
1525628539.422607	1525628539.422607	45.544724	52.499344	-308.477142
1525628539.422715	1525628539.422715	45.316711	51.898209	-308.174561
1525628539.442167	1525628539.442167	45.317551	52.048431	-308.325378
1525628539.442235	1525628539.442235	44.793396	52.271652	-308.178162
1525628539.462164	1525628539.462164	44.866867	51.897095	-308.325897
1525628539.462237	1525628539.462237	44.343735	52.345306	-308.179932
1525628539.482240	1525628539.482240	43.892868	52.119171	-308.330017
1525628539.482311	1525628539.482311	44.193466	52.269958	-308.254944
1525628539.501632	1525628539.501632	43.294815	52.567276	-308.259277
1525628539.501740	1525628539.501740	43.442490	51.968277	-308.630524
1525628539.521371	1525628539.521371	43.293869	52.342377	-308.333038
1525628539.521481	1525628539.521481	43.292938	52.117493	-308.406799
1525628539.540669	1525628539.540669	43.894791	52.494522	-308.557098
1525628539.541326	1525628539.541326	43.519745	52.418839	-308.857788
1525628539.560356	1525628539.560356	43.744812	52.419632	-308.932129
1525628539.560463	1525628539.560463	43.597595	53.019318	-309.010834
1525628539.580179	1525628539.580179	43.596542	52.719757	-309.309235
1525628539.580288	1525628539.580288	43.673233	53.094986	-309.311066
1525628539.599647	1525628539.599647	43.297668	53.018524	-309.086761
1525628539.599755	1525628539.599755	43.296814	52.793747	-309.235504
1525628539.619686	1525628539.619686	43.146133	52.643295	-309.235138
1525628539.619906	1525628539.619906	42.996948	52.793076	-309.386414
1525628539.639267	1525628539.639267	42.999130	53.243301	-309.538879
1525628539.639374	1525628539.639374	42.623199	53.017288	-309.613770
1525628539.658923	1525628539.658923	43.223618	53.094208	-309.687408
1525628539.659032	1525628539.659032	43.000336	53.543091	-309.390503
1525628539.678587	1525628539.678587	42.999100	53.168762	-309.838470
1525628539.678700	1525628539.678700	43.226730	53.769333	-309.766083
1525628539.698039	1525628539.698039	43.149994	53.319550	-310.063843
1525628539.698147	1525628539.698147	43.376175	53.545456	-310.214447
1525628539.717767	1525628539.717767	43.151428	53.619659	-310.140472
1525628539.717876	1525628539.717876	43.301315	53.545456	-310.364655
1525628539.737449	1525628539.737449	43.302628	53.919891	-309.991699
1525628539.737558	1525628539.737558	43.450836	53.470673	-310.213806
1525628539.757097	1525628539.757097	43.675980	53.471573	-310.363129
1525628539.757206	1525628539.757206	43.151657	53.619995	-310.365509
1525628539.776817	1525628539.776817	43.526657	53.621124	-310.364410
1525628539.776926	1525628539.776926	42.926834	53.694107	-310.216614
1525628539.796469	1525628539.796469	43.001465	53.544785	-310.515533
1525628539.796578	1525628539.796578	43.078308	53.920227	-310.667389
1525628539.816194	1525628539.816194	42.778000	53.918884	-310.368286
1525628539.816303	1525628539.816303	43.077148	53.695007	-310.516144
1525628539.836271	1525628539.836271	42.852478	53.769333	-310.517242
1525628539.836382	1525628539.836382	43.001205	53.469894	-310.590149
1525628539.855428	1525628539.855428	43.228424	53.995346	-310.442352
1525628539.855530	1525628539.855530	43.001801	53.619781	-310.515961
1525628539.875670	1525628539.875670	43.227448	53.695908	-310.815704
1525628539.875740	1525628539.875740	42.702744	53.843781	-310.443115
1525628539.895045	1525628539.895045	43.227936	53.771133	-310.966125
1525628539.895115	1525628539.895115	43.228317	53.920685	-310.666931
1525628539.914985	1525628539.914985	42.852295	53.694565	-310.666809
1525628539.915056	1525628539.915056	43.079468	54.145462	-310.818634
1525628539.934556	1525628539.934556	42.778641	53.994339	-310.668671
1525628539.934662	1525628539.934662	43.003799	53.995239	-310.818024
1525628539.954225	1525628539.954225	43.080002	54.295242	-310.669434
1525628539.954336	1525628539.954336	42.853195	53.844910	-310.892639
1525628539.973624	1525628539.973624	43.454437	54.072037	-311.117096
1525628539.974578	1525628539.974578	42.855225	54.294907	-310.895111
1525628539.993309	1525628539.993309	43.229095	53.996353	-311.117340
1525628539.993415	1525628539.993415	42.930298	54.295242	-310.969910
1525628540.013021	1525628540.013021	42.780029	54.219910	-311.044922
1525628540.013131	1525628540.013131	42.930450	54.295471	-311.119904
1525628540.032648	1525628540.032648	42.554169	53.994446	-311.194366
1525628540.032757	1525628540.032757	42.704086	53.994781	-311.118927
1525628540.052543	1525628540.052543	42.781357	54.445358	-311.346161
1525628540.052968	1525628540.052968	43.006088	54.371155	-311.420074
1525628540.072055	1525628540.072055	42.857178	54.595825	-311.496765
1525628540.072164	1525628540.072164	42.557663	54.670135	-311.648071
1525628540.091712	1525628540.091712	43.157745	54.672058	-311.721283
1525628540.091823	1525628540.091823	42.858078	54.746155	-311.722595
1525628540.111379	1525628540.111379	43.608475	54.748978	-312.095367
1525628540.111488	1525628540.111488	43.909866	55.124420	-311.796509
1525628540.131054	1525628540.131054	43.759827	55.049423	-312.096558
1525628540.131131	1525628540.131131	43.984299	54.900330	-312.245056
1525628540.150872	1525628540.150872	43.834976	55.049866	-312.246338
1525628540.150943	1525628540.150943	44.210541	55.126343	-312.470612
1525628540.170708	1525628540.170708	44.287491	55.576462	-312.397858
1525628540.170841	1525628540.170841	44.285431	55.051895	-312.695007
1525628540.190605	1525628540.190605	44.585663	55.053131	-312.919067
1525628540.190678	1525628540.190678	44.211517	55.276794	-312.771423
1525628540.210013	1525628540.210013	44.661667	55.278366	-312.920074
1525628540.210121	1525628540.210121	44.738022	55.578598	-312.921509
1525628540.230298	1525628540.230298	44.963135	55.504944	-313.370422
1525628540.230408	1525628540.230408	45.038177	55.579727	-313.070648
1525628540.249785	1525628540.249785	44.737167	55.353821	-313.070282
1525628540.249896	1525628540.249896	45.112732	55.430283	-313.294556
1525628540.268734	1525628540.268734	44.964493	55.804947	-313.372070
1525628540.270269	1525628540.270269	45.114120	55.655853	-313.670807
1525628540.288276	1525628540.288276	44.965576	56.030075	-313.448334
1525628540.289848	1525628540.289848	45.040741	56.030518	-313.598083
1525628540.308148	1525628540.308148	45.341309	56.106750	-313.822632
1525628540.308269	1525628540.308269	44.966415	56.180298	-313.599152
1525628540.327610	1525628540.327610	45.042206	56.256195	-314.049316
1525628540.328027	1525628540.328027	44.816971	56.255188	-313.825012
1525628540.347245	1525628540.347245	44.591522	56.104843	-314.049835
1525628540.347323	1525628540.347323	45.042435	56.256531	-314.274323
1525628540.366702	1525628540.366702	44.518097	56.404968	-314.276703
1525628540.366750	1525628540.366750	44.966827	56.106430	-314.348724
1525628540.386396	1525628540.386396	44.744125	56.630646	-314.277283
1525628540.386446	1525628540.386446	44.743179	56.405762	-314.351044
1525628540.406050	1525628540.406050	44.744263	56.630875	-314.427277
1525628540.406101	1525628540.406101	44.293442	56.479294	-314.277802
1525628540.425798	1525628540.425798	44.594070	56.555649	-314.577332
1525628540.425851	1525628540.425851	44.219330	56.629410	-314.503845
1525628540.445482	1525628540.445482	44.367722	56.254974	-314.576355
1525628540.445528	1525628540.445528	44.294342	56.629639	-314.503632
1525628540.464947	1525628540.464947	44.144104	56.628845	-314.279053
1525628540.464995	1525628540.464995	44.442795	56.255310	-314.651123
1525628540.484866	1525628540.484866	43.994186	56.628510	-314.354523
1525628540.484937	1525628540.484937	43.919571	56.628845	-314.729736
1525628540.504632	1525628540.504632	43.771255	57.003418	-314.732239
1525628540.504695	1525628540.504695	43.543243	56.402283	-314.429626
1525628540.524638	1525628540.524638	43.768539	56.403397	-314.728973
1525628540.524760	1525628540.524760	43.544403	56.627502	-314.580872
1525628540.544328	1525628540.544328	43.768463	56.403290	-314.653961
1525628540.544448	1525628540.544448	43.544739	56.702515	-314.581268
1525628540.564020	1525628540.564020	43.767532	56.178391	-314.727722
1525628540.564140	1525628540.564140	43.544632	56.627838	-314.805847
1525628540.583542	1525628540.583542	43.319473	56.626938	-314.656525
1525628540.583627	1525628540.583627	43.393356	56.327499	-314.879669
1525628540.603411	1525628540.603411	43.245087	56.776611	-314.582581
1525628540.603488	1525628540.603488	43.319550	56.627060	-314.731537
1525628540.623003	1525628540.623003	43.396057	56.927505	-314.882965
1525628540.623157	1525628540.623157	42.869553	56.625702	-314.732880
1525628540.642908	1525628540.642908	43.319443	56.552383	-314.956146
1525628540.643018	1525628540.643018	42.495407	56.849365	-314.585236
1525628540.662434	1525628540.662434	42.719772	56.625595	-314.958344
1525628540.662821	1525628540.662821	42.796310	57.000610	-314.810150
1525628540.682691	1525628540.682691	42.570297	56.774918	-314.809570
1525628540.683140	1525628540.683140	43.019775	56.626495	-314.957428
1525628540.701789	1525628540.701789	42.270477	56.848801	-314.660889
1525628540.701910	1525628540.701910	42.344467	56.624023	-314.659424
1525628540.721672	1525628540.721672	42.271790	57.074265	-314.962158
1525628540.721790	1525628540.721790	42.120026	56.698685	-314.885529
1525628540.741086	1525628540.741086	42.496048	56.924820	-314.885651
1525628540.741207	1525628540.741207	41.895782	56.848129	-314.962036
1525628540.760947	1525628540.760947	42.120148	56.773346	-314.660919
1525628540.761068	1525628540.761068	41.746490	57.072235	-314.663696
1525628540.780553	1525628540.780553	41.669540	56.622116	-314.736450
1525628540.780675	1525628540.780675	41.669876	56.697113	-314.736877
1525628540.800195	1525628540.800195	40.995209	56.770096	-314.739288
1525628540.800305	1525628540.800305	41.218857	56.470764	-314.736969
1525628540.819815	1525628540.819815	41.444717	56.696213	-314.587555
1525628540.819936	1525628540.819936	41.294342	56.546219	-314.887146
1525628540.839417	1525628540.839417	41.146103	56.920883	-314.964691
1525628540.839500	1525628540.839500	40.769974	56.769089	-314.514954
1525628540.859104	1525628540.859104	40.995544	56.845093	-314.739716
1525628540.859218	1525628540.859218	40.844452	56.619522	-314.663910
1525628540.879043	1525628540.879043	40.919006	56.470093	-314.887878
1525628540.879178	1525628540.879178	40.995621	56.845215	-314.814697
1525628540.899385	1525628540.899385	40.694534	56.619186	-314.739380
1525628540.899456	1525628540.899456	40.844116	56.544525	-314.663483
1525628540.919363	1525628540.919363	40.544968	56.768402	-314.515625
1525628540.919580	1525628540.919580	40.694595	56.619308	-314.814362
1525628540.938416	1525628540.938416	40.396469	57.068192	-314.667725
1525628540.938532	1525628540.938532	40.768784	56.469299	-314.663300
1525628540.957684	1525628540.957684	40.844864	56.694641	-314.739319
1525628540.957794	1525628540.957794	40.319595	56.618179	-314.815460
1525628540.977215	1525628540.977215	40.619751	56.619308	-314.964600
1525628540.977322	1525628540.977322	40.395721	56.918076	-314.591919
1525628540.997080	1525628540.997080	40.317902	56.243164	-314.813416
1525628540.997188	1525628540.997188	40.545197	56.768753	-314.740631
1525628541.016734	1525628541.016734	40.170349	56.767853	-314.891754
1525628541.016843	1525628541.016843	40.469070	56.468857	-314.964233
1525628541.036698	1525628541.036698	39.944550	56.691498	-314.441986
1525628541.036914	1525628541.036914	40.169525	56.617615	-314.740936
1525628541.056130	1525628541.056130	40.096207	56.992401	-314.743225
1525628541.056238	1525628541.056238	39.945541	56.841949	-314.742828
1525628541.075813	1525628541.075813	40.319855	56.693069	-314.740906
1525628541.075921	1525628541.075921	40.169632	56.692291	-314.516327
1525628541.115796	1525628541.115796	40.168808	56.393066	-315.039703
1525628541.115873	1525628541.115873	40.170380	56.842407	-314.592163
1525628541.116196	1525628541.116196	39.868851	56.466721	-314.740997
1525628541.116257	1525628541.116257	40.170090	56.692963	-314.966339
1525628541.134899	1525628541.134899	39.721848	57.066727	-315.044739
1525628541.135025	1525628541.135025	40.170425	56.767960	-314.966766
1525628541.154747	1525628541.154747	40.321701	57.068298	-314.892944
1525628541.154863	1525628541.154863	39.945419	56.767288	-314.967438
1525628541.174310	1525628541.174310	39.946518	56.992401	-315.043640
1525628541.174434	1525628541.174434	39.945908	56.842514	-315.117828
1525628541.193946	1525628541.193946	40.246323	56.918518	-315.192352
1525628541.194069	1525628541.194069	40.172195	57.143082	-315.043793
1525628541.213702	1525628541.213702	40.545319	56.694427	-315.190216
1525628541.213825	1525628541.213825	40.547379	57.069992	-315.567261
1525628541.233110	1525628541.233110	40.546997	57.069427	-315.192261
1525628541.233221	1525628541.233221	40.997467	57.071457	-315.640930
1525628541.253202	1525628541.253202	40.772232	57.070450	-315.416595
1525628541.253275	1525628541.253275	40.846451	56.846008	-315.640137
1525628541.272626	1525628541.272626	40.998245	57.296112	-315.417175
1525628541.272747	1525628541.272747	40.846603	56.846237	-315.790131
1525628541.292333	1525628541.292333	41.221786	56.922119	-315.639435
1525628541.292426	1525628541.292426	40.922653	57.146011	-315.491577
1525628541.311945	1525628541.311945	40.996902	56.847122	-316.089752
1525628541.312062	1525628541.312062	41.074493	57.521683	-315.643188
1525628541.331841	1525628541.331841	40.996521	56.846558	-315.714722
1525628541.331955	1525628541.331955	41.298218	57.222473	-315.715881
1525628541.351940	1525628541.351940	41.072464	57.071671	-315.640717
1525628541.352074	1525628541.352074	41.447922	57.073486	-316.089630
1525628541.371212	1525628541.371212	41.075317	57.671921	-315.794006
1525628541.371423	1525628541.371423	41.598373	57.223602	-315.864990
1525628541.391538	1525628541.391538	41.449387	57.448151	-315.866669
1525628541.391653	1525628541.391653	40.999374	57.446793	-315.868011
1525628541.410479	1525628541.410479	41.373260	57.148254	-316.090271
1525628541.410602	1525628541.410602	41.224121	57.372589	-315.941925
1525628541.433011	1525628541.433011	41.298523	57.222916	-316.015900
1525628541.433132	1525628541.433132	41.298935	57.298035	-316.091309
1525628541.449756	1525628541.449756	41.073929	57.297363	-316.091980
1525628541.449876	1525628541.449876	41.448746	57.223709	-316.240448
1525628541.472819	1525628541.472819	41.300095	57.523270	-316.242554
1525628541.473105	1525628541.473105	41.297546	56.923477	-316.389252
1525628541.489115	1525628541.489115	41.373932	57.298264	-316.091095
1525628541.489234	1525628541.489234	41.224274	57.372818	-316.091949
1525628541.510130	1525628541.510130	41.598679	57.224045	-316.165009
1525628541.510205	1525628541.510205	41.074524	57.447250	-316.017792
1525628541.528632	1525628541.528632	41.525177	57.524048	-316.316864
1525628541.528748	1525628541.528748	41.524612	57.448715	-316.091461
1525628541.549043	1525628541.549043	41.373260	57.148254	-316.090271
1525628541.549169	1525628541.549169	41.599380	57.448593	-315.866211
1525628541.567784	1525628541.567784	41.449875	57.523376	-316.017090
1525628541.567879	1525628541.567879	41.898865	57.299713	-316.014526
1525628541.588220	1525628541.588220	41.525055	57.598373	-315.867249
1525628541.588338	1525628541.588338	41.522842	57.073593	-316.014404
1525628541.607372	1525628541.607372	41.523941	57.298706	-316.090637
1525628541.607489	1525628541.607489	41.300278	57.598038	-316.092957
1525628541.626998	1525628541.626998	41.749130	57.374161	-315.940369
1525628541.627159	1525628541.627159	41.674728	57.523819	-315.866394
1525628541.646820	1525628541.646820	41.597687	57.073593	-315.864166
1525628541.646944	1525628541.646944	41.599915	57.598373	-315.717041
1525628541.666395	1525628541.666395	41.300049	57.597702	-315.867920
1525628541.666776	1525628541.666776	41.824951	57.524612	-316.090973
1525628541.687033	1525628541.687033	41.523941	57.298706	-316.090637
1525628541.687272	1525628541.687272	41.747925	57.074371	-316.088745
1525628541.705732	1525628541.705732	41.524872	57.523605	-316.016876
1525628541.705854	1525628541.705854	41.449692	57.448593	-316.166687
1525628541.725531	1525628541.725531	41.974808	57.524841	-315.940521
1525628541.725643	1525628541.725643	41.373856	57.298141	-316.016083
1525628541.745071	1525628541.745071	41.524353	57.373825	-316.166046
1525628541.745193	1525628541.745193	41.525208	57.598602	-316.017273
1525628541.765326	1525628541.765326	41.448929	57.298477	-316.090881
1525628541.765450	1525628541.765450	41.524841	57.449051	-316.316437
1525628541.784466	1525628541.784466	41.000168	57.522476	-316.318420
1525628541.784581	1525628541.784581	41.449234	57.298935	-316.390869
1525628541.805960	1525628541.805960	41.000961	57.747147	-316.094696
1525628541.806364	1525628541.806364	41.225098	57.523041	-316.242767
1525628541.823811	1525628541.823811	41.525620	57.673721	-316.092712
1525628541.823933	1525628541.823933	41.224609	57.447815	-316.092377
1525628541.844638	1525628541.844638	41.598785	57.298706	-315.940399
1525628541.844752	1525628541.844752	41.149872	57.522476	-316.017975
1525628541.863245	1525628541.863245	41.223663	57.222916	-316.166107
1525628541.863366	1525628541.863366	41.301453	57.823273	-316.244202
1525628541.885615	1525628541.885615	41.224533	57.447693	-316.017365
1525628541.885690	1525628541.885690	41.449692	57.448593	-316.166687
1525628541.903379	1525628541.903379	41.224274	57.372818	-316.091949
1525628541.903491	1525628541.903491	41.223663	57.222916	-316.166107
1525628541.925234	1525628541.925234	41.301041	57.748154	-316.168762
1525628541.925309	1525628541.925309	41.298264	57.148026	-316.090485
1525628541.941905	1525628541.941905	41.375580	57.598724	-316.392731
1525628541.942014	1525628541.942014	40.850845	57.672028	-316.319702
1525628541.963497	1525628541.963497	41.524658	57.374268	-316.466064
1525628541.963570	1525628541.963570	41.301193	57.748383	-316.318756
1525628541.981289	1525628541.981289	41.299423	57.373260	-316.241730
1525628541.981363	1525628541.981363	41.376114	57.748489	-316.243561
1525628542.001814	1525628542.001814	41.225403	57.523499	-316.542755
1525628542.001881	1525628542.001881	41.300323	57.523605	-316.467560
1525628542.020846	1525628542.020846	41.226105	57.748047	-316.244019
1525628542.020917	1525628542.020917	41.374390	57.298935	-316.541077
1525628542.041923	1525628542.041923	41.226227	57.673721	-316.693573
1525628542.041992	1525628542.041992	41.001068	57.672821	-316.544250
1525628542.064722	1525628542.064722	41.301346	57.748611	-316.468781
1525628542.064838	1525628542.064838	40.701599	57.821701	-316.395966
1525628542.080241	1525628542.080241	41.225067	57.448486	-316.542358
1525628542.080352	1525628542.080352	41.226944	57.898270	-316.394836
1525628542.100522	1525628542.100522	41.150589	57.598038	-316.393402
1525628542.100632	1525628542.100632	41.225174	57.523148	-316.317749
1525628542.119275	1525628542.119275	40.774673	57.446579	-316.168701
1525628542.120303	1525628542.120303	41.223938	57.297806	-316.091553
1525628542.139840	1525628542.139840	40.773697	57.296127	-315.867859
1525628542.139960	1525628542.139960	40.771530	56.845886	-315.715393
1525628542.158587	1525628542.158587	40.997467	57.071457	-315.640930
1525628542.158697	1525628542.158697	40.547577	57.144775	-315.417694
1525628542.184362	1525628542.184362	40.771561	56.920441	-315.415771
1525628542.184437	1525628542.184437	40.472229	57.069550	-315.417511
1525628542.197793	1525628542.197793	40.621216	56.844986	-315.415802
1525628542.197969	1525628542.197969	40.773392	57.295670	-315.567841
1525628542.217626	1525628542.217626	40.397491	57.144211	-315.343140
1525628542.217736	1525628542.217736	40.697342	57.144882	-315.192230
1525628542.237080	1525628542.237080	40.323059	57.219330	-315.568756
1525628542.237153	1525628542.237153	40.471817	56.994431	-315.342102
1525628542.256674	1525628542.256674	40.698318	57.295334	-315.493073
1525628542.256742	1525628542.256742	40.547150	57.069656	-315.342285
1525628542.276548	1525628542.276548	40.923401	57.296127	-315.567383
1525628542.276618	1525628542.276618	40.623245	57.294998	-315.418274
1525628542.296296	1525628542.296296	41.072464	57.071671	-315.640717
1525628542.296366	1525628542.296366	40.923172	57.295776	-315.342407
1525628542.316370	1525628542.316370	40.697571	57.145218	-315.417236
1525628542.316440	1525628542.316440	40.773468	57.295776	-315.642853
1525628542.335859	1525628542.335859	40.623245	57.294998	-315.418274
1525628542.336628	1525628542.336628	40.698395	57.295441	-315.568054
1525628542.355635	1525628542.355635	40.548691	57.444443	-315.194336
1525628542.355742	1525628542.355742	40.546143	56.844650	-315.341064
1525628542.374966	1525628542.374966	40.998474	57.296448	-315.642181
1525628542.375557	1525628542.375557	40.396225	56.844315	-315.416473
1525628542.395571	1525628542.395571	40.996155	56.845993	-315.339722
1525628542.395681	1525628542.395681	40.472000	57.069199	-315.192505
1525628542.414348	1525628542.414348	40.620392	56.694763	-315.264984
1525628542.414455	1525628542.414455	40.697159	57.070099	-315.341858
1525628542.433987	1525628542.433987	40.546600	56.994324	-315.116882
1525628542.434108	1525628542.434108	40.771149	56.845322	-315.340393
1525628542.453611	1525628542.453611	40.471222	56.844543	-315.416260
1525628542.453826	1525628542.453826	40.771378	56.845673	-315.565369
1525628542.473434	1525628542.473434	40.771927	57.069992	-315.116608
1525628542.473541	1525628542.473541	40.770889	56.770432	-315.414948
1525628542.493026	1525628542.493026	41.146301	56.846680	-315.489258
1525628542.493133	1525628542.493133	40.771896	56.995438	-315.416199
1525628542.512589	1525628542.512589	40.922455	57.071228	-315.641174
1525628542.512697	1525628542.512697	40.997086	57.070892	-315.265930
1525628542.532528	1525628542.532528	40.846558	56.920670	-315.415558
1525628542.532638	1525628542.532638	40.773315	57.295563	-315.492859
1525628542.552092	1525628542.552092	40.547150	57.069656	-315.342285
1525628542.552201	1525628542.552201	40.996292	56.846222	-315.489716
1525628542.571774	1525628542.571774	40.471924	57.069092	-315.117523
1525628542.571881	1525628542.571881	40.771149	56.845322	-315.340393
1525628542.591332	1525628542.591332	41.073257	57.296341	-315.416931
1525628542.591440	1525628542.591440	40.697906	57.220230	-315.417664
1525628542.611016	1525628542.611016	40.996902	56.996109	-315.415527
1525628542.611125	1525628542.611125	40.772156	57.070328	-315.341614
1525628542.630827	1525628542.630827	40.771225	56.845444	-315.415375
1525628542.630931	1525628542.630931	40.772156	57.070328	-315.341614
1525628542.650510	1525628542.650510	40.621750	56.994766	-315.266632
1525628542.650618	1525628542.650618	40.921478	56.920776	-315.340363
1525628542.670644	1525628542.670644	40.395874	56.769318	-315.416077
1525628542.670753	1525628542.670753	40.546036	56.769989	-315.565613
1525628542.689859	1525628542.689859	40.697342	57.144882	-315.192230
1525628542.689930	1525628542.689930	40.621063	56.844772	-315.265808
1525628542.709627	1525628542.709627	40.997345	57.145782	-315.191345
1525628542.709697	1525628542.709697	40.847153	57.070557	-315.341400
1525628542.729470	1525628542.729470	40.771149	56.845322	-315.340393
1525628542.729539	1525628542.729539	40.771927	57.069992	-315.116608
1525628542.749435	1525628542.749435	40.771072	56.845215	-315.265381
1525628542.749506	1525628542.749506	40.997009	57.070770	-315.190918
1525628542.769263	1525628542.769263	40.545135	56.619644	-315.339813
1525628542.769563	1525628542.769563	41.070740	56.771103	-315.264069
1525628542.788832	1525628542.788832	40.621552	56.919983	-315.416229
1525628542.788940	1525628542.788940	40.770996	56.845108	-315.190369
1525628542.808627	1525628542.808627	40.848587	57.370682	-315.418030
1525628542.808751	1525628542.808751	40.546997	57.069427	-315.192261
1525628542.827661	1525628542.827661	40.772232	57.070450	-315.416595
1525628542.827768	1525628542.827768	40.697754	57.220001	-315.267639
1525628542.847346	1525628542.847346	40.546143	56.844650	-315.341064
1525628542.847455	1525628542.847455	40.547226	57.069763	-315.417267
1525628542.866896	1525628542.866896	40.171066	56.843414	-315.267151
1525628542.867004	1525628542.867004	40.920654	56.770554	-315.189514
1525628542.886882	1525628542.886882	40.847229	57.070663	-315.416382
1525628542.887098	1525628542.887098	40.770950	56.770554	-315.489960
1525628542.906433	1525628542.906433	40.846146	56.845551	-315.340149
1525628542.906540	1525628542.906540	40.697052	56.995438	-315.566406
1525628542.951015	1525628542.951015	41.372055	56.997467	-315.564392
1525628542.951085	1525628542.951085	40.847504	57.145554	-315.341797
1525628542.951400	1525628542.951400	40.997238	57.071121	-315.415924
1525628542.951461	1525628542.951461	40.772797	57.294769	-314.967865
1525628542.965438	1525628542.965438	40.694977	56.619873	-315.189362
1525628542.965560	1525628542.965560	40.771149	56.845322	-315.340393
1525628542.984996	1525628542.984996	40.396561	56.919312	-315.416901
1525628542.985120	1525628542.985120	41.146896	56.996567	-315.415070
1525628543.004708	1525628543.004708	40.771896	56.995438	-315.416199
1525628543.004803	1525628543.004803	40.771225	56.845444	-315.415375
1525628543.024535	1525628543.024535	40.772797	57.145782	-315.642029
1525628543.024621	1525628543.024621	40.471924	57.069092	-315.117523
1525628543.044373	1525628543.044373	41.147232	57.071564	-315.415497
1525628543.044480	1525628543.044480	40.846664	56.995331	-315.190948
1525628543.064148	1525628543.064148	40.695541	56.695206	-315.414764
1525628543.064266	1525628543.064266	41.147232	57.071564	-315.415497
1525628543.083683	1525628543.083683	40.772308	57.070557	-315.491608
1525628543.083949	1525628543.083949	41.221786	56.922119	-315.639435
1525628543.103393	1525628543.103393	40.772339	57.145111	-315.192017
1525628543.103536	1525628543.103536	40.996292	56.846222	-315.489716
1525628543.122833	1525628543.122833	40.848251	57.295670	-315.417603
1525628543.122951	1525628543.122951	40.996292	56.846222	-315.489716
1525628543.142602	1525628543.142602	41.221451	56.847122	-315.639038
1525628543.142712	1525628543.142712	40.621292	56.845108	-315.490814
1525628543.162238	1525628543.162238	40.997238	57.071121	-315.415924
1525628543.162359	1525628543.162359	40.622650	57.145111	-315.492462
1525628543.182097	1525628543.182097	40.771027	56.770660	-315.564941
1525628543.182218	1525628543.182218	40.996368	56.846344	-315.564697
1525628543.201681	1525628543.201681	40.772461	57.070786	-315.641602
1525628543.201798	1525628543.201798	40.996780	56.921448	-315.640106
1525628543.221367	1525628543.221367	40.921631	56.921005	-315.490356
1525628543.221479	1525628543.221479	40.996033	56.771332	-315.564270
1525628543.241035	1525628543.241035	40.772308	57.070557	-315.491608
1525628543.241147	1525628543.241147	40.546036	56.769989	-315.565613
1525628543.260616	1525628543.260616	40.771378	56.845673	-315.565369
1525628543.260732	1525628543.260732	40.772156	57.070328	-315.341614
1525628543.280542	1525628543.280542	40.772385	57.070663	-315.566589
1525628543.280657	1525628543.280657	40.998993	57.446228	-315.493011
1525628543.300134	1525628543.300134	40.696228	56.845215	-315.415588
1525628543.300255	1525628543.300255	41.072235	57.071335	-315.415710
1525628543.319858	1525628543.319858	40.697311	57.070328	-315.491852
1525628543.319979	1525628543.319979	40.996857	56.921555	-315.715118
1525628543.339565	1525628543.339565	40.997574	57.146118	-315.416351
1525628543.339741	1525628543.339741	40.996033	56.771332	-315.564270
1525628543.359247	1525628543.359247	41.220551	56.696777	-315.413208
1525628543.359366	1525628543.359366	40.772232	57.070450	-315.416595
1525628543.378919	1525628543.378919	41.222458	57.072128	-315.640259
1525628543.379037	1525628543.379037	41.147232	57.071564	-315.415497
1525628543.413827	1525628543.413827	40.996445	56.846451	-315.639709
1525628543.413912	1525628543.413912	41.297546	57.072464	-315.715057
1525628543.419886	1525628543.419886	40.922455	57.071228	-315.641174
1525628543.419968	1525628543.419968	41.373703	57.297913	-315.866058
1525628543.437765	1525628543.437765	40.998703	57.296799	-315.867188
1525628543.437862	1525628543.437862	41.297913	57.073029	-316.090088
1525628543.458009	1525628543.458009	41.300629	57.673035	-316.093384
1525628543.458083	1525628543.458083	41.074799	57.522141	-315.943207
1525628543.477393	1525628543.477393	41.375031	57.523376	-316.167297
1525628543.477511	1525628543.477511	41.223709	57.297470	-315.866516
1525628543.497518	1525628543.497518	41.298859	57.297913	-316.016296
1525628543.497627	1525628543.497627	41.075134	57.597137	-315.943604
1525628543.516790	1525628543.516790	40.923782	57.296692	-315.942413
1525628543.516957	1525628543.516957	41.447311	57.072571	-315.489594
1525628543.538974	1525628543.538974	41.222580	57.146790	-315.415680
1525628543.539110	1525628543.539110	41.222382	57.072021	-315.565247
1525628543.556110	1525628543.556110	41.073441	57.371124	-315.267365
1525628543.556230	1525628543.556230	40.996628	56.921219	-315.490112
1525628543.575783	1525628543.575783	41.298325	57.297134	-315.491272
1525628543.575904	1525628543.575904	41.148254	57.296570	-315.416718
1525628543.595431	1525628543.595431	41.221832	56.996674	-315.339874
1525628543.595549	1525628543.595549	41.073181	57.296234	-315.341949
1525628543.615262	1525628543.615262	41.296417	56.921783	-315.264221
1525628543.615376	1525628543.615376	41.297913	57.222015	-315.415863
1525628543.634720	1525628543.634720	41.148254	57.296570	-315.416718
1525628543.634833	1525628543.634833	41.372314	57.072357	-315.489838
1525628543.654537	1525628543.654537	41.073929	57.446350	-315.417755
1525628543.654648	1525628543.654648	41.296707	56.922241	-315.564209
1525628543.674226	1525628543.674226	41.147919	57.221573	-315.416321
1525628543.674339	1525628543.674339	41.147507	57.146454	-315.340912
1525628543.693819	1525628543.693819	41.222305	57.071899	-315.490265
1525628543.693935	1525628543.693935	41.071487	56.921219	-315.339905
1525628543.713382	1525628543.713382	41.221146	56.846680	-315.339050
1525628543.713496	1525628543.713496	40.923019	57.295563	-315.192383
1525628543.733209	1525628543.733209	41.297501	57.146896	-315.340454
1525628543.733307	1525628543.733307	41.222305	57.071899	-315.490265
1525628543.753214	1525628543.753214	40.996826	56.996002	-315.340546
1525628543.753328	1525628543.753328	41.221558	56.921783	-315.414429
1525628543.772659	1525628543.772659	41.222427	57.146561	-315.265686
1525628543.772816	1525628543.772816	41.071228	56.846344	-315.414459
1525628543.792622	1525628543.792622	41.372162	57.072128	-315.339844
1525628543.792779	1525628543.792779	40.847427	57.145447	-315.266785
1525628543.811963	1525628543.811963	41.222504	57.146683	-315.340698
1525628543.812085	1525628543.812085	41.297958	57.296570	-315.116272
1525628543.831739	1525628543.831739	41.446075	56.847244	-315.263367
1525628543.831859	1525628543.831859	41.222687	57.221451	-315.191071
1525628543.851428	1525628543.851428	40.998016	57.295776	-315.192169
1525628543.851546	1525628543.851546	41.296234	56.847015	-315.413788
1525628543.871110	1525628543.871110	41.072006	57.070999	-315.190704
1525628543.871222	1525628543.871222	41.071228	56.846344	-315.414459
1525628543.890674	1525628543.890674	41.222992	57.221909	-315.491089
1525628543.890787	1525628543.890787	41.297165	57.071899	-315.340057
1525628543.910373	1525628543.910373	41.071411	56.921112	-315.264893
1525628543.910494	1525628543.910494	40.846863	57.070099	-315.041382
1525628543.930170	1525628543.930170	41.296906	56.997009	-315.414612
1525628543.930287	1525628543.930287	41.146561	56.921555	-315.414673
1525628543.949841	1525628543.949841	41.071152	56.846222	-315.339478
1525628543.949963	1525628543.949963	41.221939	57.071335	-315.115265
1525628543.969651	1525628543.969651	40.922165	57.070786	-315.341187
1525628543.969778	1525628543.969778	41.296906	56.997009	-315.414612
1525628543.989263	1525628543.989263	40.998856	57.446014	-315.343018
1525628543.989384	1525628543.989384	41.146301	56.846680	-315.489258
1525628544.008954	1525628544.008954	41.071411	56.921112	-315.264893
1525628544.009074	1525628544.009074	40.848099	57.295441	-315.267609
1525628544.028786	1525628544.028786	41.220993	56.846451	-315.189026
1525628544.028899	1525628544.028899	41.222015	57.071457	-315.190247
1525628544.048441	1525628544.048441	41.295364	56.622223	-315.562561
1525628544.048560	1525628544.048560	41.222092	57.071564	-315.265259
1525628544.068267	1525628544.068267	40.996231	56.846115	-315.414703
1525628544.070886	1525628544.070886	41.521683	56.997345	-315.188934
1525628544.087691	1525628544.087691	41.072159	57.071228	-315.340729
1525628544.087798	1525628544.087798	41.221451	56.847122	-315.639038
1525628544.107377	1525628544.107377	40.997910	57.221115	-315.416748
1525628544.107487	1525628544.107487	40.994873	56.546097	-315.413055
1525628544.127060	1525628544.127060	41.296783	56.922348	-315.639221
1525628544.127168	1525628544.127168	41.071976	56.996445	-315.490295
1525628544.146742	1525628544.146742	40.996368	56.846344	-315.564697
1525628544.146850	1525628544.146850	40.997238	57.071121	-315.415924
1525628544.166609	1525628544.166609	41.220779	56.697113	-315.638214
1525628544.166678	1525628544.166678	41.071381	56.846558	-315.564453
1525628544.186808	1525628544.186808	40.771530	56.845886	-315.715393
1525628544.186882	1525628544.186882	40.996262	56.771667	-315.789276
1525628544.235662	1525628544.235662	40.923248	57.295898	-315.417389
1525628544.235799	1525628544.235799	40.771332	56.771118	-315.864960
1525628544.236742	1525628544.236742	40.998627	57.296677	-315.792175
1525628544.236805	1525628544.236805	40.997681	57.071793	-315.865936
1525628544.245562	1525628544.245562	41.299194	57.372925	-316.016724
1525628544.245677	1525628544.245677	40.998886	57.371567	-315.717590
1525628544.264880	1525628544.264880	40.998596	57.222137	-316.091797
1525628544.265358	1525628544.265358	40.999008	57.297241	-316.167206
1525628544.285218	1525628544.285218	40.924271	57.371918	-316.092834
1525628544.285493	1525628544.285493	41.299011	57.298141	-316.166290
1525628544.304285	1525628544.304285	41.148407	57.147812	-316.240936
1525628544.304395	1525628544.304395	41.148590	57.222580	-316.091370
1525628544.323799	1525628544.323799	41.375290	57.598267	-316.092743
1525628544.323910	1525628544.323910	41.149353	57.372696	-316.167145
1525628544.343693	1525628544.343693	41.373932	57.298264	-316.091095
1525628544.343814	1525628544.343814	40.999268	57.372131	-316.092621
1525628544.363321	1525628544.363321	41.524658	57.374268	-316.466064
1525628544.363438	1525628544.363438	41.300995	57.673599	-316.468384
1525628544.383128	1525628544.383128	41.524200	57.224609	-316.690216
1525628544.383255	1525628544.383255	42.052170	57.901093	-316.617371
1525628544.402629	1525628544.402629	41.301193	57.599396	-316.992950
1525628544.402749	1525628544.402749	41.826050	57.600739	-316.841400
1525628544.424586	1525628544.424586	41.752548	57.900742	-316.993256
1525628544.424677	1525628544.424677	41.676941	57.750626	-317.067657
1525628544.441840	1525628544.441840	41.827209	57.825974	-316.992615
1525628544.441962	1525628544.441962	41.527435	57.825409	-317.218536
1525628544.462981	1525628544.462981	41.977249	57.751984	-317.366760
1525628544.463054	1525628544.463054	41.753601	58.051315	-317.369080
1525628544.481599	1525628544.481599	41.829010	58.126648	-317.444244
1525628544.481686	1525628544.481686	41.754089	58.126541	-317.519501
1525628544.500993	1525628544.500993	41.602814	57.826202	-317.593292
1525628544.501149	1525628544.501149	42.128265	57.977432	-317.367554
1525628544.520523	1525628544.520523	41.678192	57.975983	-317.293884
1525628544.520820	1525628544.520820	41.828903	58.051987	-317.668854
1525628544.540558	1525628544.540558	41.604004	58.125977	-317.444916
1525628544.541013	1525628544.541013	41.529007	58.125763	-317.445160
1525628544.560220	1525628544.560220	41.903336	57.976883	-317.443207
1525628544.560399	1525628544.560399	41.453827	58.050751	-317.594971
1525628544.579808	1525628544.579808	41.979507	58.202332	-317.594238
1525628544.579928	1525628544.579928	41.754349	58.201431	-317.444885
1525628544.602188	1525628544.602188	41.753937	58.126312	-317.369507
1525628544.602312	1525628544.602312	41.979507	58.202332	-317.594238
1525628544.619231	1525628544.619231	41.828903	58.051987	-317.668854
1525628544.619620	1525628544.619620	42.127747	57.827652	-317.516724
1525628544.640181	1525628544.640181	41.679352	58.201202	-317.445099
1525628544.640297	1525628544.640297	41.827133	57.676865	-317.591797
1525628544.658481	1525628544.658481	41.978607	58.051987	-317.368408
1525628544.658613	1525628544.658613	41.678116	57.975861	-317.218903
1525628544.678140	1525628544.678140	42.203339	57.977783	-317.442322
1525628544.678353	1525628544.678353	41.828705	58.126205	-317.144257
1525628544.697966	1525628544.697966	41.751846	57.676193	-317.292023
1525628544.698081	1525628544.698081	41.903641	58.126312	-317.069031
1525628544.717748	1525628544.717748	41.826645	57.750626	-316.767212
1525628544.717868	1525628544.717868	42.051086	57.675964	-316.541107
1525628544.741782	1525628544.741782	41.749390	57.300049	-316.539948
1525628544.741899	1525628544.741899	41.749084	57.299606	-316.239960
