1525629205.452698	1525629205.452698	0.120468	0.981415	0.118042
1525629205.452761	1525629205.452761	0.123764	0.988419	0.127625
1525629205.456735	1525629205.456735	0.122269	0.989883	0.127853
1525629205.465895	1525629205.465895	0.120758	0.987320	0.120239
1525629205.475792	1525629205.475792	0.115234	0.987411	0.113327
1525629205.485961	1525629205.485961	0.110870	0.983627	0.109009
1525629205.495809	1525629205.495809	0.109238	0.980789	0.111847
1525629205.505716	1525629205.505716	0.110840	0.984497	0.115112
1525629205.515793	1525629205.515793	0.111008	0.983917	0.113998
1525629205.525727	1525629205.525727	0.112946	0.981354	0.114166
1525629205.535854	1525629205.535854	0.113342	0.980255	0.111633
1525629205.547153	1525629205.547153	0.115784	0.981583	0.109177
1525629205.555747	1525629205.555747	0.118637	0.983551	0.112885
1525629205.565814	1525629205.565814	0.117371	0.983017	0.115707
1525629205.576037	1525629205.576037	0.114975	0.982635	0.116226
1525629205.589485	1525629205.589485	0.108704	0.983719	0.112762
1525629205.595655	1525629205.595655	0.102661	0.982437	0.107635
1525629205.605648	1525629205.605648	0.104828	0.983124	0.106003
1525629205.615499	1525629205.615499	0.112335	0.986435	0.108536
1525629205.626181	1525629205.626181	0.117798	0.988068	0.113815
1525629205.640005	1525629205.640005	0.119629	0.991257	0.114029
1525629205.645557	1525629205.645557	0.121658	0.992828	0.110764
1525629205.655529	1525629205.655529	0.123749	0.985413	0.103470
1525629205.665514	1525629205.665514	0.129745	0.981918	0.102661
1525629205.675931	1525629205.675931	0.134720	0.985001	0.106094
1525629205.686355	1525629205.686355	0.129288	0.982956	0.106384
1525629205.695700	1525629205.695700	0.116531	0.982452	0.104630
1525629205.707081	1525629205.707081	0.105087	0.982376	0.108017
1525629205.719195	1525629205.719195	0.099792	0.981445	0.111023
1525629205.730702	1525629205.730702	0.100571	0.982635	0.107864
1525629205.736234	1525629205.736234	0.105194	0.983627	0.107788
1525629205.745787	1525629205.745787	0.112808	0.983490	0.109436
1525629205.763671	1525629205.763671	0.123337	0.985779	0.112427
1525629205.768621	1525629205.768621	0.130493	0.985779	0.113953
1525629205.785170	1525629205.785170	0.129807	0.982773	0.109253
1525629205.785303	1525629205.785303	0.124268	0.980865	0.098419
1525629205.795154	1525629205.795154	0.119781	0.980835	0.090881
1525629205.805097	1525629205.805097	0.117767	0.982117	0.083771
1525629205.815124	1525629205.815124	0.114441	0.982330	0.087982
1525629205.825214	1525629205.825214	0.105011	0.985794	0.107651
1525629205.834982	1525629205.834982	0.103348	0.990707	0.121201
1525629205.844988	1525629205.844988	0.115845	0.989319	0.123230
1525629205.855603	1525629205.855603	0.122467	0.981354	0.121918
1525629205.864987	1525629205.864987	0.120575	0.997345	0.121185
1525629205.874953	1525629205.874953	0.111877	1.006607	0.144104
1525629205.884954	1525629205.884954	0.110046	0.994385	0.231262
1525629205.894933	1525629205.894933	0.105499	0.965530	0.207397
1525629205.904886	1525629205.904886	0.072937	0.915390	0.104095
1525629205.914877	1525629205.914877	0.060272	0.917648	0.065079
1525629205.924884	1525629205.924884	0.059799	0.965942	0.050095
1525629205.934832	1525629205.934832	0.026016	0.928131	0.222305
1525629205.944919	1525629205.944919	-0.016586	0.919754	0.281265
1525629205.955560	1525629205.955560	0.059082	1.047897	-0.020584
1525629205.964761	1525629205.964761	0.175903	1.070007	0.016739
1525629205.975136	1525629205.975136	0.280045	1.023499	0.102753
1525629205.985138	1525629205.985138	0.341568	0.968781	0.128754
1525629205.995019	1525629205.995019	0.347458	0.949432	0.134613
1525629206.004830	1525629206.004830	0.319611	0.979599	0.111298
1525629206.014779	1525629206.014779	0.256271	1.018127	0.110672
1525629206.024787	1525629206.024787	0.160782	1.028854	0.156403
1525629206.035042	1525629206.035042	0.057129	1.010223	0.171234
1525629206.044991	1525629206.044991	-0.011414	0.964218	0.083649
1525629206.055075	1525629206.055075	-0.012589	0.919968	0.008759
1525629206.064928	1525629206.064928	0.042404	0.925507	0.020050
1525629206.074990	1525629206.074990	0.131058	0.976303	0.061050
1525629206.084980	1525629206.084980	0.219330	1.022278	0.084839
1525629206.095104	1525629206.095104	0.279938	1.035980	0.082260
1525629206.104869	1525629206.104869	0.299881	1.013260	0.078094
1525629206.114985	1525629206.114985	0.280533	0.979126	0.096527
1525629206.124958	1525629206.124958	0.234909	0.961090	0.119553
1525629206.134842	1525629206.134842	0.183517	0.970398	0.121475
1525629206.144791	1525629206.144791	0.136002	0.989517	0.118591
1525629206.154718	1525629206.154718	0.099838	0.994064	0.119995
1525629206.164778	1525629206.164778	0.080856	0.984802	0.120377
1525629206.174729	1525629206.174729	0.082764	0.975800	0.116379
1525629206.184784	1525629206.184784	0.109711	0.972473	0.104630
1525629206.195155	1525629206.195155	0.152222	0.976364	0.093246
1525629206.204593	1525629206.204593	0.198380	0.985046	0.082855
1525629206.214718	1525629206.214718	0.232544	0.992722	0.073730
1525629206.224542	1525629206.224542	0.246521	0.989288	0.077118
1525629206.234611	1525629206.234611	0.232025	0.982208	0.088074
1525629206.244574	1525629206.244574	0.198257	0.983643	0.090744
1525629206.254581	1525629206.254581	0.161499	0.988632	0.087814
1525629206.264609	1525629206.264609	0.136826	0.984131	0.092834
1525629206.274521	1525629206.274521	0.123337	0.976166	0.110062
1525629206.284506	1525629206.284506	0.117920	0.971573	0.129059
1525629206.294489	1525629206.294489	0.118057	0.975311	0.136292
1525629206.304419	1525629206.304419	0.125000	0.982559	0.127472
1525629206.314509	1525629206.314509	0.131393	0.985947	0.116974
1525629206.324475	1525629206.324475	0.141022	0.986862	0.100891
1525629206.334428	1525629206.334428	0.152817	0.990631	0.090271
1525629206.344469	1525629206.344469	0.160873	0.989746	0.104874
1525629206.354286	1525629206.354286	0.160934	0.989639	0.118149
1525629206.364172	1525629206.364172	0.156418	0.994049	0.115646
1525629206.374036	1525629206.374036	0.147781	0.994858	0.107285
1525629206.383885	1525629206.383885	0.141403	0.995255	0.102173
1525629206.394033	1525629206.394033	0.132553	0.994034	0.112167
1525629206.403970	1525629206.403970	0.122711	0.983322	0.125793
1525629206.413989	1525629206.413989	0.114258	0.976105	0.128189
1525629206.424006	1525629206.424006	0.113037	0.982086	0.106323
1525629206.433940	1525629206.433940	0.117142	0.993362	0.085175
1525629206.443909	1525629206.443909	0.112686	0.990570	0.116211
1525629206.454178	1525629206.454178	0.099426	0.976654	0.152405
1525629206.464165	1525629206.464165	0.087784	0.967834	0.137497
1525629206.474136	1525629206.474136	0.091080	0.973206	0.093948
1525629206.484123	1525629206.484123	0.114029	0.998138	0.065048
1525629206.494095	1525629206.494095	0.135696	1.013947	0.071686
1525629206.504079	1525629206.504079	0.132751	1.003372	0.108429
1525629206.514626	1525629206.514626	0.109680	0.991760	0.133942
1525629206.523979	1525629206.523979	0.081573	0.976013	0.140182
1525629206.534032	1525629206.534032	0.062439	0.965805	0.137665
1525629206.543868	1525629206.543868	0.059692	0.972595	0.141785
1525629206.553983	1525629206.553983	0.062302	0.987869	0.156311
1525629206.563954	1525629206.563954	0.053604	0.990372	0.171646
1525629206.574026	1525629206.574026	0.034225	0.985458	0.166290
1525629206.583916	1525629206.583916	0.018112	0.986832	0.131332
1525629206.593883	1525629206.593883	0.016647	0.988525	0.097427
1525629206.603859	1525629206.603859	0.028976	0.973724	0.093948
1525629206.613845	1525629206.613845	0.040237	0.959122	0.111465
1525629206.623861	1525629206.623861	0.037827	0.980408	0.130341
1525629206.633885	1525629206.633885	0.027481	1.012314	0.159027
1525629206.643785	1525629206.643785	0.015305	1.007111	0.187988
1525629206.653753	1525629206.653753	-0.000137	0.975342	0.209610
1525629206.663734	1525629206.663734	-0.021713	0.960068	0.219940
1525629206.673770	1525629206.673770	-0.043350	0.970917	0.210571
1525629206.683679	1525629206.683679	-0.060333	0.976074	0.189392
1525629206.693679	1525629206.693679	-0.070450	0.968796	0.170013
1525629206.703541	1525629206.703541	-0.079971	0.965652	0.151764
1525629206.713643	1525629206.713643	-0.084000	0.961441	0.126038
1525629206.723884	1525629206.723884	-0.072617	0.954727	0.105057
1525629206.733668	1525629206.733668	-0.056549	0.956909	0.107803
1525629206.743844	1525629206.743844	-0.047806	0.970200	0.126999
1525629206.753524	1525629206.753524	-0.053452	0.981445	0.148865
1525629206.764342	1525629206.764342	-0.072647	0.986633	0.167831
1525629206.773482	1525629206.773482	-0.093658	0.986496	0.169678
1525629206.784438	1525629206.784438	-0.101364	0.973801	0.170883
1525629206.793445	1525629206.793445	-0.092712	0.965088	0.171494
1525629206.803889	1525629206.803889	-0.076248	0.973114	0.154373
1525629206.813396	1525629206.813396	-0.061234	0.988907	0.124512
1525629206.823614	1525629206.823614	-0.053726	1.003769	0.089874
1525629206.833234	1525629206.833234	-0.055145	1.010071	0.065430
1525629206.845919	1525629206.845919	-0.064804	1.008530	0.044083
1525629206.853330	1525629206.853330	-0.075043	1.003265	0.028793
1525629206.863175	1525629206.863175	-0.078217	0.996567	0.064880
1525629206.873285	1525629206.873285	-0.085678	0.990906	0.116364
1525629206.883251	1525629206.883251	-0.104050	0.994019	0.138321
1525629206.893585	1525629206.893585	-0.127579	0.995651	0.162155
1525629206.903139	1525629206.903139	-0.141800	0.977875	0.179703
1525629206.913196	1525629206.913196	-0.138474	0.955582	0.174423
1525629206.923263	1525629206.923263	-0.120071	0.960861	0.153381
1525629206.933176	1525629206.933176	-0.094910	0.971039	0.149185
1525629206.943125	1525629206.943125	-0.067932	0.968750	0.139999
1525629206.953103	1525629206.953103	-0.042664	0.964569	0.137741
1525629206.963673	1525629206.963673	-0.025742	0.967346	0.138245
1525629206.973009	1525629206.973009	-0.030991	0.967972	0.139816
1525629206.983076	1525629206.983076	-0.055161	0.972427	0.151672
1525629206.993025	1525629206.993025	-0.087677	1.007614	0.152649
1525629207.003000	1525629207.003000	-0.121552	1.042862	0.164139
1525629207.012978	1525629207.012978	-0.151123	1.023590	0.197128
1525629207.022928	1525629207.022928	-0.151154	0.956924	0.200272
1525629207.032995	1525629207.032995	-0.133362	0.914871	0.180756
1525629207.042918	1525629207.042918	-0.125946	0.938583	0.168671
1525629207.052983	1525629207.052983	-0.147095	0.994827	0.174667
1525629207.063195	1525629207.063195	-0.185928	1.013748	0.157837
1525629207.072858	1525629207.072858	-0.213440	0.978409	0.137650
1525629207.082965	1525629207.082965	-0.226242	0.943100	0.127960
1525629207.092815	1525629207.092815	-0.214828	0.932953	0.130707
1525629207.102795	1525629207.102795	-0.181183	0.965622	0.146606
1525629207.112778	1525629207.112778	-0.142212	1.023376	0.143204
1525629207.122840	1525629207.122840	-0.104919	1.083969	0.124100
1525629207.132897	1525629207.132897	-0.120468	1.226334	0.141296
1525629207.142711	1525629207.142711	-0.205841	1.418121	0.227753
1525629207.152566	1525629207.152566	-0.168335	1.413681	0.263779
1525629207.162672	1525629207.162672	-0.134674	1.278824	0.424911
1525629207.172652	1525629207.172652	-0.196198	1.287628	0.350998
1525629207.182928	1525629207.182928	-0.187180	1.325363	0.340698
1525629207.192781	1525629207.192781	-0.099838	1.313461	0.446457
1525629207.202550	1525629207.202550	-0.011932	1.264954	0.450851
1525629207.212563	1525629207.212563	0.067200	1.179947	0.432892
1525629207.222621	1525629207.222621	0.125443	1.119370	0.439804
1525629207.232752	1525629207.232752	0.145050	1.116013	0.458069
1525629207.242502	1525629207.242502	0.134415	1.104385	0.444931
1525629207.252370	1525629207.252370	0.111664	1.100769	0.417694
1525629207.262461	1525629207.262461	0.088593	1.096725	0.416870
1525629207.272442	1525629207.272442	0.072800	1.042023	0.388870
1525629207.282653	1525629207.282653	0.048477	0.970108	0.326477
1525629207.292395	1525629207.292395	-0.005264	0.919296	0.302032
1525629207.302348	1525629207.302348	-0.101303	0.875870	0.301300
1525629207.312233	1525629207.312233	-0.250809	0.850189	0.307922
1525629207.322423	1525629207.322423	-0.457443	0.850449	0.339996
1525629207.332624	1525629207.332624	-0.690125	0.887299	0.381699
1525629207.342366	1525629207.342366	-0.890182	0.918594	0.415710
1525629207.352167	1525629207.352167	-0.972168	0.902512	0.411545
1525629207.362250	1525629207.362250	-0.874771	0.832687	0.315948
1525629207.372233	1525629207.372233	-0.647934	0.730057	0.158020
1525629207.382216	1525629207.382216	-0.381805	0.615570	0.038940
1525629207.392195	1525629207.392195	-0.138489	0.509460	-0.025085
1525629207.402173	1525629207.402173	0.026657	0.436768	-0.036423
1525629207.412154	1525629207.412154	0.088486	0.428467	-0.017166
1525629207.422207	1525629207.422207	0.045868	0.486313	0.052307
1525629207.432949	1525629207.432949	-0.077576	0.565109	0.151718
1525629207.443262	1525629207.443262	-0.242462	0.618118	0.218338
1525629207.452543	1525629207.452543	-0.413162	0.640366	0.252274
1525629207.462048	1525629207.462048	-0.562469	0.631348	0.269943
1525629207.472760	1525629207.472760	-0.672394	0.585724	0.285767
1525629207.482005	1525629207.482005	-0.730881	0.519943	0.294403
1525629207.492255	1525629207.492255	-0.730682	0.476151	0.304108
1525629207.502018	1525629207.502018	-0.669785	0.490005	0.307785
1525629207.512081	1525629207.512081	-0.576767	0.551437	0.318604
1525629207.522010	1525629207.522010	-0.478348	0.627243	0.337250
1525629207.532039	1525629207.532039	-0.389633	0.690628	0.360962
1525629207.541894	1525629207.541894	-0.332535	0.732895	0.386276
1525629207.551866	1525629207.551866	-0.316208	0.758835	0.414185
1525629207.561832	1525629207.561832	-0.334702	0.779007	0.429413
1525629207.571815	1525629207.571815	-0.375626	0.811081	0.424652
1525629207.581863	1525629207.581863	-0.415695	0.860840	0.407410
1525629207.591780	1525629207.591780	-0.437302	0.914139	0.391922
1525629207.602010	1525629207.602010	-0.429733	0.952957	0.397614
1525629207.611740	1525629207.611740	-0.402786	0.968979	0.421844
1525629207.621796	1525629207.621796	-0.378647	0.973206	0.454147
1525629207.631667	1525629207.631667	-0.367691	0.979858	0.485565
1525629207.641672	1525629207.641672	-0.377289	0.993042	0.513824
1525629207.651760	1525629207.651760	-0.398483	1.008667	0.535110
1525629207.661704	1525629207.661704	-0.408813	1.016724	0.535370
1525629207.671614	1525629207.671614	-0.393326	1.013931	0.514557
1525629207.681689	1525629207.681689	-0.348389	1.003830	0.477859
1525629207.691568	1525629207.691568	-0.282898	0.996140	0.443359
1525629207.701651	1525629207.701651	-0.209824	1.006119	0.422546
1525629207.711524	1525629207.711524	-0.145813	1.037582	0.421249
1525629207.721592	1525629207.721592	-0.096680	1.077850	0.427368
1525629207.731612	1525629207.731612	-0.062546	1.096085	0.417511
1525629207.741470	1525629207.741470	-0.048981	1.080826	0.386444
1525629207.751447	1525629207.751447	-0.051041	1.041168	0.342728
1525629207.761421	1525629207.761421	-0.060577	0.999512	0.310699
1525629207.771397	1525629207.771397	-0.058167	0.978271	0.292282
1525629207.781484	1525629207.781484	-0.028534	0.982391	0.257904
1525629207.791238	1525629207.791238	0.031815	0.998383	0.201706
1525629207.801343	1525629207.801343	0.100739	1.013657	0.146332
1525629207.811841	1525629207.811841	0.150711	1.012299	0.116974
1525629207.821457	1525629207.821457	0.162979	0.985397	0.115158
1525629207.831377	1525629207.831377	0.123108	0.933655	0.146408
1525629207.841263	1525629207.841263	0.035889	0.874374	0.215607
1525629207.851242	1525629207.851242	-0.070160	0.828339	0.280121
1525629207.861256	1525629207.861256	-0.175415	0.804016	0.340775
1525629207.871198	1525629207.871198	-0.266357	0.803040	0.395111
1525629207.881179	1525629207.881179	-0.333542	0.818192	0.419220
1525629207.891155	1525629207.891155	-0.369949	0.839813	0.408356
1525629207.901135	1525629207.901135	-0.377441	0.865997	0.376953
1525629207.911113	1525629207.911113	-0.360229	0.900253	0.342361
1525629207.921447	1525629207.921447	-0.325912	0.939392	0.302322
1525629207.931077	1525629207.931077	-0.283371	0.967514	0.267273
1525629207.941053	1525629207.941053	-0.236511	0.977051	0.252289
1525629207.950973	1525629207.950973	-0.192627	0.971313	0.290161
1525629207.961005	1525629207.961005	-0.115234	0.962463	0.518112
1525629207.970987	1525629207.970987	0.242584	1.135345	0.914856
1525629207.981056	1525629207.981056	1.301865	1.686935	0.490967
1525629207.991398	1525629207.991398	1.805328	2.296921	-0.812134
1525629208.007364	1525629208.007364	1.275360	2.195938	-1.302780
1525629208.010918	1525629208.010918	0.624435	1.907349	-0.766617
1525629208.020964	1525629208.020964	0.309952	1.341690	-0.023254
1525629208.030769	1525629208.030769	0.252457	0.726639	0.619186
1525629208.040839	1525629208.040839	0.199188	0.317444	0.975983
1525629208.050826	1525629208.050826	0.189117	0.229187	0.724304
1525629208.060726	1525629208.060726	0.159592	0.496674	0.221756
1525629208.070731	1525629208.070731	0.043884	0.973114	-0.097000
1525629208.081801	1525629208.081801	-0.030457	1.338074	-0.194870
1525629208.090736	1525629208.090736	0.013763	1.367645	-0.144608
1525629208.102572	1525629208.102572	0.092651	1.160736	0.008896
1525629208.110580	1525629208.110580	0.133240	0.869965	0.243744
1525629208.121166	1525629208.121166	0.131989	0.655014	0.386383
1525629208.130653	1525629208.130653	0.121689	0.638916	0.286362
1525629208.141003	1525629208.141003	0.123398	0.823029	0.067627
1525629208.150615	1525629208.150615	0.118210	1.071991	-0.061386
1525629208.160968	1525629208.160968	0.088913	1.218796	-0.098328
1525629208.170567	1525629208.170567	0.026566	1.174072	-0.057709
1525629208.180678	1525629208.180678	-0.041199	1.016479	0.022629
1525629208.190528	1525629208.190528	-0.080887	0.879410	0.052094
1525629208.201353	1525629208.201353	-0.092026	0.824417	0.011597
1525629208.210490	1525629208.210490	-0.095184	0.862656	-0.004562
1525629208.220549	1525629208.220549	-0.112793	0.956528	0.052887
1525629208.230443	1525629208.230443	-0.148285	1.030502	0.103638
1525629208.240807	1525629208.240807	-0.178787	1.040024	0.059555
1525629208.251694	1525629208.251694	-0.167267	1.002518	-0.030106
1525629208.260381	1525629208.260381	-0.102173	0.966751	-0.059738
1525629208.270437	1525629208.270437	-0.010849	0.964539	-0.017975
1525629208.280340	1525629208.280340	0.066528	0.996933	0.037918
1525629208.290324	1525629208.290324	0.109741	1.031342	0.072372
1525629208.301385	1525629208.301385	0.108459	1.043091	0.084900
1525629208.310279	1525629208.310279	0.065552	1.030426	0.076645
1525629208.320340	1525629208.320340	0.003311	1.004028	0.056519
1525629208.330234	1525629208.330234	-0.050629	0.981308	0.049561
1525629208.340215	1525629208.340215	-0.088150	0.974060	0.062424
1525629208.350198	1525629208.350198	-0.106079	0.973999	0.074188
1525629208.360176	1525629208.360176	-0.104385	0.973450	0.081772
1525629208.370153	1525629208.370153	-0.090256	0.971191	0.100204
1525629208.380129	1525629208.380129	-0.077560	0.974731	0.118027
1525629208.390221	1525629208.390221	-0.075027	0.984802	0.118164
1525629208.400998	1525629208.400998	-0.083450	0.998428	0.106232
1525629208.410077	1525629208.410077	-0.101501	1.004440	0.091492
1525629208.420136	1525629208.420136	-0.124390	0.997879	0.083420
1525629208.430102	1525629208.430102	-0.143326	0.986115	0.076736
1525629208.440011	1525629208.440011	-0.155487	0.975510	0.071548
1525629208.449993	1525629208.449993	-0.162720	0.971100	0.072662
1525629208.459960	1525629208.459960	-0.161804	0.967880	0.087936
1525629208.469944	1525629208.469944	-0.152359	0.972778	0.097488
1525629208.479928	1525629208.479928	-0.143967	0.972198	0.106110
1525629208.489902	1525629208.489902	-0.139694	0.961533	0.108994
1525629208.500973	1525629208.500973	-0.137848	0.939529	0.117065
1525629208.509863	1525629208.509863	-0.132233	0.926559	0.135330
1525629208.519923	1525629208.519923	-0.118378	0.956863	0.139893
1525629208.531252	1525629208.531252	-0.089615	1.009995	0.155655
1525629208.539802	1525629208.539802	-0.053391	1.043701	0.176468
1525629208.549785	1525629208.549785	-0.031479	1.052383	0.201035
1525629208.559639	1525629208.559639	-0.040833	1.047043	0.193375
1525629208.569736	1525629208.569736	-0.080902	1.035553	0.155594
1525629208.579716	1525629208.579716	-0.135483	1.017715	0.121918
1525629208.589763	1525629208.589763	-0.190323	1.002182	0.081909
1525629208.600726	1525629208.600726	-0.228897	0.988953	0.049332
1525629208.609660	1525629208.609660	-0.249908	0.976837	0.060638
1525629208.619723	1525629208.619723	-0.261414	0.974487	0.073517
1525629208.629619	1525629208.629619	-0.253494	0.985443	0.056183
1525629208.639518	1525629208.639518	-0.223083	1.017166	0.035141
1525629208.649696	1525629208.649696	-0.181793	1.067322	0.003464
1525629208.659467	1525629208.659467	-0.138153	1.117935	-0.018738
1525629208.669434	1525629208.669434	-0.098740	1.152313	-0.015671
1525629208.679409	1525629208.679409	-0.077133	1.158142	0.007294
1525629208.689186	1525629208.689186	-0.082306	1.127869	0.042953
1525629208.699568	1525629208.699568	-0.113495	1.078262	0.082565
1525629208.709137	1525629208.709137	-0.154495	1.038116	0.120438
1525629208.719090	1525629208.719090	-0.190247	1.021439	0.162552
1525629208.729435	1525629208.729435	-0.208282	1.024246	0.207474
1525629208.739418	1525629208.739418	-0.205185	1.028244	0.234436
1525629208.749466	1525629208.749466	-0.192886	1.021698	0.263855
1525629208.759434	1525629208.759434	-0.226868	1.068375	0.281662
1525629208.769241	1525629208.769241	-0.307770	1.211914	0.279755
1525629208.779331	1525629208.779331	-0.308884	1.330887	0.252396
1525629208.789486	1525629208.789486	-0.237030	1.260284	0.304565
1525629208.799856	1525629208.799856	-0.180038	1.105057	0.328979
1525629208.809352	1525629208.809352	-0.127136	1.044662	0.274933
1525629208.819289	1525629208.819289	-0.046722	1.065521	0.245255
1525629208.829412	1525629208.829412	0.047882	1.075714	0.252731
1525629208.839214	1525629208.839214	0.129654	1.104950	0.271576
1525629208.849471	1525629208.849471	0.193420	1.153900	0.282059
1525629208.859211	1525629208.859211	0.252335	1.159225	0.256729
1525629208.869427	1525629208.869427	0.304642	1.139801	0.206863
1525629208.878963	1525629208.878963	0.326187	1.106583	0.198242
1525629208.889256	1525629208.889256	0.294891	1.046188	0.219238
1525629208.900355	1525629208.900355	0.188324	0.993912	0.251633
1525629208.909095	1525629208.909095	0.008514	0.974930	0.301407
1525629208.919125	1525629208.919125	-0.233627	0.957916	0.363525
1525629208.928979	1525629208.928979	-0.520493	0.926224	0.420456
1525629208.939005	1525629208.939005	-0.816376	0.897400	0.449417
1525629208.948948	1525629208.948948	-1.026154	0.880890	0.475174
1525629208.958924	1525629208.958924	-1.085388	0.842850	0.446350
1525629208.968982	1525629208.968982	-1.029099	0.760971	0.346085
1525629208.978882	1525629208.978882	-0.889145	0.665558	0.217972
1525629208.988863	1525629208.988863	-0.680832	0.607239	0.113922
1525629208.999867	1525629208.999867	-0.450531	0.606430	0.052444
1525629209.008819	1525629209.008819	-0.216782	0.607788	0.009460
1525629209.018983	1525629209.018983	-0.007935	0.578247	0.024231
1525629209.028700	1525629209.028700	0.117157	0.539459	0.090469
1525629209.038583	1525629209.038583	0.114349	0.510635	0.186096
1525629209.048705	1525629209.048705	-0.009094	0.504440	0.250549
1525629209.059732	1525629209.059732	-0.201416	0.523163	0.283707
1525629209.073178	1525629209.073178	-0.420303	0.558929	0.312744
1525629209.078661	1525629209.078661	-0.646408	0.595261	0.347687
1525629209.088694	1525629209.088694	-0.853424	0.599976	0.393021
1525629209.099877	1525629209.099877	-1.005600	0.555008	0.432388
1525629209.108707	1525629209.108707	-1.071793	0.474731	0.431488
1525629209.118785	1525629209.118785	-1.033813	0.415344	0.376709
1525629209.128601	1525629209.128601	-0.906097	0.412811	0.303650
1525629209.138542	1525629209.138542	-0.737961	0.448776	0.261368
1525629209.148617	1525629209.148617	-0.556412	0.495605	0.237549
1525629209.158507	1525629209.158507	-0.388367	0.537796	0.238388
1525629209.168367	1525629209.168367	-0.261841	0.581299	0.272980
1525629209.178465	1525629209.178465	-0.188736	0.642029	0.295181
1525629209.188443	1525629209.188443	-0.186386	0.720886	0.293365
1525629209.199656	1525629209.199656	-0.240158	0.809753	0.307892
1525629209.208399	1525629209.208399	-0.339066	0.870605	0.327988
1525629209.218668	1525629209.218668	-0.467941	0.888809	0.346771
1525629209.228362	1525629209.228362	-0.587952	0.869858	0.385757
1525629209.238340	1525629209.238340	-0.671951	0.829803	0.440216
1525629209.248395	1525629209.248395	-0.698517	0.806992	0.482758
1525629209.258298	1525629209.258298	-0.665527	0.810074	0.482071
1525629209.268278	1525629209.268278	-0.585815	0.825195	0.456924
1525629209.278252	1525629209.278252	-0.487762	0.858429	0.442429
1525629209.288465	1525629209.288465	-0.387482	0.909729	0.434723
1525629209.300441	1525629209.300441	-0.295822	0.968689	0.420517
1525629209.308307	1525629209.308307	-0.223877	1.027451	0.392334
1525629209.318258	1525629209.318258	-0.175308	1.075439	0.355530
1525629209.328030	1525629209.328030	-0.148880	1.138016	0.311539
1525629209.338125	1525629209.338125	-0.146072	1.215424	0.286804
1525629209.348117	1525629209.348117	-0.168579	1.244247	0.303253
1525629209.358332	1525629209.358332	-0.211151	1.222336	0.340515
1525629209.368074	1525629209.368074	-0.275589	1.205780	0.371918
1525629209.406213	1525629209.406213	-0.339691	1.197159	0.392426
1525629209.406282	1525629209.406282	-0.381668	1.138931	0.384262
1525629209.406349	1525629209.406349	-0.403854	1.045135	0.370819
1525629209.407921	1525629209.407921	-0.424240	0.941116	0.420593
1525629209.417974	1525629209.417974	-0.443253	0.849075	0.506195
1525629209.428066	1525629209.428066	-0.461746	0.796173	0.570755
1525629209.437953	1525629209.437953	-0.502106	0.784927	0.622299
1525629209.448013	1525629209.448013	-0.573639	0.790283	0.674576
1525629209.457911	1525629209.457911	-0.628571	0.793396	0.819992
1525629209.467897	1525629209.467897	-0.477768	0.940659	1.133362
1525629209.477866	1525629209.477866	0.316849	1.513153	0.980499
1525629209.487723	1525629209.487723	1.455078	2.198212	-0.289886
1525629209.505214	1525629209.505214	1.752029	2.305237	-1.282898
1525629209.507898	1525629209.507898	1.319351	2.009186	-1.120056
1525629209.518353	1525629209.518353	0.707550	1.820450	-0.573853
1525629209.528442	1525629209.528442	0.354202	1.383209	0.086243
1525629209.538227	1525629209.538227	0.154312	0.695679	0.761581
1525629209.547836	1525629209.547836	0.041534	0.268234	0.728088
1525629209.557945	1525629209.557945	-0.045319	0.225754	0.232559
1525629209.568067	1525629209.568067	-0.168198	0.465073	-0.200638
1525629209.577913	1525629209.577913	-0.239609	0.903671	-0.401703
1525629209.587782	1525629209.587782	-0.196091	1.279892	-0.247208
1525629209.598631	1525629209.598631	-0.117798	1.294220	0.022415
1525629209.607748	1525629209.607748	-0.064728	1.057358	0.109695
1525629209.617581	1525629209.617581	-0.031891	0.807114	-0.024323
1525629209.627552	1525629209.627552	0.058609	0.685547	-0.204132
1525629209.637537	1525629209.637537	0.240662	0.751266	-0.229538
1525629209.647538	1525629209.647538	0.440079	0.958023	-0.114365
1525629209.657499	1525629209.657499	0.569168	1.155045	0.092178
1525629209.667480	1525629209.667480	0.577332	1.208145	0.310974
1525629209.677658	1525629209.677658	0.450287	1.102615	0.434128
1525629209.687452	1525629209.687452	0.236694	0.963730	0.401520
1525629209.698701	1525629209.698701	0.011627	0.888092	0.261185
1525629209.707533	1525629209.707533	-0.187073	0.886307	0.098221
1525629209.717599	1525629209.717599	-0.310822	0.929489	-0.034363
1525629209.727493	1525629209.727493	-0.330154	0.969345	-0.092529
1525629209.737470	1525629209.737470	-0.258652	0.992783	-0.107239
1525629209.747444	1525629209.747444	-0.136627	0.993637	-0.093811
1525629209.757419	1525629209.757419	-0.010666	0.987579	-0.042068
1525629209.767275	1525629209.767275	0.094269	0.989883	0.019135
1525629209.777384	1525629209.777384	0.164490	0.998260	0.072189
1525629209.787158	1525629209.787158	0.194687	1.006836	0.126877
1525629209.799646	1525629209.799646	0.185104	1.003601	0.203796
1525629209.807224	1525629209.807224	0.152740	0.981598	0.265884
1525629209.817416	1525629209.817416	0.122742	0.962036	0.269485
1525629209.827196	1525629209.827196	0.099625	0.962799	0.247772
1525629209.836919	1525629209.836919	0.079529	0.972076	0.234756
1525629209.847265	1525629209.847265	0.060120	0.983658	0.203232
1525629209.857187	1525629209.857187	0.034805	0.990417	0.157928
1525629209.867256	1525629209.867256	0.000137	0.986145	0.123352
1525629209.877109	1525629209.877109	-0.034775	0.981934	0.084244
1525629209.887048	1525629209.887048	-0.059326	0.980728	0.060837
1525629209.897557	1525629209.897557	-0.059219	0.978470	0.078979
1525629209.907003	1525629209.907003	-0.030685	0.974197	0.115585
1525629209.916985	1525629209.916985	0.016922	0.976852	0.136963
1525629209.926969	1525629209.926969	0.071060	0.983795	0.151016
1525629209.936955	1525629209.936955	0.118439	0.988586	0.156128
1525629209.946933	1525629209.946933	0.140457	0.996689	0.168427
1525629209.956898	1525629209.956898	0.118286	1.002716	0.178909
1525629209.966814	1525629209.966814	0.059174	1.015991	0.149658
1525629209.976839	1525629209.976839	-0.015320	1.023743	0.110077
1525629209.986928	1525629209.986928	-0.089096	1.012970	0.110718
1525629209.997316	1525629209.997316	-0.148758	0.998367	0.129440
1525629210.006857	1525629210.006857	-0.180786	0.970047	0.132324
1525629210.017047	1525629210.017047	-0.169296	0.943176	0.120789
1525629210.026901	1525629210.026901	-0.113876	0.951447	0.124115
1525629210.036836	1525629210.036836	-0.054810	0.985138	0.163147
1525629210.046786	1525629210.046786	-0.016190	1.009171	0.190430
1525629210.057031	1525629210.057031	-0.004761	1.005920	0.186966
1525629210.066782	1525629210.066782	-0.016495	0.985794	0.162582
1525629210.076768	1525629210.076768	-0.033325	0.965973	0.127090
1525629210.086662	1525629210.086662	-0.045181	0.961349	0.093506
1525629210.099337	1525629210.099337	-0.060440	0.971909	0.087036
1525629210.106762	1525629210.106762	-0.081680	0.976715	0.111115
1525629210.116743	1525629210.116743	-0.101913	0.972153	0.141327
1525629210.126775	1525629210.126775	-0.121796	0.972580	0.153397
1525629210.136678	1525629210.136678	-0.121017	0.961899	0.175400
1525629210.146663	1525629210.146663	-0.091354	0.946976	0.194275
1525629210.156638	1525629210.156638	-0.054382	0.941788	0.213776
1525629210.166610	1525629210.166610	-0.016769	0.944763	0.214417
1525629210.176600	1525629210.176600	0.013168	0.967453	0.204330
1525629210.187116	1525629210.187116	0.005432	1.017593	0.198761
1525629210.197598	1525629210.197598	-0.048431	1.049545	0.174301
1525629210.206918	1525629210.206918	-0.119217	1.027359	0.135269
1525629210.216564	1525629210.216564	-0.178986	0.984436	0.119110
1525629210.226914	1525629210.226914	-0.214340	0.956070	0.132248
1525629210.236445	1525629210.236445	-0.229980	0.941833	0.135086
1525629210.246708	1525629210.246708	-0.215698	0.931137	0.136490
1525629210.256292	1525629210.256292	-0.164032	0.925781	0.152618
1525629210.266519	1525629210.266519	-0.088013	0.950974	0.155014
1525629210.276474	1525629210.276474	-0.023254	1.003250	0.186295
1525629210.286396	1525629210.286396	-0.003448	1.057175	0.219757
1525629210.297440	1525629210.297440	-0.030716	1.073151	0.202026
1525629210.306303	1525629210.306303	-0.088135	1.038971	0.185211
1525629210.316571	1525629210.316571	-0.152618	0.998016	0.183441
1525629210.326359	1525629210.326359	-0.202011	0.958282	0.200195
1525629210.337093	1525629210.337093	-0.229477	0.920425	0.213135
1525629210.346485	1525629210.346485	-0.241745	0.911285	0.197617
1525629210.356201	1525629210.356201	-0.235214	0.935043	0.168854
1525629210.366259	1525629210.366259	-0.204407	0.968491	0.152969
1525629210.376220	1525629210.376220	-0.153290	0.996918	0.152786
1525629210.417031	1525629210.417031	-0.104950	1.022705	0.152802
1525629210.417125	1525629210.417125	-0.082474	1.047989	0.164017
1525629210.417192	1525629210.417192	-0.090714	1.057159	0.173767
1525629210.417717	1525629210.417717	-0.126251	1.043365	0.187393
1525629210.425904	1525629210.425904	-0.186493	1.035248	0.199875
1525629210.435851	1525629210.435851	-0.246567	1.045486	0.197784
1525629210.445947	1525629210.445947	-0.291779	1.054016	0.221420
1525629210.455858	1525629210.455858	-0.330643	1.077545	0.229797
1525629210.466049	1525629210.466049	-0.346909	1.119293	0.222031
1525629210.475819	1525629210.475819	-0.314545	1.150742	0.236069
1525629210.485806	1525629210.485806	-0.265091	1.209305	0.264938
1525629210.496271	1525629210.496271	-0.245377	1.355728	0.284592
1525629210.505766	1525629210.505766	-0.208847	1.475632	0.286407
1525629210.515775	1525629210.515775	-0.073502	1.420883	0.270676
1525629210.525713	1525629210.525713	0.099686	1.226547	0.308151
1525629210.535760	1525629210.535760	0.228790	1.057861	0.364059
1525629210.545674	1525629210.545674	0.290741	1.017822	0.408401
1525629210.555654	1525629210.555654	0.278610	1.094345	0.447464
1525629210.565641	1525629210.565641	0.207642	1.159882	0.481049
1525629210.575456	1525629210.575456	0.108597	1.116653	0.475433
1525629210.585664	1525629210.585664	0.015244	1.013718	0.410156
1525629210.596788	1525629210.596788	-0.061737	0.927048	0.341064
1525629210.605595	1525629210.605595	-0.131760	0.887192	0.308380
1525629210.615672	1525629210.615672	-0.212585	0.870697	0.316849
1525629210.625476	1525629210.625476	-0.317871	0.835663	0.345245
1525629210.635541	1525629210.635541	-0.459869	0.816254	0.347397
1525629210.645429	1525629210.645429	-0.634094	0.836990	0.329453
1525629210.655411	1525629210.655411	-0.791733	0.874802	0.298401
1525629210.665544	1525629210.665544	-0.843735	0.888168	0.219223
1525629210.676002	1525629210.676002	-0.759872	0.839188	0.124359
1525629210.685459	1525629210.685459	-0.584824	0.735443	0.079788
1525629210.696371	1525629210.696371	-0.393814	0.610214	0.097168
1525629210.705309	1525629210.705309	-0.247437	0.520782	0.090469
1525629210.715468	1525629210.715468	-0.180237	0.496292	0.069916
1525629210.725263	1525629210.725263	-0.196518	0.515350	0.074936
1525629210.735394	1525629210.735394	-0.277435	0.539047	0.116440
1525629210.745226	1525629210.745226	-0.398636	0.551346	0.170746
1525629210.755206	1525629210.755206	-0.534409	0.558243	0.232086
1525629210.765351	1525629210.765351	-0.666687	0.563187	0.289246
1525629210.776136	1525629210.776136	-0.775696	0.565247	0.288635
1525629210.785144	1525629210.785144	-0.846436	0.566681	0.244949
1525629210.796980	1525629210.796980	-0.850311	0.571976	0.186691
1525629210.804964	1525629210.804964	-0.773193	0.605942	0.142319
1525629210.815174	1525629210.815174	-0.658432	0.641739	0.164429
1525629210.825063	1525629210.825063	-0.549194	0.650879	0.226318
1525629210.835042	1525629210.835042	-0.473618	0.645233	0.307709
1525629210.845015	1525629210.845015	-0.451187	0.643265	0.391586
1525629210.854988	1525629210.854988	-0.485580	0.655655	0.459579
1525629210.864980	1525629210.864980	-0.560715	0.670197	0.502136
1525629210.875713	1525629210.875713	-0.656570	0.680527	0.528275
1525629210.884937	1525629210.884937	-0.753098	0.662857	0.548080
1525629210.896862	1525629210.896862	-0.829834	0.621872	0.562729
1525629210.904892	1525629210.904892	-0.872787	0.573425	0.572769
1525629210.915454	1525629210.915454	-0.864212	0.554596	0.569321
1525629210.924933	1525629210.924933	-0.803818	0.569412	0.548874
1525629210.935197	1525629210.935197	-0.713913	0.600510	0.525040
1525629210.944755	1525629210.944755	-0.621292	0.628448	0.505646
1525629210.954976	1525629210.954976	-0.546524	0.639740	0.493835
1525629210.966375	1525629210.966375	-0.500610	0.642105	0.499359
1525629210.974787	1525629210.974787	-0.490738	0.648376	0.514328
1525629210.985056	1525629210.985056	-0.506607	0.668411	0.516785
1525629210.997072	1525629210.997072	-0.540970	0.689178	0.519058
1525629211.005068	1525629211.005068	-0.583054	0.697098	0.522369
1525629211.014733	1525629211.014733	-0.628540	0.720978	0.539108
1525629211.024588	1525629211.024588	-0.667419	0.710831	0.579620
1525629211.034682	1525629211.034682	-0.685440	0.669373	0.612061
1525629211.044555	1525629211.044555	-0.685226	0.650681	0.607071
1525629211.054694	1525629211.054694	-0.662994	0.659714	0.576065
1525629211.064629	1525629211.064629	-0.615219	0.681931	0.539246
1525629211.074541	1525629211.074541	-0.554443	0.701569	0.512772
1525629211.084528	1525629211.084528	-0.495346	0.718430	0.497086
1525629211.096198	1525629211.096198	-0.446701	0.738739	0.474045
1525629211.104544	1525629211.104544	-0.410461	0.763306	0.443695
1525629211.114578	1525629211.114578	-0.381485	0.797302	0.410233
1525629211.124338	1525629211.124338	-0.356461	0.837433	0.383194
1525629211.134486	1525629211.134486	-0.331589	0.868591	0.374878
1525629211.144630	1525629211.144630	-0.307053	0.904022	0.368835
1525629211.154401	1525629211.154401	-0.282242	0.950394	0.362518
1525629211.164353	1525629211.164353	-0.257614	0.996826	0.355469
1525629211.174318	1525629211.174318	-0.230362	1.034683	0.341248
1525629211.184234	1525629211.184234	-0.203613	1.051178	0.322556
1525629211.196149	1525629211.196149	-0.175156	1.051758	0.297104
1525629211.204317	1525629211.204317	-0.157410	1.056381	0.270386
1525629211.214476	1525629211.214476	-0.158371	1.078354	0.257156
1525629211.224219	1525629211.224219	-0.172302	1.097183	0.256912
1525629211.234329	1525629211.234329	-0.181183	1.081482	0.254044
1525629211.245666	1525629211.245666	-0.177856	1.031586	0.224792
1525629211.254971	1525629211.254971	-0.166214	0.966354	0.171783
1525629211.264068	1525629211.264068	-0.134308	0.914856	0.095871
1525629211.274040	1525629211.274040	-0.079636	0.900772	0.028412
1525629211.283862	1525629211.283862	-0.031906	0.935669	0.036530
1525629211.294641	1525629211.294641	-0.011520	1.005997	0.092453
1525629211.304077	1525629211.304077	-0.026611	1.082443	0.141373
1525629211.314104	1525629211.314104	-0.075684	1.144150	0.173645
1525629211.324079	1525629211.324079	-0.146103	1.166840	0.218246
1525629211.334204	1525629211.334204	-0.211594	1.149963	0.251633
1525629211.343863	1525629211.343863	-0.253067	1.097321	0.257095
1525629211.353928	1525629211.353928	-0.262894	1.013092	0.261002
1525629211.363951	1525629211.363951	-0.242401	0.927826	0.284531
1525629211.374003	1525629211.374003	-0.206268	0.890976	0.321030
1525629211.383885	1525629211.383885	-0.171432	0.918015	0.345993
1525629211.394636	1525629211.394636	-0.139679	0.978867	0.335464
1525629211.403940	1525629211.403940	-0.109512	1.031906	0.281631
1525629211.413899	1525629211.413899	-0.080002	1.054550	0.211563
1525629211.423877	1525629211.423877	-0.053680	1.057327	0.148315
1525629211.433841	1525629211.433841	-0.026505	1.049225	0.098450
1525629211.443816	1525629211.443816	0.007828	1.018890	0.064499
1525629211.453824	1525629211.453824	0.056625	0.985764	0.052414
1525629211.463790	1525629211.463790	0.112854	0.974670	0.053467
1525629211.473732	1525629211.473732	0.164230	0.981339	0.088882
1525629211.484190	1525629211.484190	0.189041	1.002563	0.157227
1525629211.495129	1525629211.495129	0.167664	1.030777	0.214828
1525629211.503523	1525629211.503523	0.099640	1.052628	0.229050
1525629211.513659	1525629211.513659	0.016846	1.047363	0.200989
1525629211.523596	1525629211.523596	-0.050369	1.029358	0.170242
1525629211.533670	1525629211.533670	-0.079742	1.011917	0.155807
1525629211.543550	1525629211.543550	-0.066391	0.989014	0.136322
1525629211.553533	1525629211.553533	-0.014343	0.965424	0.118546
1525629211.563513	1525629211.563513	0.048538	0.953171	0.153397
1525629211.573492	1525629211.573492	0.086121	0.955856	0.204102
1525629211.584007	1525629211.584007	0.081985	0.965607	0.220932
1525629211.594815	1525629211.594815	0.033691	0.980698	0.216812
1525629211.603844	1525629211.603844	-0.037598	0.992798	0.179138
1525629211.613482	1525629211.613482	-0.097305	0.994202	0.141907
1525629211.623685	1525629211.623685	-0.124817	0.985001	0.152786
1525629211.633487	1525629211.633487	-0.112854	0.979355	0.174683
1525629211.643672	1525629211.643672	-0.072296	0.970734	0.205002
1525629211.653366	1525629211.653366	-0.020645	0.965027	0.232193
1525629211.663297	1525629211.663297	0.038467	0.972458	0.228668
1525629211.673282	1525629211.673282	0.083084	0.960114	0.229141
1525629211.683233	1525629211.683233	0.086166	0.949646	0.211594
1525629211.694708	1525629211.694708	0.049011	0.969208	0.150726
1525629211.703366	1525629211.703366	0.013275	1.001984	0.093124
1525629211.713280	1525629211.713280	0.007187	1.029449	0.063812
1525629211.723181	1525629211.723181	0.027512	1.037292	0.079483
1525629211.733163	1525629211.733163	0.041397	1.026901	0.117828
1525629211.743136	1525629211.743136	0.034409	0.999268	0.133453
1525629211.753094	1525629211.753094	0.020950	0.979126	0.127365
1525629211.763102	1525629211.763102	0.013092	0.986038	0.129028
1525629211.773079	1525629211.773079	0.020370	0.998734	0.144379
1525629211.783060	1525629211.783060	0.035751	0.980392	0.165039
1525629211.794816	1525629211.794816	0.046890	0.938202	0.163712
1525629211.807406	1525629211.807406	0.034332	0.917480	0.134338
1525629211.812506	1525629211.812506	-0.003479	0.942902	0.106628
1525629211.825484	1525629211.825484	-0.038086	0.994095	0.088562
1525629211.832458	1525629211.832458	-0.050766	1.028580	0.097412
1525629211.842434	1525629211.842434	-0.042175	1.022293	0.127380
1525629211.852432	1525629211.852432	-0.030258	1.002716	0.143890
1525629211.862387	1525629211.862387	-0.026062	0.988113	0.143784
1525629211.872367	1525629211.872367	-0.025314	0.978928	0.133682
1525629211.882350	1525629211.882350	-0.019501	0.979080	0.124817
1525629211.892654	1525629211.892654	-0.012360	0.985260	0.132919
1525629211.902326	1525629211.902326	-0.010773	0.992783	0.137451
1525629211.912302	1525629211.912302	-0.011841	0.995041	0.127548
1525629211.922264	1525629211.922264	-0.011047	0.983963	0.119873
1525629211.932247	1525629211.932247	-0.012711	0.967819	0.111725
1525629211.942110	1525629211.942110	-0.013916	0.970947	0.100967
1525629211.952239	1525629211.952239	-0.013870	0.993759	0.090576
1525629211.962239	1525629211.962239	-0.016785	1.013489	0.078506
1525629211.972197	1525629211.972197	-0.019012	1.018265	0.064087
1525629211.982165	1525629211.982165	-0.016006	1.016525	0.044815
1525629211.992451	1525629211.992451	-0.003723	1.013779	0.032562
1525629212.002242	1525629212.002242	0.019073	1.001816	0.021729
1525629212.012115	1525629212.012115	0.050034	0.990341	0.029175
1525629212.022075	1525629212.022075	0.086136	0.994690	0.070648
1525629212.032347	1525629212.032347	0.130569	1.008469	0.094040
1525629212.042079	1525629212.042079	0.175049	1.026993	0.078018
1525629212.052053	1525629212.052053	0.199966	1.035522	0.072540
1525629212.062034	1525629212.062034	0.191437	1.030899	0.063354
1525629212.072002	1525629212.072002	0.153641	1.012329	0.033310
1525629212.081853	1525629212.081853	0.111755	1.000381	0.014191
1525629212.092449	1525629212.092449	0.081177	1.009720	0.017105
1525629212.101961	1525629212.101961	0.060532	1.024948	0.029831
1525629212.111829	1525629212.111829	0.039825	1.020340	0.049240
1525629212.121984	1525629212.121984	0.015030	0.993179	0.062668
1525629212.131949	1525629212.131949	-0.003021	0.955505	0.091522
1525629212.141920	1525629212.141920	-0.008667	0.915344	0.133499
1525629212.151906	1525629212.151906	-0.016937	0.903152	0.170746
1525629212.161927	1525629212.161927	-0.040131	0.937943	0.190735
1525629212.171863	1525629212.171863	-0.067963	0.995911	0.150848
1525629212.181913	1525629212.181913	-0.080841	1.040771	0.087524
1525629212.192292	1525629212.192292	-0.076172	1.045563	0.070145
1525629212.201810	1525629212.201810	-0.056519	1.006363	0.066238
1525629212.211803	1525629212.211803	-0.025879	0.964035	0.044067
1525629212.221751	1525629212.221751	0.014893	0.948898	0.026474
1525629212.231741	1525629212.231741	0.061508	0.968979	0.037628
1525629212.241721	1525629212.241721	0.090668	1.017609	0.057510
1525629212.251790	1525629212.251790	0.081177	1.041718	0.073090
1525629212.261675	1525629212.261675	0.041168	1.012283	0.073120
1525629212.271534	1525629212.271534	-0.002548	0.968674	0.064468
1525629212.281637	1525629212.281637	-0.029709	0.950989	0.068100
1525629212.292563	1525629212.292563	-0.028198	0.978088	0.081436
1525629212.301597	1525629212.301597	0.067368	1.035843	0.162201
1525629212.311695	1525629212.311695	0.077316	1.026947	-0.024445
1525629212.321552	1525629212.321552	0.021271	0.947449	-0.052521
1525629212.331450	1525629212.331450	0.098236	0.942963	0.128494
1525629212.341498	1525629212.341498	0.125763	1.000519	0.097824
1525629212.351489	1525629212.351489	0.085037	1.045700	0.079346
1525629212.366692	1525629212.366692	0.010406	1.009872	0.083984
1525629212.371551	1525629212.371551	-0.053894	0.958405	0.079391
1525629212.381491	1525629212.381491	-0.077530	0.959610	0.090576
1525629212.392228	1525629212.392228	-0.057663	0.986450	0.095642
1525629212.401498	1525629212.401498	-0.004395	0.999878	0.094818
1525629212.411515	1525629212.411515	0.033890	0.982254	0.109009
1525629212.421442	1525629212.421442	0.037842	0.967224	0.120758
1525629212.431311	1525629212.431311	0.017853	0.967834	0.108887
1525629212.441407	1525629212.441407	-0.009232	0.965988	0.087036
1525629212.451386	1525629212.451386	-0.024658	0.967285	0.080948
1525629212.461679	1525629212.461679	-0.022156	0.983002	0.107727
1525629212.471344	1525629212.471344	0.001602	0.997116	0.127762
1525629212.481605	1525629212.481605	0.021790	1.005936	0.128876
1525629212.493071	1525629212.493071	0.022781	1.012772	0.111084
1525629212.501562	1525629212.501562	0.017761	1.013062	0.089066
1525629212.511579	1525629212.511579	0.011307	1.012360	0.068512
1525629212.521520	1525629212.521520	0.020401	1.014664	0.054428
1525629212.531505	1525629212.531505	0.041931	1.013123	0.035202
1525629212.541477	1525629212.541477	0.063904	1.014008	0.015671
1525629212.551458	1525629212.551458	0.071198	1.009369	0.019501
1525629212.561388	1525629212.561388	0.051132	1.005173	0.029007
1525629212.571414	1525629212.571414	0.010803	1.003540	0.033997
1525629212.581400	1525629212.581400	-0.027100	0.996841	0.028564
1525629212.592343	1525629212.592343	-0.035614	0.988205	0.021667
1525629212.601442	1525629212.601442	-0.013962	0.992783	0.018448
1525629212.611450	1525629212.611450	0.019287	1.010742	0.022385
1525629212.621628	1525629212.621628	0.054764	1.045273	0.028671
1525629212.631285	1525629212.631285	0.068451	1.015152	0.047806
1525629212.670243	1525629212.670243	0.059036	0.975220	0.051743
1525629212.672609	1525629212.672609	0.039124	0.979721	0.040558
1525629212.673576	1525629212.673576	0.021347	0.997208	0.044800
1525629212.673854	1525629212.673854	0.000549	1.017014	0.050919
1525629212.681225	1525629212.681225	0.001999	1.034653	0.040451
1525629212.691697	1525629212.691697	0.012253	1.010086	0.046127
1525629212.701184	1525629212.701184	0.018600	0.984802	0.059204
1525629212.711318	1525629212.711318	0.008179	0.973923	0.081711
1525629212.721133	1525629212.721133	-0.014084	0.982101	0.097580
1525629212.731319	1525629212.731319	-0.035187	0.998672	0.096161
1525629212.741093	1525629212.741093	-0.044357	1.014526	0.094177
1525629212.750957	1525629212.750957	-0.042389	1.009094	0.103638
1525629212.761207	1525629212.761207	-0.032776	0.991287	0.101273
1525629212.771050	1525629212.771050	-0.019089	0.978180	0.092224
1525629212.781042	1525629212.781042	0.002808	0.980469	0.068115
1525629212.791497	1525629212.791497	0.019562	0.985214	0.060013
1525629212.800863	1525629212.800863	0.015640	0.986526	0.073532
1525629212.810999	1525629212.810999	-0.002121	0.990494	0.080383
1525629212.820982	1525629212.820982	-0.024536	0.998810	0.077072
1525629212.830936	1525629212.830936	-0.033035	1.001282	0.078400
1525629212.840918	1525629212.840918	-0.028244	1.013412	0.090576
1525629212.850984	1525629212.850984	-0.016403	0.993637	0.018250
1525629212.860900	1525629212.860900	0.000458	0.975403	0.010468
1525629212.870874	1525629212.870874	0.032532	0.990051	0.018600
1525629212.880812	1525629212.880812	0.057236	1.005875	0.025940
1525629212.892864	1525629212.892864	0.057602	1.004471	0.038422
1525629212.900980	1525629212.900980	0.039032	1.000626	0.049179
1525629212.911157	1525629212.911157	0.021423	1.006195	0.056732
1525629212.920771	1525629212.920771	0.010895	1.011032	0.056061
1525629212.930800	1525629212.930800	0.002960	1.032410	0.106018
1525629212.943068	1525629212.943068	-0.020721	1.000366	0.015732
1525629212.950707	1525629212.950707	-0.030838	0.954056	0.012115
1525629212.961093	1525629212.961093	-0.011566	0.981598	0.036896
1525629212.970667	1525629212.970667	0.001419	1.013962	0.046310
1525629212.982081	1525629212.982081	-0.002716	1.012848	0.048172
1525629212.992019	1525629212.992019	-0.015579	0.990845	0.051270
1525629213.000636	1525629213.000636	-0.026947	0.980789	0.039993
1525629213.010643	1525629213.010643	-0.030441	0.980179	0.046112
1525629213.020897	1525629213.020897	-0.024643	0.998199	0.068527
1525629213.032121	1525629213.032121	-0.022018	1.006958	0.067444
1525629213.040501	1525629213.040501	-0.022400	0.994781	0.064545
1525629213.050507	1525629213.050507	-0.023453	0.988174	0.060104
1525629213.060430	1525629213.060430	-0.019608	0.990234	0.063156
1525629213.070540	1525629213.070540	-0.014771	0.998184	0.066254
1525629213.082892	1525629213.082892	-0.016541	0.986862	0.034790
1525629213.090982	1525629213.090982	-0.013687	0.987259	0.049133
1525629213.100463	1525629213.100463	-0.012238	0.995987	0.049820
1525629213.110423	1525629213.110423	-0.011703	0.994888	0.048386
1525629213.121297	1525629213.121297	-0.006378	0.995636	0.042923
1525629213.133538	1525629213.133538	0.004074	0.997589	0.045212
1525629213.140286	1525629213.140286	0.014221	0.998825	0.047058
1525629213.150301	1525629213.150301	0.016068	1.000153	0.038635
1525629213.160275	1525629213.160275	0.008728	0.998230	0.036285
1525629213.171744	1525629213.171744	0.003662	0.995422	0.043732
1525629213.180372	1525629213.180372	-0.002533	0.995697	0.050110
1525629213.190875	1525629213.190875	-0.009323	0.989273	0.056412
1525629213.200073	1525629213.200073	-0.009537	0.991409	0.063431
1525629213.211049	1525629213.211049	-0.012405	0.993317	0.067017
1525629213.220146	1525629213.220146	-0.018143	0.994965	0.061890
1525629213.230192	1525629213.230192	-0.019363	0.998901	0.056061
1525629213.240098	1525629213.240098	-0.018784	1.008163	0.048843
1525629213.250080	1525629213.250080	-0.018890	1.004013	0.018066
1525629213.261650	1525629213.261650	-0.016235	0.991379	0.019897
1525629213.270031	1525629213.270031	-0.010513	0.993530	0.025192
1525629213.280018	1525629213.280018	-0.010056	1.002747	0.035263
1525629213.290528	1525629213.290528	-0.016052	0.996078	0.041275
1525629213.300398	1525629213.300398	-0.016953	0.988617	0.048096
1525629213.310131	1525629213.310131	-0.016251	0.991959	0.059021
1525629213.319886	1525629213.319886	-0.017426	0.996170	0.064743
1525629213.329917	1525629213.329917	-0.015976	1.003494	0.062820
1525629213.340636	1525629213.340636	-0.013550	1.006516	0.053314
1525629213.353742	1525629213.353742	-0.011871	1.001846	0.040924
1525629213.359684	1525629213.359684	-0.006165	1.001038	0.031265
1525629213.369897	1525629213.369897	0.007797	1.003983	0.026642
1525629213.379822	1525629213.379822	0.023132	0.999695	0.032013
1525629213.394959	1525629213.394959	0.031158	0.998474	0.037781
1525629213.399822	1525629213.399822	0.026474	1.001984	0.037079
1525629213.409806	1525629213.409806	0.008011	1.001236	0.039459
1525629213.419940	1525629213.419940	-0.010437	0.997589	0.038361
1525629213.431953	1525629213.431953	-0.020111	0.994400	0.031815
1525629213.443764	1525629213.443764	-0.020309	0.990646	0.030884
1525629213.449626	1525629213.449626	-0.015427	0.989563	0.031052
1525629213.459610	1525629213.459610	-0.015350	0.989578	0.028046
1525629213.470123	1525629213.470123	-0.018555	0.998047	0.021637
1525629213.483136	1525629213.483136	-0.019989	1.006989	0.016327
1525629213.496717	1525629213.496717	-0.015961	1.002350	0.012268
1525629213.499573	1525629213.499573	-0.010254	0.995178	0.010498
1525629213.509581	1525629213.509581	-0.006042	0.991745	0.013718
1525629213.519673	1525629213.519673	-0.000885	0.980057	0.008804
1525629213.532623	1525629213.532623	0.001068	0.974335	0.001129
1525629213.539495	1525629213.539495	0.004501	0.982285	-0.012772
1525629213.549564	1525629213.549564	0.010193	0.992203	-0.019470
1525629213.559447	1525629213.559447	0.005692	0.998520	-0.007004
1525629213.571220	1525629213.571220	-0.008804	1.015213	0.024216
1525629213.579346	1525629213.579346	-0.019043	1.029846	0.050293
1525629213.590895	1525629213.590895	-0.024521	1.021851	0.039917
1525629213.599532	1525629213.599532	-0.017944	1.022537	0.044342
1525629213.611261	1525629213.611261	0.004349	0.989197	0.152100
1525629213.619351	1525629213.619351	-0.036606	0.967636	0.049591
1525629213.629266	1525629213.629266	-0.039749	0.962265	-0.000641
1525629213.639310	1525629213.639310	-0.050751	0.993164	0.039871
1525629213.650216	1525629213.650216	-0.047089	1.016159	0.034409
1525629213.659164	1525629213.659164	-0.042953	1.007004	0.013535
1525629213.669662	1525629213.669662	-0.037384	0.991058	0.005875
1525629213.679100	1525629213.679100	-0.021469	0.986053	0.020035
1525629213.690878	1525629213.690878	-0.007446	0.993668	0.038681
1525629213.699184	1525629213.699184	-0.006332	1.000412	0.048752
1525629213.709539	1525629213.709539	-0.009903	1.001663	0.046127
1525629213.719155	1525629213.719155	-0.009537	1.000229	0.042938
1525629213.729144	1525629213.729144	-0.001160	0.999725	0.043106
1525629213.739003	1525629213.739003	0.009949	1.000488	0.043488
1525629213.749089	1525629213.749089	0.019547	1.002319	0.039062
1525629213.758964	1525629213.758964	0.028549	0.999237	0.033081
1525629213.768947	1525629213.768947	0.036926	0.993973	0.035126
1525629213.778921	1525629213.778921	0.008453	1.000839	0.031509
1525629213.789909	1525629213.789909	-0.014633	1.002609	0.030762
1525629213.798984	1525629213.798984	-0.022949	0.993774	0.042175
1525629213.808936	1525629213.808936	-0.022522	0.991943	0.049408
1525629213.818843	1525629213.818843	-0.024673	0.998901	0.046143
1525629213.828821	1525629213.828821	-0.026535	0.999924	0.036728
1525629213.838677	1525629213.838677	-0.023071	0.996262	0.033447
1525629213.848874	1525629213.848874	-0.012085	0.995621	0.031403
1525629213.858751	1525629213.858751	-0.003204	0.996445	0.025665
1525629213.868790	1525629213.868790	0.000763	0.996826	0.022293
1525629213.878687	1525629213.878687	0.004044	0.996292	0.021545
1525629213.893458	1525629213.893458	-0.001144	1.000183	0.027588
1525629213.898685	1525629213.898685	-0.011887	1.001587	0.036026
1525629213.908889	1525629213.908889	-0.022858	1.002411	0.037399
1525629213.918634	1525629213.918634	-0.029114	1.001160	0.035233
1525629213.928608	1525629213.928608	-0.034576	0.998459	0.038620
1525629213.938584	1525629213.938584	-0.040009	0.994095	0.041519
1525629213.948572	1525629213.948572	-0.039429	0.994431	0.033981
1525629213.958545	1525629213.958545	-0.033875	0.997116	0.033600
1525629213.968972	1525629213.968972	-0.028214	0.996719	0.031342
1525629213.978645	1525629213.978645	-0.021927	0.994659	0.029861
1525629213.989550	1525629213.989550	-0.015915	0.993759	0.033951
1525629213.998567	1525629213.998567	-0.014694	0.995605	0.037445
1525629214.008455	1525629214.008455	-0.017151	1.002609	0.038406
1525629214.018430	1525629214.018430	-0.021133	1.002411	0.035141
1525629214.028833	1525629214.028833	-0.025284	0.998703	0.025864
1525629214.039354	1525629214.039354	-0.021881	0.997131	0.020142
1525629214.048852	1525629214.048852	-0.015854	0.994766	0.020889
1525629214.058348	1525629214.058348	-0.008881	0.994537	0.018234
1525629214.068230	1525629214.068230	-0.004120	0.997208	0.015045
1525629214.078343	1525629214.078343	-0.005783	0.998016	0.020355
1525629214.088281	1525629214.088281	-0.011520	0.998398	0.035141
1525629214.098473	1525629214.098473	-0.018448	1.000259	0.041931
1525629214.108697	1525629214.108697	-0.025864	0.997818	0.037704
1525629214.118221	1525629214.118221	-0.033417	0.994217	0.036804
1525629214.128137	1525629214.128137	-0.037582	0.994934	0.036392
1525629214.138172	1525629214.138172	-0.034119	0.996490	0.034302
1525629214.148467	1525629214.148467	-0.023880	0.997696	0.028503
1525629214.158206	1525629214.158206	-0.007919	0.997543	0.025192
1525629214.168206	1525629214.168206	-0.000748	0.997055	0.031403
1525629214.178042	1525629214.178042	-0.003067	1.000366	0.032791
1525629214.188073	1525629214.188073	-0.017334	1.004227	0.032196
1525629214.198048	1525629214.198048	-0.039932	1.002792	0.041260
1525629214.208101	1525629214.208101	-0.051956	0.996414	0.040070
1525629214.218012	1525629214.218012	-0.065430	0.999496	0.136307
1525629214.260149	1525629214.260149	-0.040619	1.021164	0.012085
1525629214.263297	1525629214.263297	-0.002472	0.964630	-0.032974
1525629214.265903	1525629214.265903	-0.004150	0.966049	-0.008057
1525629214.266075	1525629214.266075	0.004715	1.004410	-0.013824
1525629214.267867	1525629214.267867	-0.009460	1.009750	-0.007706
1525629214.277859	1525629214.277859	-0.014267	0.993301	-0.021194
1525629214.288260	1525629214.288260	-0.020752	0.974991	-0.012711
1525629214.297874	1525629214.297874	-0.021530	1.012634	0.032745
1525629214.307896	1525629214.307896	-0.032196	1.068665	0.109116
1525629214.317722	1525629214.317722	-0.077469	0.997620	0.087112
1525629214.327979	1525629214.327979	-0.071960	0.953735	0.018463
1525629214.337959	1525629214.337959	-0.052368	0.960617	0.020889
1525629214.347767	1525629214.347767	-0.024246	0.997955	0.035110
1525629214.357875	1525629214.357875	-0.005569	1.020447	0.034348
1525629214.367735	1525629214.367735	0.007324	1.007721	0.015793
1525629214.377945	1525629214.377945	0.010986	0.987350	0.007675
1525629214.387692	1525629214.387692	0.005600	0.989120	0.013367
1525629214.397800	1525629214.397800	-0.006668	1.002808	0.028000
1525629214.407684	1525629214.407684	-0.020798	1.008774	0.037476
1525629214.417607	1525629214.417607	-0.030533	1.004776	0.035629
1525629214.427601	1525629214.427601	-0.030716	0.994629	0.031525
1525629214.437560	1525629214.437560	-0.023895	0.989990	0.037872
1525629214.447431	1525629214.447431	-0.016098	0.996353	0.039200
1525629214.457542	1525629214.457542	-0.007828	1.000214	0.032837
1525629214.467526	1525629214.467526	-0.005936	0.994598	0.031982
1525629214.477588	1525629214.477588	-0.011444	0.988953	0.036743
1525629214.487473	1525629214.487473	-0.018097	0.993149	0.035782
1525629214.497346	1525629214.497346	-0.024506	0.999451	0.042755
1525629214.507499	1525629214.507499	-0.031097	1.000946	0.049713
1525629214.517421	1525629214.517421	-0.035004	0.997360	0.044296
1525629214.527399	1525629214.527399	-0.033463	0.994904	0.040207
1525629214.537505	1525629214.537505	-0.025253	0.995010	0.039810
1525629214.547346	1525629214.547346	-0.018509	0.992264	0.040024
1525629214.557361	1525629214.557361	-0.014832	0.993866	0.033752
1525629214.567316	1525629214.567316	-0.008530	0.998291	0.033707
1525629214.577286	1525629214.577286	-0.004074	0.996765	0.044022
1525629214.587271	1525629214.587271	-0.009293	0.996368	0.043945
1525629214.597249	1525629214.597249	-0.015717	0.999084	0.040909
1525629214.607154	1525629214.607154	-0.024460	0.995911	0.038956
1525629214.617208	1525629214.617208	-0.027390	0.995056	0.040451
1525629214.627149	1525629214.627149	-0.028885	0.994293	0.041916
1525629214.637252	1525629214.637252	-0.026016	0.993591	0.040009
1525629214.647210	1525629214.647210	-0.016678	0.996994	0.039352
1525629214.657285	1525629214.657285	-0.010086	0.996506	0.038895
1525629214.667106	1525629214.667106	-0.007843	0.995071	0.041763
1525629214.677085	1525629214.677085	-0.010544	0.997162	0.051788
1525629214.702372	1525629214.702372	-0.019516	1.000656	0.103958
1525629214.705100	1525629214.705100	-0.006958	0.999359	0.013153
1525629214.707065	1525629214.707065	-0.016083	0.983047	0.037628
1525629214.717074	1525629214.717074	-0.036743	1.000168	0.043854
1525629214.727055	1525629214.727055	-0.052917	1.003647	0.046204
1525629214.736966	1525629214.736966	-0.052185	0.999878	0.046814
1525629214.746958	1525629214.746958	-0.033691	0.992844	0.035049
1525629214.757013	1525629214.757013	-0.017807	0.981491	0.029816
1525629214.766775	1525629214.766775	-0.002533	0.983505	0.027481
1525629214.776874	1525629214.776874	0.012192	1.004913	0.021759
1525629214.786670	1525629214.786670	0.019897	1.015350	0.010849
1525629214.796980	1525629214.796980	0.011414	1.008026	0.006317
1525629214.806914	1525629214.806914	-0.005875	0.999588	0.004898
1525629214.816802	1525629214.816802	-0.019455	0.997253	0.005676
1525629214.827021	1525629214.827021	-0.032166	0.995010	0.007889
1525629214.838863	1525629214.838863	-0.036972	0.993393	0.009537
1525629214.846721	1525629214.846721	-0.043503	0.989807	0.008850
1525629214.856714	1525629214.856714	-0.053131	0.984543	0.015182
1525629214.866701	1525629214.866701	-0.055542	0.991089	0.021133
1525629214.878126	1525629214.878126	-0.051361	1.000137	0.047180
1525629214.887470	1525629214.887470	-0.045578	0.992691	0.104248
1525629214.896574	1525629214.896574	-0.027451	1.007919	-0.067230
1525629214.906684	1525629214.906684	0.014679	1.018021	-0.014725
1525629214.916814	1525629214.916814	0.034561	1.004745	0.012665
1525629214.930202	1525629214.930202	0.041687	0.996796	-0.008957
1525629214.936638	1525629214.936638	0.039490	0.998199	-0.015030
1525629214.946760	1525629214.946760	0.035904	0.998718	-0.005447
1525629214.956645	1525629214.956645	0.020538	0.998199	0.003326
1525629214.969070	1525629214.969070	-0.001892	1.000412	0.008728
1525629214.977047	1525629214.977047	-0.026596	1.001801	0.021439
1525629214.986595	1525629214.986595	-0.037689	0.998322	0.030640
1525629214.996535	1525629214.996535	-0.036682	0.994385	0.025391
1525629215.007563	1525629215.007563	-0.022385	0.999115	0.012497
1525629215.019103	1525629215.019103	-0.007462	1.002731	0.004395
1525629215.026682	1525629215.026682	0.002716	0.997757	-0.000687
1525629215.036495	1525629215.036495	0.004730	0.987396	-0.000092
1525629215.046533	1525629215.046533	-0.002151	0.985107	0.004013
1525629215.058292	1525629215.058292	-0.010529	0.999847	0.008026
1525629215.066778	1525629215.066778	-0.018707	1.007111	0.015732
1525629215.076359	1525629215.076359	-0.029190	1.000961	0.018326
1525629215.087273	1525629215.087273	-0.030411	1.000565	0.021667
1525629215.096987	1525629215.096987	-0.023743	0.999084	0.026337
1525629215.109373	1525629215.109373	-0.017807	0.994568	0.028275
1525629215.116341	1525629215.116341	-0.009354	0.995834	0.022781
1525629215.126183	1525629215.126183	-0.007782	0.994827	0.014313
1525629215.136430	1525629215.136430	-0.013428	0.988770	0.003616
1525629215.148052	1525629215.148052	-0.016632	0.994202	-0.002151
1525629215.156107	1525629215.156107	-0.011353	1.001617	-0.001358
1525629215.166212	1525629215.166212	-0.004669	1.000626	-0.000702
1525629215.176052	1525629215.176052	-0.000015	1.005402	-0.002747
1525629215.187139	1525629215.187139	-0.001358	1.006195	0.006531
