1525629205.452642	1525629205.452642	0.010618	-0.014966	0.001195
1525629205.452723	1525629205.452723	0.007607	0.013819	-0.008422
1525629205.453914	1525629205.453914	0.006687	0.036202	-0.015885
1525629205.463783	1525629205.463783	0.002396	0.021298	-0.017001
1525629205.473901	1525629205.473901	0.006432	-0.019215	-0.006307
1525629205.483859	1525629205.483859	0.011530	-0.045875	0.007593
1525629205.493958	1525629205.493958	0.013550	-0.059737	0.014004
1525629205.503813	1525629205.503813	0.012539	-0.053339	0.010799
1525629205.513766	1525629205.513766	0.007305	-0.034134	0.006477
1525629205.523912	1525629205.523912	0.000998	-0.017056	0.002141
1525629205.535262	1525629205.535262	0.001014	-0.010661	0.002141
1525629205.543881	1525629205.543881	-0.000034	-0.008526	0.001064
1525629205.553853	1525629205.553853	0.005300	-0.008548	0.001129
1525629205.563671	1525629205.563671	0.009549	-0.005368	0.003310
1525629205.574304	1525629205.574304	0.010596	0.002090	0.006516
1525629205.583966	1525629205.583966	0.010489	0.001028	0.015029
1525629205.593712	1525629205.593712	0.009317	-0.014952	0.020337
1525629205.603779	1525629205.603779	0.012443	-0.028819	0.023569
1525629205.613686	1525629205.613686	0.008158	-0.025603	0.025645
1525629205.626064	1525629205.626064	0.002876	-0.009594	0.024516
1525629205.633898	1525629205.633898	0.003031	0.005323	0.014938
1525629205.643569	1525629205.643569	0.004281	0.005311	0.000052
1525629205.653574	1525629205.653574	0.001088	-0.002137	-0.002115
1525629205.663558	1525629205.663558	-0.002058	-0.006389	-0.007475
1525629205.673501	1525629205.673501	-0.006279	-0.003176	-0.010720
1525629205.684034	1525629205.684034	-0.006415	-0.010631	-0.001142
1525629205.693750	1525629205.693750	-0.008617	-0.017015	0.003088
1525629205.707009	1525629205.707009	-0.004478	-0.026621	0.011654
1525629205.718916	1525629205.718916	-0.005681	-0.039402	0.020155
1525629205.723668	1525629205.723668	-0.002569	-0.049005	0.025515
1525629205.733680	1525629205.733680	-0.004748	-0.056455	0.027617
1525629205.745715	1525629205.745715	-0.005710	-0.045796	0.021219
1525629205.760479	1525629205.760479	-0.008703	-0.020209	0.009473
1525629205.768575	1525629205.768575	-0.011796	-0.013804	0.001985
1525629205.783170	1525629205.783170	-0.013988	-0.021254	0.005151
1525629205.785276	1525629205.785276	-0.017415	-0.059604	0.015754
1525629205.793229	1525629205.793229	-0.028170	-0.062753	0.022009
1525629205.803271	1525629205.803271	-0.048434	-0.044547	0.024954
1525629205.813180	1525629205.813180	-0.063321	0.001348	0.030092
1525629205.823216	1525629205.823216	-0.063168	0.088746	0.035413
1525629205.833104	1525629205.833104	-0.050214	0.144113	0.034505
1525629205.843067	1525629205.843067	-0.038681	0.167521	0.055933
1525629205.853081	1525629205.853081	-0.037087	0.176062	0.101719
1525629205.863030	1525629205.863030	-0.037573	0.159027	0.137902
1525629205.873038	1525629205.873038	0.019593	0.142812	0.171597
1525629205.883019	1525629205.883019	0.186914	0.154899	0.190673
1525629205.892956	1525629205.892956	0.170109	0.251997	0.275613
1525629205.902789	1525629205.902789	0.045569	0.335695	0.354979
1525629205.912888	1525629205.912888	-0.053755	0.314802	0.358022
1525629205.922866	1525629205.922866	-0.099060	0.177472	0.282967
1525629205.932947	1525629205.932947	0.102912	0.811882	0.387596
1525629205.942935	1525629205.942935	0.197564	0.407591	0.504781
1525629205.952863	1525629205.952863	0.108183	0.007221	0.489864
1525629205.962969	1525629205.962969	0.016145	0.171693	0.371653
1525629205.973178	1525629205.973178	-0.026445	0.276252	0.211475
1525629205.983061	1525629205.983061	-0.018731	0.174910	0.083850
1525629205.993140	1525629205.993140	0.003048	-0.076753	-0.003153
1525629206.002931	1525629206.002931	0.038350	-0.305010	-0.056997
1525629206.012864	1525629206.012864	0.076844	-0.343549	-0.071426
1525629206.022774	1525629206.022774	0.147374	-0.145594	-0.039703
1525629206.033087	1525629206.033087	0.161863	0.009983	0.028589
1525629206.043023	1525629206.043023	0.093661	0.036956	0.113967
1525629206.053004	1525629206.053004	0.025728	0.041535	0.172740
1525629206.062864	1525629206.062864	-0.000125	0.077894	0.200096
1525629206.072965	1525629206.072965	-0.001014	0.097078	0.189441
1525629206.082980	1525629206.082980	0.011241	0.090611	0.145952
1525629206.092987	1525629206.092987	0.016210	0.021281	0.074703
1525629206.102898	1525629206.102898	0.010649	-0.070394	-0.012640
1525629206.112858	1525629206.112858	0.009439	-0.092807	-0.092481
1525629206.122884	1525629206.122884	0.010186	-0.065124	-0.147819
1525629206.132998	1525629206.132998	-0.003381	-0.022441	-0.163952
1525629206.142812	1525629206.142812	-0.017399	0.022392	-0.142838
1525629206.152796	1525629206.152796	-0.015717	0.060774	-0.098115
1525629206.162773	1525629206.162773	-0.002453	0.074596	-0.045800
1525629206.172749	1525629206.172749	0.000220	0.072473	-0.003193
1525629206.182699	1525629206.182699	-0.009558	0.085311	0.013717
1525629206.192775	1525629206.192775	-0.011468	0.127948	0.004113
1525629206.202654	1525629206.202654	-0.021592	0.168475	-0.032200
1525629206.212798	1525629206.212798	-0.034755	0.189823	-0.085580
1525629206.222715	1525629206.222715	-0.053214	0.200533	-0.144345
1525629206.232794	1525629206.232794	-0.058997	0.202667	-0.194441
1525629206.242606	1525629206.242606	-0.057558	0.179197	-0.229547
1525629206.252684	1525629206.252684	-0.058614	0.131236	-0.240202
1525629206.262566	1525629206.262566	-0.064182	0.100357	-0.227497
1525629206.272491	1525629206.272491	-0.062341	0.103557	-0.202994
1525629206.282581	1525629206.282581	-0.053968	0.142966	-0.181605
1525629206.292482	1525629206.292482	-0.043310	0.206876	-0.167640
1525629206.302461	1525629206.302461	-0.038850	0.283595	-0.167588
1525629206.312461	1525629206.312461	-0.049241	0.363572	-0.174104
1525629206.322554	1525629206.322554	-0.073572	0.383920	-0.187174
1525629206.332350	1525629206.332350	-0.093648	0.346691	-0.210835
1525629206.342429	1525629206.342429	-0.082765	0.296540	-0.238373
1525629206.352004	1525629206.352004	-0.058059	0.228211	-0.265742
1525629206.362087	1525629206.362087	-0.040931	0.141797	-0.287882
1525629206.372091	1525629206.372091	-0.045244	0.060808	-0.300704
1525629206.382138	1525629206.382138	-0.060180	0.008642	-0.311529
1525629206.392020	1525629206.392020	-0.071880	-0.013693	-0.319122
1525629206.401968	1525629206.401968	-0.061107	-0.008413	-0.326441
1525629206.411966	1525629206.411966	-0.046050	0.008573	-0.332643
1525629206.421937	1525629206.421937	-0.045966	0.016031	-0.337964
1525629206.431923	1525629206.431923	-0.059784	0.052328	-0.334942
1525629206.441893	1525629206.441893	-0.088412	0.138782	-0.332101
1525629206.452176	1525629206.452176	-0.079683	0.164319	-0.342639
1525629206.462146	1525629206.462146	-0.032562	0.141729	-0.361220
1525629206.472141	1525629206.472141	-0.021763	0.147008	-0.370668
1525629206.482119	1525629206.482119	-0.070667	0.184516	-0.377653
1525629206.492095	1525629206.492095	-0.126966	0.219921	-0.391115
1525629206.502097	1525629206.502097	-0.135233	0.207155	-0.415696
1525629206.511929	1525629206.511929	-0.097670	0.113188	-0.452486
1525629206.522002	1525629206.522002	-0.052766	0.000008	-0.482800
1525629206.532047	1525629206.532047	-0.049589	-0.051168	-0.491274
1525629206.542048	1525629206.542048	-0.099927	-0.040289	-0.473796
1525629206.552048	1525629206.552048	-0.155516	0.003654	-0.456384
1525629206.561945	1525629206.561945	-0.154346	0.039886	-0.457435
1525629206.571939	1525629206.571939	-0.109410	0.033295	-0.468593
1525629206.581865	1525629206.581865	-0.094387	0.000185	-0.482245
1525629206.591884	1525629206.591884	-0.133898	-0.025228	-0.484856
1525629206.602019	1525629206.602019	-0.176607	-0.028243	-0.483249
1525629206.611845	1525629206.611845	-0.176500	-0.027182	-0.491763
1525629206.621828	1525629206.621828	-0.162416	-0.056029	-0.515006
1525629206.631802	1525629206.631802	-0.148295	-0.101932	-0.544634
1525629206.641777	1525629206.641777	-0.124607	-0.093513	-0.560310
1525629206.651782	1525629206.651782	-0.117005	-0.008278	-0.553833
1525629206.661736	1525629206.661736	-0.121192	0.086603	-0.541115
1525629206.671586	1525629206.671586	-0.111673	0.152652	-0.520778
1525629206.681704	1525629206.681704	-0.084032	0.191976	-0.504475
1525629206.691674	1525629206.691674	-0.066002	0.248397	-0.484034
1525629206.701988	1525629206.701988	-0.061865	0.289954	-0.464826
1525629206.711638	1525629206.711638	-0.058855	0.297410	-0.447760
1525629206.721609	1525629206.721609	-0.057934	0.291016	-0.437105
1525629206.731790	1525629206.731790	-0.063307	0.301699	-0.431849
1525629206.741567	1525629206.741567	-0.058972	0.302744	-0.437118
1525629206.751632	1525629206.751632	-0.049253	0.308028	-0.445514
1525629206.761501	1525629206.761501	-0.030060	0.293024	-0.447407
1525629206.771483	1525629206.771483	-0.021747	0.246097	-0.438789
1525629206.781678	1525629206.781678	-0.037131	0.218465	-0.408110
1525629206.791440	1525629206.791440	-0.069533	0.216486	-0.376576
1525629206.801524	1525629206.801524	-0.088962	0.194192	-0.362976
1525629206.811397	1525629206.811397	-0.097477	0.134537	-0.376915
1525629206.821378	1525629206.821378	-0.110061	0.059969	-0.410062
1525629206.831518	1525629206.831518	-0.150350	-0.016614	-0.446740
1525629206.845658	1525629206.845658	-0.186534	-0.111330	-0.473789
1525629206.851354	1525629206.851354	-0.200549	-0.216790	-0.483537
1525629206.861371	1525629206.861371	-0.215807	-0.277470	-0.469885
1525629206.871334	1525629206.871334	-0.217050	-0.300908	-0.460320
1525629206.882042	1525629206.882042	-0.214894	-0.281732	-0.458165
1525629206.891231	1525629206.891231	-0.215770	-0.215649	-0.460307
1525629206.901884	1525629206.901884	-0.193155	-0.126216	-0.458969
1525629206.911196	1525629206.911196	-0.171699	-0.042105	-0.451258
1525629206.921603	1525629206.921603	-0.202597	0.047561	-0.436738
1525629206.931080	1525629206.931080	-0.257992	0.070177	-0.439545
1525629206.941459	1525629206.941459	-0.283327	0.021243	-0.471784
1525629206.951167	1525629206.951167	-0.276193	0.011592	-0.533429
1525629206.963606	1525629206.963606	-0.278292	0.065922	-0.612219
1525629206.971154	1525629206.971154	-0.299515	0.152308	-0.691244
1525629206.981510	1525629206.981510	-0.305008	0.202395	-0.755174
1525629206.990907	1525629206.990907	-0.317438	0.142744	-0.797899
1525629207.001004	1525629207.001004	-0.348507	0.049080	-0.806791
1525629207.010985	1525629207.010985	-0.351061	-0.004189	-0.783405
1525629207.021041	1525629207.021041	-0.385667	-0.055188	-0.756153
1525629207.030978	1525629207.030978	-0.457394	-0.143345	-0.754899
1525629207.040917	1525629207.040917	-0.504842	-0.195393	-0.811889
1525629207.051171	1525629207.051171	-0.480304	-0.207262	-0.900994
1525629207.060872	1525629207.060872	-0.487949	-0.200866	-0.972400
1525629207.070852	1525629207.070852	-0.561339	-0.173915	-0.986071
1525629207.080837	1525629207.080837	-0.632061	-0.192790	-0.965648
1525629207.090817	1525629207.090817	-0.683687	-0.234126	-0.940734
1525629207.100796	1525629207.100796	-0.742337	-0.254131	-0.947837
1525629207.111048	1525629207.111048	-0.820862	-0.361469	-1.005205
1525629207.120746	1525629207.120746	-0.953288	-0.452609	-1.101550
1525629207.130875	1525629207.130875	-1.094253	-0.238903	-1.222489
1525629207.140705	1525629207.140705	-0.995452	-0.262835	-1.366032
1525629207.150767	1525629207.150767	-0.944365	-0.306749	-1.364342
1525629207.160665	1525629207.160665	-1.003365	0.039932	-1.268217
1525629207.170666	1525629207.170666	-1.062337	0.094554	-1.233816
1525629207.180625	1525629207.180625	-1.085685	0.039222	-1.255388
1525629207.190741	1525629207.190741	-1.010642	-0.061305	-1.304491
1525629207.200587	1525629207.200587	-0.969347	-0.172362	-1.388067
1525629207.210701	1525629207.210701	-1.004535	-0.228745	-1.488546
1525629207.220542	1525629207.220542	-1.032958	-0.223348	-1.605973
1525629207.230694	1525629207.230694	-0.992740	-0.224651	-1.753427
1525629207.240502	1525629207.240502	-0.946054	-0.256895	-1.912509
1525629207.250484	1525629207.250484	-0.937870	-0.243138	-2.055033
1525629207.260454	1525629207.260454	-0.894661	-0.166635	-2.169458
1525629207.270435	1525629207.270435	-0.812289	-0.026332	-2.245088
1525629207.280682	1525629207.280682	-0.808131	0.215576	-2.273782
1525629207.290396	1525629207.290396	-0.901006	0.567682	-2.285573
1525629207.300380	1525629207.300380	-0.998027	0.931526	-2.304865
1525629207.310573	1525629207.310573	-1.081867	1.259060	-2.362311
1525629207.320598	1525629207.320598	-1.171553	1.469349	-2.489009
1525629207.330312	1525629207.330312	-1.202320	1.488581	-2.673520
1525629207.340287	1525629207.340287	-1.026246	1.372676	-2.785249
1525629207.350275	1525629207.350275	-0.598002	1.119406	-2.605448
1525629207.360258	1525629207.360258	-0.144018	0.613597	-2.052800
1525629207.370511	1525629207.370511	0.129727	0.042582	-1.259680
1525629207.380347	1525629207.380347	0.173758	-0.396339	-0.415091
1525629207.390185	1525629207.390185	0.022743	-0.683159	0.268517
1525629207.400170	1525629207.400170	-0.206400	-0.932488	0.630797
1525629207.410158	1525629207.410158	-0.352033	-1.173811	0.623702
1525629207.420126	1525629207.420126	-0.349812	-1.289059	0.332098
1525629207.430109	1525629207.430109	-0.250467	-1.306695	-0.028568
1525629207.439967	1525629207.439967	-0.099780	-1.315950	-0.223631
1525629207.450069	1525629207.450069	0.113198	-1.358370	-0.110332
1525629207.460182	1525629207.460182	0.381716	-1.417927	0.343178
1525629207.470090	1525629207.470090	0.653628	-1.463532	1.044725
1525629207.480140	1525629207.480140	0.878789	-1.457743	1.827654
1525629207.489982	1525629207.489982	1.042566	-1.369676	2.499136
1525629207.499927	1525629207.499927	1.181607	-1.229384	2.936155
1525629207.510112	1525629207.510112	1.307751	-1.020933	3.133534
1525629207.520050	1525629207.520050	1.409373	-0.787941	3.160314
1525629207.529897	1525629207.529897	1.484154	-0.577251	3.109069
1525629207.539864	1525629207.539864	1.572624	-0.391129	3.067571
1525629207.549824	1525629207.549824	1.691084	-0.266923	3.091368
1525629207.559834	1525629207.559834	1.805051	-0.241779	3.200261
1525629207.570445	1525629207.570445	1.892396	-0.357184	3.363116
1525629207.579937	1525629207.579937	1.970778	-0.581258	3.538636
1525629207.590214	1525629207.590214	2.033567	-0.813808	3.678842
1525629207.599675	1525629207.599675	2.061095	-0.927930	3.760074
1525629207.610287	1525629207.610287	2.054590	-0.865010	3.781279
1525629207.619737	1525629207.619737	2.028816	-0.667741	3.747963
1525629207.630082	1525629207.630082	2.014164	-0.424702	3.687108
1525629207.639837	1525629207.639837	2.030388	-0.186055	3.630888
1525629207.649840	1525629207.649840	2.063080	0.004578	3.614252
1525629207.659799	1525629207.659799	2.099192	0.122746	3.651943
1525629207.669678	1525629207.669678	2.113309	0.197330	3.734069
1525629207.679615	1525629207.679615	2.086829	0.269956	3.819956
1525629207.689501	1525629207.689501	2.013861	0.363015	3.872278
1525629207.699577	1525629207.699577	1.907721	0.482827	3.850754
1525629207.709551	1525629207.709551	1.812305	0.602552	3.737825
1525629207.719538	1525629207.719538	1.752812	0.690121	3.560411
1525629207.729515	1525629207.729515	1.690232	0.703086	3.358482
1525629207.739634	1525629207.739634	1.584718	0.654421	3.164544
1525629207.749472	1525629207.749472	1.421379	0.587888	2.983736
1525629207.759323	1525629207.759323	1.231521	0.551307	2.796216
1525629207.769426	1525629207.769426	1.098635	0.524062	2.576398
1525629207.779842	1525629207.779842	1.035452	0.367534	2.302090
1525629207.789468	1525629207.789468	0.976878	0.050022	1.967174
1525629207.799370	1525629207.799370	0.856176	-0.326948	1.552738
1525629207.809345	1525629207.809345	0.666188	-0.654632	1.055498
1525629207.819312	1525629207.819312	0.416419	-0.893631	0.491533
1525629207.829299	1525629207.829299	0.133133	-0.982217	-0.093069
1525629207.839281	1525629207.839281	-0.131107	-0.899267	-0.629548
1525629207.849263	1525629207.849263	-0.336681	-0.725926	-1.058876
1525629207.859278	1525629207.859278	-0.458538	-0.495320	-1.342428
1525629207.869108	1525629207.869108	-0.475523	-0.244841	-1.472495
1525629207.879177	1525629207.879177	-0.428088	-0.031880	-1.468729
1525629207.889311	1525629207.889311	-0.370099	0.136313	-1.377554
1525629207.899162	1525629207.899162	-0.338997	0.322747	-1.265422
1525629207.909431	1525629207.909431	-0.339154	0.583900	-1.199441
1525629207.918950	1525629207.918950	-0.380869	0.879298	-1.218055
1525629207.929371	1525629207.929371	-0.447394	1.142795	-1.308282
1525629207.939075	1525629207.939075	-0.508254	1.350829	-1.436756
1525629207.949065	1525629207.949065	-0.561847	1.551378	-1.550240
1525629207.959169	1525629207.959169	-0.202263	2.212843	-1.414946
1525629207.969017	1525629207.969017	2.460459	4.896745	0.485491
1525629207.979147	1525629207.979147	2.604938	5.345083	3.413167
1525629207.989010	1525629207.989010	1.019283	4.007950	3.666289
1525629208.007235	1525629208.007235	-0.469753	1.608040	2.088863
1525629208.008961	1525629208.008961	-1.317284	-1.045482	-0.427987
1525629208.019090	1525629208.019090	-0.925612	-1.828289	-2.594465
1525629208.029862	1525629208.029862	0.177703	-0.772987	-3.684742
1525629208.039020	1525629208.039020	0.710189	0.230847	-3.744250
1525629208.048806	1525629208.048806	0.588099	-0.002805	-3.059224
1525629208.058807	1525629208.058807	0.264537	-0.708597	-1.877465
1525629208.069085	1525629208.069085	0.059971	-1.077062	-0.759186
1525629208.078765	1525629208.078765	0.023831	-0.982840	-0.142303
1525629208.088763	1525629208.088763	-0.026252	-0.687374	-0.087578
1525629208.098807	1525629208.098807	-0.185925	-0.225328	-0.372664
1525629208.108812	1525629208.108812	-0.309692	0.374002	-0.773331
1525629208.118726	1525629208.118726	-0.205718	0.786919	-1.162691
1525629208.128821	1525629208.128821	0.068611	0.677976	-1.454160
1525629208.138658	1525629208.138658	0.107545	0.256759	-1.582458
1525629208.148771	1525629208.148771	-0.101189	-0.129214	-1.520074
1525629208.158747	1525629208.158747	-0.173106	-0.487986	-1.297427
1525629208.168817	1525629208.168817	-0.017310	-0.804001	-1.014521
1525629208.178707	1525629208.178707	0.144801	-0.962324	-0.779439
1525629208.188999	1525629208.188999	0.133829	-0.873757	-0.649724
1525629208.198734	1525629208.198734	-0.017113	-0.568288	-0.634550
1525629208.208400	1525629208.208400	-0.156111	-0.175511	-0.705445
1525629208.219351	1525629208.219351	-0.161649	0.147411	-0.797058
1525629208.228604	1525629208.228604	-0.070241	0.285564	-0.826810
1525629208.240548	1525629208.240548	-0.028759	0.200159	-0.746473
1525629208.248666	1525629208.248666	-0.073885	0.023500	-0.583109
1525629208.258949	1525629208.258949	-0.151965	-0.068817	-0.412699
1525629208.268496	1525629208.268496	-0.187215	-0.053704	-0.319467
1525629208.278877	1525629208.278877	-0.167571	0.002690	-0.343709
1525629208.288348	1525629208.288348	-0.136028	0.065383	-0.466791
1525629208.298714	1525629208.298714	-0.120062	0.131325	-0.624122
1525629208.308450	1525629208.308450	-0.139845	0.157999	-0.745702
1525629208.318742	1525629208.318742	-0.166107	0.092010	-0.792853
1525629208.328404	1525629208.328404	-0.163509	0.002485	-0.761952
1525629208.338306	1525629208.338306	-0.153917	-0.067866	-0.688392
1525629208.348459	1525629208.348459	-0.148613	-0.105155	-0.606370
1525629208.358205	1525629208.358205	-0.150307	-0.105125	-0.555302
1525629208.368067	1525629208.368067	-0.154522	-0.063539	-0.551097
1525629208.378154	1525629208.378154	-0.149717	0.000375	-0.581907
1525629208.388137	1525629208.388137	-0.147984	0.052573	-0.625526
1525629208.398291	1525629208.398291	-0.153973	0.055781	-0.658594
1525629208.408257	1525629208.408257	-0.159312	0.012102	-0.667173
1525629208.418077	1525629208.418077	-0.147990	-0.059347	-0.647874
1525629208.428053	1525629208.428053	-0.131522	-0.132942	-0.613611
1525629208.438009	1525629208.438009	-0.132098	-0.170226	-0.574236
1525629208.448257	1525629208.448257	-0.146287	-0.157363	-0.545672
1525629208.458129	1525629208.458129	-0.128154	-0.116935	-0.536936
1525629208.468115	1525629208.468115	-0.099090	-0.055245	-0.545098
1525629208.478088	1525629208.478088	-0.078309	0.070425	-0.560813
1525629208.488069	1525629208.488069	-0.061748	0.220627	-0.575516
1525629208.497915	1525629208.497915	-0.097684	0.340148	-0.579152
1525629208.508027	1525629208.508027	-0.155152	0.365969	-0.586242
1525629208.518108	1525629208.518108	-0.165673	0.289263	-0.614042
1525629208.528282	1525629208.528282	-0.179387	0.158209	-0.653587
1525629208.537981	1525629208.537981	-0.187685	0.044183	-0.696259
1525629208.547810	1525629208.547810	-0.190473	-0.046422	-0.748444
1525629208.557865	1525629208.557865	-0.189866	-0.116796	-0.812296
1525629208.567909	1525629208.567909	-0.211563	-0.131653	-0.873229
1525629208.577877	1525629208.577877	-0.244030	-0.071846	-0.910881
1525629208.587860	1525629208.587860	-0.255502	-0.013183	-0.920602
1525629208.598277	1525629208.598277	-0.271583	0.028459	-0.905899
1525629208.608467	1525629208.608467	-0.312368	0.108584	-0.870212
1525629208.617834	1525629208.617834	-0.348835	0.192952	-0.837666
1525629208.627778	1525629208.627778	-0.381047	0.210151	-0.817837
1525629208.637579	1525629208.637579	-0.413103	0.143137	-0.827807
1525629208.647584	1525629208.647584	-0.443931	0.020684	-0.862239
1525629208.657653	1525629208.657653	-0.472418	-0.149751	-0.923251
1525629208.667597	1525629208.667597	-0.485892	-0.383142	-1.003236
1525629208.677519	1525629208.677519	-0.475787	-0.599582	-1.088254
1525629208.687119	1525629208.687119	-0.469839	-0.756318	-1.170132
1525629208.697305	1525629208.697305	-0.507656	-0.854243	-1.238711
1525629208.707278	1525629208.707278	-0.549893	-0.924429	-1.289250
1525629208.717267	1525629208.717267	-0.574023	-0.959516	-1.329990
1525629208.727508	1525629208.727508	-0.607860	-0.958318	-1.354884
1525629208.737516	1525629208.737516	-0.673922	-0.977227	-1.366335
1525629208.747491	1525629208.747491	-0.788940	-0.921319	-1.373065
1525629208.757398	1525629208.757398	-0.875674	-0.673688	-1.384777
1525629208.767374	1525629208.767374	-0.821632	-0.571616	-1.420308
1525629208.777351	1525629208.777351	-0.808247	-0.754991	-1.418010
1525629208.787368	1525629208.787368	-0.819867	-0.692019	-1.327683
1525629208.797345	1525629208.797345	-0.833265	-0.433991	-1.226741
1525629208.807314	1525629208.807314	-0.882198	-0.293089	-1.210314
1525629208.817329	1525629208.817329	-0.905877	-0.335656	-1.289365
1525629208.827257	1525629208.827257	-0.894565	-0.387996	-1.439300
1525629208.837251	1525629208.837251	-0.870955	-0.387113	-1.624209
1525629208.847143	1525629208.847143	-0.806611	-0.439706	-1.835228
1525629208.857302	1525629208.857302	-0.708443	-0.603285	-2.042637
1525629208.867284	1525629208.867284	-0.662685	-0.731461	-2.232593
1525629208.877287	1525629208.877287	-0.691455	-0.719694	-2.407500
1525629208.889002	1525629208.889002	-0.769174	-0.584078	-2.568109
1525629208.897272	1525629208.897272	-0.890199	-0.310792	-2.736702
1525629208.907211	1525629208.907211	-1.047215	0.028722	-2.915316
1525629208.917182	1525629208.917182	-1.258689	0.260812	-3.112688
1525629208.927721	1525629208.927721	-1.474394	0.313847	-3.349487
1525629208.937135	1525629208.937135	-1.483586	0.350034	-3.549700
1525629208.947570	1525629208.947570	-1.155391	0.460576	-3.490342
1525629208.957094	1525629208.957094	-0.735178	0.465388	-3.038172
1525629208.967479	1525629208.967479	-0.450184	0.318496	-2.292823
1525629208.977046	1525629208.977046	-0.350388	0.114892	-1.423080
1525629208.987404	1525629208.987404	-0.274647	-0.063045	-0.587690
1525629208.997100	1525629208.997100	-0.216517	-0.371006	0.091027
1525629209.007416	1525629209.007416	-0.225387	-0.737394	0.565633
1525629209.016976	1525629209.016976	-0.309153	-1.010839	0.814741
1525629209.027860	1525629209.027860	-0.394944	-1.093599	0.832853
1525629209.037225	1525629209.037225	-0.398236	-1.054222	0.674222
1525629209.046698	1525629209.046698	-0.288814	-1.056918	0.452045
1525629209.057670	1525629209.057670	-0.089810	-1.092997	0.313985
1525629209.066890	1525629209.066890	0.167797	-1.083410	0.366096
1525629209.077267	1525629209.077267	0.454607	-0.962991	0.669750
1525629209.086715	1525629209.086715	0.754768	-0.749797	1.208787
1525629209.096673	1525629209.096673	1.077591	-0.472676	1.914140
1525629209.106785	1525629209.106785	1.382668	-0.246619	2.663980
1525629209.116766	1525629209.116766	1.622636	-0.122651	3.307655
1525629209.126777	1525629209.126777	1.753906	-0.030280	3.759482
1525629209.136622	1525629209.136622	1.785073	0.080550	4.024885
1525629209.146743	1525629209.146743	1.744390	0.182028	4.143593
1525629209.156713	1525629209.156713	1.652739	0.268752	4.152048
1525629209.166727	1525629209.166727	1.562051	0.281889	4.066854
1525629209.176619	1525629209.176619	1.560107	0.084658	3.924212
1525629209.186732	1525629209.186732	1.654999	-0.269662	3.771052
1525629209.196634	1525629209.196634	1.772163	-0.593161	3.635193
1525629209.206730	1525629209.206730	1.840753	-0.751217	3.578561
1525629209.216606	1525629209.216606	1.857319	-0.686249	3.633044
1525629209.226549	1525629209.226549	1.844107	-0.467628	3.797851
1525629209.236526	1525629209.236526	1.865250	-0.156388	4.051418
1525629209.246500	1525629209.246500	1.931607	0.151486	4.358755
1525629209.256545	1525629209.256545	1.984008	0.372019	4.655281
1525629209.266467	1525629209.266467	1.974112	0.523508	4.883992
1525629209.276441	1525629209.276441	1.919679	0.646358	4.997210
1525629209.286424	1525629209.286424	1.874304	0.731805	4.973236
1525629209.296281	1525629209.296281	1.835646	0.754284	4.823752
1525629209.306406	1525629209.306406	1.768052	0.696909	4.581318
1525629209.316368	1525629209.316368	1.648516	0.559799	4.294612
1525629209.326414	1525629209.326414	1.491744	0.349296	3.984036
1525629209.336344	1525629209.336344	1.355189	0.075821	3.665196
1525629209.346304	1525629209.346304	1.272129	-0.200019	3.334237
1525629209.356278	1525629209.356278	1.227989	-0.401429	2.977143
1525629209.366258	1525629209.366258	1.201861	-0.481437	2.568112
1525629209.405926	1525629209.405926	1.148920	-0.525125	2.090633
1525629209.406062	1525629209.406062	0.999680	-0.640914	1.533216
1525629209.406140	1525629209.406140	0.698080	-0.702807	0.881334
1525629209.406668	1525629209.406668	0.242308	-0.545594	0.142411
1525629209.416105	1525629209.416105	-0.237949	-0.180466	-0.645778
1525629209.426095	1525629209.426095	-0.601285	0.345133	-1.364423
1525629209.436087	1525629209.436087	-0.845008	0.953439	-1.900666
1525629209.446015	1525629209.446015	-1.041385	1.549922	-2.210686
1525629209.455837	1525629209.455837	-1.017094	2.231929	-2.225311
1525629209.465883	1525629209.465883	1.067708	4.150429	-1.384570
1525629209.475894	1525629209.475894	3.186681	5.207675	1.975952
1525629209.485878	1525629209.485878	1.725022	3.846427	4.294383
1525629209.505081	1525629209.505081	-0.447717	1.981768	3.848506
1525629209.505663	1525629209.505663	-1.870053	-0.545561	1.591775
1525629209.515826	1525629209.515826	-1.769230	-2.518077	-1.549983
1525629209.525776	1525629209.525776	-0.874817	-2.440866	-3.902986
1525629209.535798	1525629209.535798	0.004140	-1.441015	-4.807614
1525629209.545718	1525629209.545718	0.400393	-1.379707	-4.565417
1525629209.555709	1525629209.555709	0.250329	-2.225854	-3.377274
1525629209.565682	1525629209.565682	-0.163740	-2.982159	-1.612287
1525629209.575658	1525629209.575658	-0.433732	-2.738387	-0.080791
1525629209.585720	1525629209.585720	-0.428434	-1.413253	0.714309
1525629209.595611	1525629209.595611	-0.360723	0.089291	0.806626
1525629209.605598	1525629209.605598	-0.298481	1.036369	0.448670
1525629209.615489	1525629209.615489	-0.268778	1.110590	-0.131045
1525629209.625554	1525629209.625554	-0.366445	0.630068	-0.704850
1525629209.636380	1525629209.636380	-0.593260	0.097945	-1.112064
1525629209.645587	1525629209.645587	-0.743907	-0.335270	-1.271418
1525629209.655881	1525629209.655881	-0.623159	-0.642693	-1.174140
1525629209.665449	1525629209.665449	-0.313489	-0.815511	-0.967054
1525629209.675850	1525629209.675850	-0.006002	-0.774110	-0.799383
1525629209.685458	1525629209.685458	0.147439	-0.541321	-0.734716
1525629209.695685	1525629209.695685	0.108059	-0.186250	-0.757560
1525629209.705393	1525629209.705393	-0.023396	0.277908	-0.819851
1525629209.715730	1525629209.715730	-0.154464	0.684529	-0.838496
1525629209.725343	1525629209.725343	-0.256401	0.878978	-0.752472
1525629209.735520	1525629209.735520	-0.290900	0.810998	-0.563436
1525629209.745299	1525629209.745299	-0.261162	0.614867	-0.331036
1525629209.755279	1525629209.755279	-0.201075	0.463358	-0.128068
1525629209.765388	1525629209.765388	-0.168408	0.349221	-0.030808
1525629209.775120	1525629209.775120	-0.170310	0.238366	-0.072338
1525629209.785367	1525629209.785367	-0.160940	0.210544	-0.232941
1525629209.795137	1525629209.795137	-0.143388	0.296712	-0.428571
1525629209.805292	1525629209.805292	-0.169201	0.320201	-0.581091
1525629209.815150	1525629209.815150	-0.187751	0.237115	-0.651563
1525629209.825421	1525629209.825421	-0.155003	0.164506	-0.639452
1525629209.835163	1525629209.835163	-0.101585	0.117416	-0.567485
1525629209.845169	1525629209.845169	-0.064425	0.025636	-0.484008
1525629209.855300	1525629209.855300	-0.041838	-0.072491	-0.431575
1525629209.865247	1525629209.865247	-0.025053	-0.123715	-0.418596
1525629209.875086	1525629209.875086	-0.014382	-0.185583	-0.431236
1525629209.885046	1525629209.885046	-0.015419	-0.226084	-0.441891
1525629209.895019	1525629209.895019	-0.048709	-0.239792	-0.427396
1525629209.905010	1525629209.905010	-0.072613	-0.271651	-0.398950
1525629209.915067	1525629209.915067	-0.075148	-0.317460	-0.375564
1525629209.925019	1525629209.925019	-0.075424	-0.406985	-0.371307
1525629209.935163	1525629209.935163	-0.105276	-0.524109	-0.397213
1525629209.944913	1525629209.944913	-0.132418	-0.557058	-0.452891
1525629209.954765	1525629209.954765	-0.130279	-0.514470	-0.531628
1525629209.965018	1525629209.965018	-0.138922	-0.496348	-0.606240
1525629209.974864	1525629209.974864	-0.180079	-0.451422	-0.634418
1525629209.984840	1525629209.984840	-0.182395	-0.341617	-0.597197
1525629209.994788	1525629209.994788	-0.153362	-0.275624	-0.514888
1525629210.004811	1525629210.004811	-0.162191	-0.287261	-0.406431
1525629210.014778	1525629210.014778	-0.201989	-0.342469	-0.304738
1525629210.024720	1525629210.024720	-0.216545	-0.345580	-0.249569
1525629210.034818	1525629210.034818	-0.193869	-0.278534	-0.257809
1525629210.044677	1525629210.044677	-0.164098	-0.190225	-0.318116
1525629210.054656	1525629210.054656	-0.150052	-0.094399	-0.399903
1525629210.064518	1525629210.064518	-0.152222	-0.005957	-0.465922
1525629210.074615	1525629210.074615	-0.160100	0.084654	-0.501145
1525629210.084596	1525629210.084596	-0.159686	0.224271	-0.506466
1525629210.094654	1525629210.094654	-0.144398	0.411793	-0.496706
1525629210.104592	1525629210.104592	-0.141020	0.582317	-0.476447
1525629210.114540	1525629210.114540	-0.136590	0.694212	-0.466817
1525629210.124511	1525629210.124511	-0.149455	0.695335	-0.461652
1525629210.134493	1525629210.134493	-0.197758	0.614542	-0.454790
1525629210.144504	1525629210.144504	-0.221459	0.496335	-0.460398
1525629210.154447	1525629210.154447	-0.237475	0.386616	-0.481878
1525629210.164430	1525629210.164430	-0.258572	0.284369	-0.522579
1525629210.174407	1525629210.174407	-0.237624	0.262938	-0.581926
1525629210.184388	1525629210.184388	-0.215517	0.268145	-0.643388
1525629210.194363	1525629210.194363	-0.222667	0.160507	-0.691369
1525629210.204345	1525629210.204345	-0.212244	-0.011139	-0.706137
1525629210.214323	1525629210.214323	-0.193680	-0.120982	-0.676104
1525629210.224177	1525629210.224177	-0.184860	-0.135914	-0.615328
1525629210.234282	1525629210.234282	-0.175971	-0.102882	-0.550294
1525629210.244262	1525629210.244262	-0.204238	-0.063305	-0.499552
1525629210.254339	1525629210.254339	-0.254578	-0.048161	-0.481010
1525629210.264248	1525629210.264248	-0.291513	-0.037360	-0.512328
1525629210.274200	1525629210.274200	-0.290384	0.043603	-0.587886
1525629210.284569	1525629210.284569	-0.259113	0.086055	-0.692876
1525629210.294162	1525629210.294162	-0.254855	0.039098	-0.788615
1525629210.304137	1525629210.304137	-0.269307	-0.028010	-0.842008
1525629210.314115	1525629210.314115	-0.284373	-0.116412	-0.849640
1525629210.324757	1525629210.324757	-0.313794	-0.216459	-0.820195
1525629210.334023	1525629210.334023	-0.332607	-0.236607	-0.769335
1525629210.344623	1525629210.344623	-0.367181	-0.211929	-0.729313
1525629210.353961	1525629210.353961	-0.449399	-0.124173	-0.706905
1525629210.364493	1525629210.364493	-0.515263	-0.042895	-0.714100
1525629210.374101	1525629210.374101	-0.562862	-0.092805	-0.758319
1525629210.416754	1525629210.416754	-0.567577	-0.226046	-0.836071
1525629210.416870	1525629210.416870	-0.576290	-0.366741	-0.937287
1525629210.416963	1525629210.416963	-0.610587	-0.493472	-1.037753
1525629210.417589	1525629210.417589	-0.649314	-0.528510	-1.106344
1525629210.423903	1525629210.423903	-0.662712	-0.501822	-1.139504
1525629210.433872	1525629210.433872	-0.673244	-0.436762	-1.137506
1525629210.443777	1525629210.443777	-0.699861	-0.278897	-1.110163
1525629210.453862	1525629210.453862	-0.726438	-0.068805	-1.075371
1525629210.463986	1525629210.463986	-0.770209	0.076345	-1.043980
1525629210.473819	1525629210.473819	-0.836403	0.203471	-1.014991
1525629210.483801	1525629210.483801	-0.934184	0.414922	-1.003422
1525629210.493771	1525629210.493771	-0.954647	0.660135	-1.024967
1525629210.503775	1525629210.503775	-0.820741	0.560417	-1.088251
1525629210.513733	1525629210.513733	-0.688683	0.143096	-1.152614
1525629210.523724	1525629210.523724	-0.668462	-0.169298	-1.211961
1525629210.533655	1525629210.533655	-0.728183	-0.302323	-1.328702
1525629210.543552	1525629210.543552	-0.794927	-0.341573	-1.549840
1525629210.553642	1525629210.553642	-0.802829	-0.311835	-1.856473
1525629210.563622	1525629210.563622	-0.724129	-0.202527	-2.160985
1525629210.573651	1525629210.573651	-0.631369	-0.020766	-2.379113
1525629210.583557	1525629210.583557	-0.627558	0.227513	-2.465287
1525629210.593537	1525629210.593537	-0.742441	0.520046	-2.434771
1525629210.603515	1525629210.603515	-0.892291	0.810626	-2.337627
1525629210.613631	1525629210.613631	-0.984601	1.051933	-2.244036
1525629210.623469	1525629210.623469	-1.019958	1.210908	-2.199770
1525629210.633490	1525629210.633490	-1.031113	1.239714	-2.241417
1525629210.643427	1525629210.643427	-0.972402	1.168009	-2.345004
1525629210.653414	1525629210.653414	-0.777257	0.979585	-2.373478
1525629210.663382	1525629210.663382	-0.536682	0.616292	-2.139558
1525629210.673366	1525629210.673366	-0.349964	0.161697	-1.622111
1525629210.683350	1525629210.683350	-0.222496	-0.160415	-0.944674
1525629210.693318	1525629210.693318	-0.156468	-0.385285	-0.283957
1525629210.703177	1525629210.703177	-0.153347	-0.586518	0.203564
1525629210.713284	1525629210.713284	-0.163803	-0.784622	0.406734
1525629210.723264	1525629210.723264	-0.150757	-0.932848	0.356873
1525629210.733325	1525629210.733325	-0.116940	-0.981023	0.199763
1525629210.743220	1525629210.743220	-0.065478	-0.959972	0.097149
1525629210.753204	1525629210.753204	0.034305	-0.816479	0.168613
1525629210.763179	1525629210.763179	0.208474	-0.590073	0.455985
1525629210.773219	1525629210.773219	0.409091	-0.482009	0.911852
1525629210.783143	1525629210.783143	0.582665	-0.547520	1.449350
1525629210.793494	1525629210.793494	0.708412	-0.816422	1.929858
1525629210.803426	1525629210.803426	0.799024	-1.101245	2.226866
1525629210.813042	1525629210.813042	0.845628	-1.266607	2.308333
1525629210.823057	1525629210.823057	0.850111	-1.317836	2.193438
1525629210.833039	1525629210.833039	0.844795	-1.282757	1.937926
1525629210.843011	1525629210.843011	0.885182	-1.182883	1.623367
1525629210.852873	1525629210.852873	0.983856	-1.087507	1.340387
1525629210.863077	1525629210.863077	1.104579	-0.997501	1.172628
1525629210.872980	1525629210.872980	1.203155	-0.859367	1.167443
1525629210.882937	1525629210.882937	1.268089	-0.660274	1.307662
1525629210.893020	1525629210.893020	1.305450	-0.424790	1.528435
1525629210.902854	1525629210.902854	1.325671	-0.196692	1.753255
1525629210.912895	1525629210.912895	1.324138	-0.016492	1.915013
1525629210.922884	1525629210.922884	1.279848	0.135075	1.990036
1525629210.932856	1525629210.932856	1.192837	0.271863	1.978324
1525629210.942837	1525629210.942837	1.083124	0.356490	1.892895
1525629210.952828	1525629210.952828	0.977100	0.385656	1.756424
1525629210.962815	1525629210.962815	0.881973	0.380658	1.594542
1525629210.972842	1525629210.972842	0.809073	0.336135	1.439320
1525629210.982761	1525629210.982761	0.762275	0.277664	1.328056
1525629210.992778	1525629210.992778	0.708402	0.273609	1.282694
1525629211.002773	1525629211.002773	0.625234	0.329388	1.289125
1525629211.012676	1525629211.012676	0.555792	0.437342	1.318075
1525629211.022899	1525629211.022899	0.531277	0.587738	1.346508
1525629211.033226	1525629211.033226	0.520745	0.767916	1.371918
1525629211.042606	1525629211.042606	0.476135	0.962093	1.394783
1525629211.053117	1525629211.053117	0.389999	1.147916	1.408624
1525629211.062635	1525629211.062635	0.292095	1.283692	1.414873
1525629211.073015	1525629211.073015	0.205927	1.388508	1.414881
1525629211.082555	1525629211.082555	0.134774	1.446357	1.399107
1525629211.093017	1525629211.093017	0.078684	1.450842	1.362233
1525629211.102657	1525629211.102657	0.024841	1.411611	1.307293
1525629211.112725	1525629211.112725	-0.027798	1.348920	1.236404
1525629211.122506	1525629211.122506	-0.085723	1.305436	1.165449
1525629211.132416	1525629211.132416	-0.124449	1.281057	1.098986
1525629211.142480	1525629211.142480	-0.136463	1.230982	1.024335
1525629211.152369	1525629211.152369	-0.113323	1.128530	0.943730
1525629211.162323	1525629211.162323	-0.071903	1.010007	0.848448
1525629211.172395	1525629211.172395	-0.037777	0.888310	0.738176
1525629211.182472	1525629211.182472	-0.015117	0.775179	0.607540
1525629211.192277	1525629211.192277	-0.012482	0.666388	0.457501
1525629211.202475	1525629211.202475	-0.040401	0.570504	0.278350
1525629211.212330	1525629211.212330	-0.065781	0.495912	0.070492
1525629211.222269	1525629211.222269	-0.044540	0.428595	-0.109122
1525629211.232410	1525629211.232410	0.032107	0.412249	-0.184818
1525629211.242265	1525629211.242265	0.116639	0.466281	-0.106088
1525629211.252602	1525629211.252602	0.182218	0.544978	0.131000
1525629211.262205	1525629211.262205	0.210081	0.521562	0.464485
1525629211.272058	1525629211.272058	0.175933	0.351318	0.778059
1525629211.282044	1525629211.282044	0.109306	0.093747	0.937970
1525629211.292215	1525629211.292215	0.107370	-0.182321	0.865578
1525629211.302291	1525629211.302291	0.185857	-0.449231	0.588749
1525629211.312022	1525629211.312022	0.239870	-0.671310	0.228599
1525629211.322042	1525629211.322042	0.242244	-0.762048	-0.070454
1525629211.332135	1525629211.332135	0.256751	-0.701415	-0.196938
1525629211.342116	1525629211.342116	0.301930	-0.572607	-0.113369
1525629211.351985	1525629211.351985	0.309843	-0.453158	0.135784
1525629211.361976	1525629211.361976	0.268073	-0.284445	0.443932
1525629211.371999	1525629211.371999	0.231506	-0.064625	0.686152
1525629211.381937	1525629211.381937	0.227698	0.204022	0.790404
1525629211.391952	1525629211.391952	0.248944	0.453318	0.761919
1525629211.401975	1525629211.401975	0.251742	0.618458	0.654448
1525629211.411864	1525629211.411864	0.236181	0.673896	0.542498
1525629211.421886	1525629211.421886	0.233774	0.641900	0.471158
1525629211.431892	1525629211.431892	0.247500	0.526730	0.459621
1525629211.441827	1525629211.441827	0.240198	0.312546	0.489340
1525629211.451852	1525629211.451852	0.183574	0.036759	0.525909
1525629211.461828	1525629211.461828	0.112470	-0.229390	0.527176
1525629211.471606	1525629211.471606	0.089377	-0.380665	0.465165
1525629211.481852	1525629211.481852	0.106889	-0.372267	0.344042
1525629211.491702	1525629211.491702	0.120796	-0.265815	0.188813
1525629211.501675	1525629211.501675	0.105636	-0.185877	0.049194
1525629211.512422	1525629211.512422	0.079943	-0.180475	-0.029883
1525629211.521747	1525629211.521747	0.064960	-0.172948	-0.024745
1525629211.531717	1525629211.531717	0.083343	-0.151678	0.046791
1525629211.541581	1525629211.541581	0.090561	-0.177242	0.149059
1525629211.551701	1525629211.551701	0.068232	-0.187770	0.227549
1525629211.561496	1525629211.561496	0.046813	-0.147172	0.242187
1525629211.571520	1525629211.571520	0.068855	-0.141962	0.186045
1525629211.581503	1525629211.581503	0.112815	-0.160316	0.078019
1525629211.591473	1525629211.591473	0.159924	-0.173352	-0.024648
1525629211.601430	1525629211.601430	0.190237	-0.226792	-0.071107
1525629211.611407	1525629211.611407	0.187476	-0.258734	-0.026437
1525629211.621424	1525629211.621424	0.159366	-0.248969	0.092427
1525629211.631278	1525629211.631278	0.129977	-0.272234	0.221920
1525629211.641374	1525629211.641374	0.149205	-0.308518	0.299855
1525629211.651358	1525629211.651358	0.217344	-0.333318	0.307075
1525629211.661561	1525629211.661561	0.250063	-0.283385	0.259578
1525629211.671309	1525629211.671309	0.231098	-0.116005	0.186964
1525629211.681302	1525629211.681302	0.225086	0.043853	0.100673
1525629211.691639	1525629211.691639	0.231314	0.072573	0.033694
1525629211.701255	1525629211.701255	0.223819	-0.011601	0.018703
1525629211.711598	1525629211.711598	0.193284	-0.104181	0.053457
1525629211.721744	1525629211.721744	0.170174	-0.141364	0.103200
1525629211.731181	1525629211.731181	0.180732	-0.096636	0.121422
1525629211.741711	1525629211.741711	0.188725	0.019494	0.102358
1525629211.751149	1525629211.751149	0.163936	0.147478	0.061605
1525629211.761667	1525629211.761667	0.150629	0.163503	0.018867
1525629211.771107	1525629211.771107	0.167810	0.098406	-0.003272
1525629211.781470	1525629211.781470	0.181637	0.081294	-0.003103
1525629211.790948	1525629211.790948	0.169784	0.076019	0.005267
1525629211.807396	1525629211.807396	0.161294	0.083515	0.003035
1525629211.810521	1525629211.810521	0.179682	0.111141	-0.011642
1525629211.825472	1525629211.825472	0.178740	0.098350	-0.024426
1525629211.830519	1525629211.830519	0.154007	0.051562	-0.018341
1525629211.840448	1525629211.840448	0.167472	0.020608	0.008434
1525629211.850435	1525629211.850435	0.199129	0.026882	0.038623
1525629211.860399	1525629211.860399	0.197665	0.030101	0.071600
1525629211.870413	1525629211.870413	0.179036	-0.020966	0.101176
1525629211.880360	1525629211.880360	0.170104	-0.069945	0.123420
1525629211.890358	1525629211.890358	0.181746	-0.060398	0.133141
1525629211.900328	1525629211.900328	0.205291	-0.046644	0.130236
1525629211.910297	1525629211.910297	0.213812	-0.062668	0.128211
1525629211.920277	1525629211.920277	0.191231	-0.091345	0.136451
1525629211.930255	1525629211.930255	0.180314	-0.154178	0.143770
1525629211.940137	1525629211.940137	0.198288	-0.188357	0.150377
1525629211.950294	1525629211.950294	0.208838	-0.157487	0.166470
1525629211.960203	1525629211.960203	0.196001	-0.061499	0.188662
1525629211.970267	1525629211.970267	0.187440	0.053656	0.214098
1525629211.980174	1525629211.980174	0.186257	0.132542	0.239626
1525629211.990227	1525629211.990227	0.167926	0.159275	0.260688
1525629212.000147	1525629212.000147	0.146441	0.162569	0.273198
1525629212.010146	1525629212.010146	0.118680	0.132842	0.268602
1525629212.020114	1525629212.020114	0.109252	0.061460	0.239751
1525629212.030062	1525629212.030062	0.103342	0.023095	0.191784
1525629212.040096	1525629212.040096	0.083976	0.045528	0.122363
1525629212.050075	1525629212.050075	0.064921	0.129771	0.040171
1525629212.060058	1525629212.060058	0.061814	0.160653	-0.048209
1525629212.070029	1525629212.070029	0.050879	0.146813	-0.116462
1525629212.079882	1525629212.079882	0.024607	0.150108	-0.148714
1525629212.090129	1525629212.090129	0.003368	0.148062	-0.157488
1525629212.099984	1525629212.099984	0.011898	0.156554	-0.155256
1525629212.109955	1525629212.109955	0.028898	0.170341	-0.146533
1525629212.120028	1525629212.120028	0.029879	0.156483	-0.142263
1525629212.129967	1525629212.129967	0.000849	0.103319	-0.135166
1525629212.139997	1525629212.139997	-0.022934	0.020291	-0.126940
1525629212.149927	1525629212.149927	0.001550	0.040441	-0.118126
1525629212.159983	1525629212.159983	0.052855	0.141481	-0.104729
1525629212.169892	1525629212.169892	0.073931	0.182971	-0.074671
1525629212.179876	1525629212.179876	0.058335	0.232093	-0.011002
1525629212.189893	1525629212.189893	0.024296	0.284503	0.077987
1525629212.199807	1525629212.199807	0.040415	0.269546	0.152689
1525629212.209807	1525629212.209807	0.067548	0.157533	0.179634
1525629212.219787	1525629212.219787	0.042979	0.051048	0.160178
1525629212.229755	1525629212.229755	0.018091	0.040468	0.099205
1525629212.239622	1525629212.239622	0.006440	0.099100	0.017105
1525629212.249710	1525629212.249710	0.008253	0.136372	-0.036091
1525629212.259685	1525629212.259685	0.016958	0.146988	-0.047693
1525629212.269662	1525629212.269662	0.015464	0.169394	-0.008331
1525629212.279647	1525629212.279647	-0.013985	0.246288	0.059426
1525629212.289626	1525629212.289626	0.017287	0.426281	0.069382
1525629212.299623	1525629212.299623	0.120305	0.584564	-0.119883
1525629212.309645	1525629212.309645	-0.080092	0.051467	-0.071229
1525629212.319565	1525629212.319565	-0.079396	-0.032690	0.028832
1525629212.329536	1525629212.329536	-0.011346	-0.025509	0.049887
1525629212.339571	1525629212.339571	0.008252	-0.076770	0.007554
1525629212.349502	1525629212.349502	0.006126	-0.027769	-0.070172
1525629212.366567	1525629212.366567	-0.024205	0.022436	-0.109926
1525629212.369475	1525629212.369475	-0.017834	-0.010633	-0.114104
1525629212.379538	1525629212.379538	0.003250	-0.018175	-0.094688
1525629212.389529	1525629212.389529	0.003922	-0.040547	-0.067005
1525629212.399410	1525629212.399410	-0.007135	-0.065002	-0.040531
1525629212.409564	1525629212.409564	-0.004182	-0.012776	-0.009630
1525629212.419419	1525629212.419419	0.007646	0.066047	-0.000973
1525629212.429697	1525629212.429697	0.000314	0.068205	-0.011706
1525629212.439429	1525629212.439429	-0.017742	0.006456	-0.031084
1525629212.449588	1525629212.449588	-0.026241	-0.057463	-0.047151
1525629212.459462	1525629212.459462	0.006838	-0.086383	-0.053132
1525629212.469456	1525629212.469456	0.061574	-0.097287	-0.081200
1525629212.479628	1525629212.479628	0.098043	-0.081460	-0.093526
1525629212.490407	1525629212.490407	0.107707	-0.051658	-0.092345
1525629212.499606	1525629212.499606	0.110764	-0.046336	-0.079535
1525629212.509490	1525629212.509490	0.100987	-0.053750	-0.066882
1525629212.519800	1525629212.519800	0.100880	-0.060141	-0.059433
1525629212.529521	1525629212.529521	0.092112	-0.064358	-0.041446
1525629212.539513	1525629212.539513	0.075609	-0.055743	0.000927
1525629212.549485	1525629212.549485	0.082609	-0.018449	0.046778
1525629212.559358	1525629212.559358	0.088871	0.025232	0.067077
1525629212.569513	1525629212.569513	0.083665	0.024183	0.056369
1525629212.579521	1525629212.579521	0.059402	0.034935	0.035849
1525629212.589482	1525629212.589482	0.033143	0.095788	0.014239
1525629212.599391	1525629212.599391	0.014174	0.148090	0.005491
1525629212.609354	1525629212.609354	0.007941	0.168362	-0.004165
1525629212.619554	1525629212.619554	0.002096	0.182223	-0.046812
1525629212.629687	1525629212.629687	-0.012901	0.215332	-0.035288
1525629212.668397	1525629212.668397	-0.034583	0.197317	-0.011073
1525629212.672227	1525629212.672227	-0.061290	0.167586	-0.014591
1525629212.673487	1525629212.673487	-0.048175	0.156860	-0.042104
1525629212.673792	1525629212.673792	-0.023062	0.131150	-0.093950
1525629212.679218	1525629212.679218	-0.001177	0.120378	-0.140513
1525629212.689243	1525629212.689243	0.000978	0.081996	-0.150065
1525629212.699484	1525629212.699484	-0.015658	0.047981	-0.105565
1525629212.709248	1525629212.709248	-0.015255	-0.013819	-0.064048
1525629212.719316	1525629212.719316	0.001208	-0.053306	-0.022335
1525629212.729207	1525629212.729207	0.006362	-0.099155	-0.016949
1525629212.739130	1525629212.739130	0.024711	-0.087515	-0.031626
1525629212.749324	1525629212.749324	0.036780	-0.053470	-0.051702
1525629212.759078	1525629212.759078	0.055098	-0.022643	-0.059994
1525629212.769263	1525629212.769263	0.074241	-0.025920	-0.055502
1525629212.779042	1525629212.779042	0.063292	-0.059972	-0.039670
1525629212.789034	1525629212.789034	0.042653	-0.066266	-0.011184
1525629212.799120	1525629212.799120	0.056081	-0.075900	0.023040
1525629212.808980	1525629212.808980	0.101558	-0.099529	0.051270
1525629212.819040	1525629212.819040	0.147368	-0.094391	0.058216
1525629212.828936	1525629212.828936	0.176758	0.019515	0.034092
1525629212.838929	1525629212.838929	0.158537	0.094169	-0.031059
1525629212.848888	1525629212.848888	0.100290	0.089071	-0.067959
1525629212.859048	1525629212.859048	0.050404	0.092471	-0.088792
1525629212.868916	1525629212.868916	0.019443	0.073417	-0.091299
1525629212.880053	1525629212.880053	0.006241	0.018061	-0.070172
1525629212.888881	1525629212.888881	0.005667	-0.034145	-0.033989
1525629212.898895	1525629212.898895	0.019019	-0.094940	-0.004022
1525629212.908875	1525629212.908875	0.036221	-0.099281	-0.015519
1525629212.918797	1525629212.918797	0.047504	-0.025804	-0.050507
1525629212.930673	1525629212.930673	0.072116	0.085970	-0.120457
1525629212.938909	1525629212.938909	0.031015	-0.059864	-0.104990
1525629212.948958	1525629212.948958	0.014513	-0.071501	-0.066875
1525629212.958848	1525629212.958848	0.011173	-0.085338	-0.058400
1525629212.968673	1525629212.968673	0.012316	-0.086412	-0.064773
1525629212.981879	1525629212.981879	0.011306	-0.100266	-0.072235
1525629212.988696	1525629212.988696	0.012313	-0.098137	-0.066901
1525629212.998695	1525629212.998695	0.000149	-0.149233	-0.042568
1525629213.008542	1525629213.008542	0.011749	-0.140750	-0.029654
1525629213.020453	1525629213.020453	0.029971	-0.117380	-0.031561
1525629213.028672	1525629213.028672	0.035301	-0.087558	-0.025110
1525629213.038606	1525629213.038606	0.046873	-0.069480	-0.007939
1525629213.048612	1525629213.048612	0.049868	-0.057761	0.011255
1525629213.058613	1525629213.058613	0.055344	-0.001296	0.011321
1525629213.070321	1525629213.070321	0.036182	-0.000150	0.007893
1525629213.078499	1525629213.078499	0.021105	-0.004345	0.018352
1525629213.088539	1525629213.088539	0.026401	0.016952	0.025867
1525629213.098845	1525629213.098845	0.031592	0.027595	0.039767
1525629213.108351	1525629213.108351	0.033601	0.024393	0.049371
1525629213.121010	1525629213.121010	0.035729	0.022252	0.049397
1525629213.128377	1525629213.128377	0.030447	0.027602	0.046139
1525629213.138354	1525629213.138354	0.021999	0.036162	0.040714
1525629213.148428	1525629213.148428	0.011393	0.035139	0.035262
1525629213.159460	1525629213.159460	0.012420	0.024477	0.036339
1525629213.168586	1525629213.168586	0.012498	0.013815	0.027826
1525629213.178249	1525629213.178249	0.012558	0.011681	0.022505
1525629213.188319	1525629213.188319	0.020049	0.010582	0.020468
1525629213.198488	1525629213.198488	0.023257	0.008436	0.019443
1525629213.210558	1525629213.210558	0.035994	0.008385	0.024920
1525629213.218132	1525629213.218132	0.050897	0.015784	0.029360
1525629213.228049	1525629213.228049	0.068180	0.059405	0.021055
1525629213.238100	1525629213.238100	0.066276	0.046614	-0.000255
1525629213.248804	1525629213.248804	0.055601	0.028539	-0.003578
1525629213.258092	1525629213.258092	0.039487	0.005161	0.000483
1525629213.268051	1525629213.268051	0.030826	-0.013983	0.006764
1525629213.278048	1525629213.278048	0.037111	-0.034258	0.012163
1525629213.288044	1525629213.288044	0.044422	-0.044942	0.022896
1525629213.300280	1525629213.300280	0.044331	-0.044939	0.030346
1525629213.307946	1525629213.307946	0.039962	-0.033192	0.040935
1525629213.317940	1525629213.317940	0.045248	-0.016158	0.048450
1525629213.327826	1525629213.327826	0.050662	0.010464	0.047451
1525629213.340507	1525629213.340507	0.053996	0.022170	0.038977
1525629213.353615	1525629213.353615	0.065778	0.009327	0.032735
1525629213.358071	1525629213.358071	0.078550	-0.023769	0.028635
1525629213.367941	1525629213.367941	0.080596	-0.058949	0.028661
1525629213.378805	1525629213.378805	0.069826	-0.088745	0.030659
1525629213.393943	1525629213.393943	0.062349	-0.113229	0.026311
1525629213.397966	1525629213.397966	0.051787	-0.128111	0.014474
1525629213.407857	1525629213.407857	0.056143	-0.139857	0.004948
1525629213.417847	1525629213.417847	0.063794	-0.134567	-0.008795
1525629213.431827	1525629213.431827	0.061791	-0.129234	-0.018399
1525629213.437640	1525629213.437640	0.058719	-0.108973	-0.024823
1525629213.447835	1525629213.447835	0.058770	-0.088723	-0.024823
1525629213.457760	1525629213.457760	0.066129	-0.074893	-0.013026
1525629213.469832	1525629213.469832	0.074438	-0.091975	0.001978
1525629213.483014	1525629213.483014	0.077523	-0.106906	0.008402
1525629213.487464	1525629213.487464	0.064729	-0.108984	0.007181
1525629213.497542	1525629213.497542	0.047620	-0.108910	0.010165
1525629213.507615	1525629213.507615	0.028239	-0.112019	0.023765
1525629213.519556	1525629213.519556	-0.013444	-0.089456	0.033898
1525629213.527641	1525629213.527641	-0.070800	-0.024201	0.025744
1525629213.537579	1525629213.537579	-0.141604	0.032568	-0.018763
1525629213.547501	1525629213.547501	-0.194060	0.074328	-0.083267
1525629213.558018	1525629213.558018	-0.192287	0.106272	-0.134336
1525629213.567535	1525629213.567535	-0.141941	0.103919	-0.150750
1525629213.577350	1525629213.577350	-0.092319	0.031246	-0.122467
1525629213.587431	1525629213.587431	-0.092239	-0.139263	-0.076693
1525629213.599408	1525629213.599408	0.018504	-0.072574	-0.044475
1525629213.610512	1525629213.610512	0.094724	0.002804	0.020317
1525629213.617386	1525629213.617386	-0.021548	0.020351	0.021023
1525629213.627283	1525629213.627283	-0.142521	0.165804	-0.003877
1525629213.637233	1525629213.637233	-0.160284	0.273522	-0.012612
1525629213.647079	1525629213.647079	-0.143154	0.271316	-0.017725
1525629213.657308	1525629213.657308	-0.108550	0.181655	0.013568
1525629213.667292	1525629213.667292	-0.075332	0.073891	0.067195
1525629213.677243	1525629213.677243	-0.046212	0.013038	0.116514
1525629213.687276	1525629213.687276	-0.023136	-0.009429	0.144470
1525629213.697238	1525629213.697238	-0.002917	-0.004184	0.150039
1525629213.707210	1525629213.707210	0.007919	0.005357	0.138463
1525629213.717193	1525629213.717193	0.015825	0.008506	0.103436
1525629213.727159	1525629213.727159	0.019551	0.020196	0.063036
1525629213.737145	1525629213.737145	0.019922	0.027642	0.034302
1525629213.747121	1525629213.747121	0.001002	0.015987	0.008527
1525629213.757101	1525629213.757101	-0.000653	-0.017067	-0.037260
1525629213.767081	1525629213.767081	0.005093	-0.035227	-0.074442
1525629213.777051	1525629213.777051	-0.009944	-0.023434	-0.063982
1525629213.787572	1525629213.787572	-0.009232	-0.024490	-0.035236
1525629213.797050	1525629213.797050	0.007775	-0.028824	-0.030770
1525629213.807294	1525629213.807294	0.025132	-0.023578	-0.052910
1525629213.816981	1525629213.816981	0.031876	-0.006565	-0.077308
1525629213.827576	1525629213.827576	0.030932	0.011555	-0.083706
1525629213.837000	1525629213.837000	0.022479	0.023313	-0.088068
1525629213.847264	1525629213.847264	0.017105	0.012678	-0.087069
1525629213.856888	1525629213.856888	0.021213	0.006271	-0.075310
1525629213.867145	1525629213.867145	0.020959	-0.006510	-0.057219
1525629213.877100	1525629213.877100	0.017539	-0.021410	-0.042359
1525629213.886690	1525629213.886690	0.018522	-0.023543	-0.035961
1525629213.896922	1525629213.896922	0.017468	-0.023539	-0.037038
1525629213.906669	1525629213.906669	0.017581	-0.009686	-0.043423
1525629213.916809	1525629213.916809	0.011346	0.020179	-0.050951
1525629213.926718	1525629213.926718	0.013536	0.047882	-0.049861
1525629213.936570	1525629213.936570	0.020855	0.051054	-0.036999
1525629213.946730	1525629213.946730	0.030325	0.035030	-0.029432
1525629213.956685	1525629213.956685	0.036630	0.027545	-0.022969
1525629213.966736	1525629213.966736	0.033283	0.026499	-0.011302
1525629213.976648	1525629213.976648	0.029915	0.016926	0.000365
1525629213.986628	1525629213.986628	0.022300	0.005239	0.009852
1525629213.998367	1525629213.998367	0.015818	0.014862	0.018287
1525629214.007775	1525629214.007775	0.009436	0.027680	0.019273
1525629214.016592	1525629214.016592	0.015827	0.028719	0.020416
1525629214.026581	1525629214.026581	0.012585	0.027668	0.023569
1525629214.036967	1525629214.036967	0.001955	0.027712	0.020246
1525629214.047354	1525629214.047354	-0.008627	0.030951	0.013730
1525629214.056374	1525629214.056374	-0.005354	0.028803	0.007384
1525629214.066251	1525629214.066251	-0.011782	0.012843	0.006242
1525629214.076473	1525629214.076473	-0.018354	-0.008441	0.015741
1525629214.086710	1525629214.086710	-0.014159	-0.011654	0.021114
1525629214.096331	1525629214.096331	-0.005520	-0.006365	0.013769
1525629214.106424	1525629214.106424	-0.002112	0.013865	0.001038
1525629214.116392	1525629214.116392	0.001306	0.038358	-0.011693
1525629214.126579	1525629214.126579	0.012166	0.052162	-0.024333
1525629214.136448	1525629214.136448	0.019780	0.047861	-0.037012
1525629214.146342	1525629214.146342	0.018733	0.029744	-0.042346
1525629214.156331	1525629214.156331	0.003710	0.015954	-0.038272
1525629214.166285	1525629214.166285	0.005542	-0.016020	-0.020155
1525629214.176286	1525629214.176286	0.007358	-0.054388	-0.002037
1525629214.186357	1525629214.186357	0.025310	-0.050194	0.014148
1525629214.196233	1525629214.196233	0.044543	-0.038552	0.014383
1525629214.206209	1525629214.206209	0.071354	-0.008825	0.009388
1525629214.216200	1525629214.216200	0.243437	-0.110789	0.051941
1525629214.259744	1525629214.259744	0.114193	-0.104945	-0.023080
1525629214.263213	1525629214.263213	-0.035272	0.092847	-0.063231
1525629214.263504	1525629214.263504	-0.111802	0.133666	-0.079070
1525629214.266000	1525629214.266000	-0.097543	0.066478	-0.037383
1525629214.267129	1525629214.267129	-0.073955	-0.042310	0.018255
1525629214.276297	1525629214.276297	-0.101413	-0.106119	0.069010
1525629214.286362	1525629214.286362	-0.117614	-0.101779	0.085842
1525629214.295930	1525629214.295930	-0.040337	-0.089333	0.051663
1525629214.305916	1525629214.305916	0.097127	-0.076054	0.069309
1525629214.317010	1525629214.317010	0.067366	-0.047152	0.065751
1525629214.325935	1525629214.325935	-0.037835	0.073726	0.054882
1525629214.335872	1525629214.335872	-0.092581	0.178391	0.015892
1525629214.345804	1525629214.345804	-0.088096	0.208209	0.004238
1525629214.355771	1525629214.355771	-0.062880	0.140964	0.022642
1525629214.365831	1525629214.365831	-0.048630	0.054590	0.061136
1525629214.375738	1525629214.375738	-0.041807	-0.015765	0.099539
1525629214.385718	1525629214.385718	-0.045187	-0.050919	0.106949
1525629214.395687	1525629214.395687	-0.044811	-0.036012	0.079280
1525629214.405666	1525629214.405666	-0.038903	0.000183	0.039970
1525629214.415551	1525629214.415551	-0.043740	0.026833	0.004786
1525629214.425634	1525629214.425634	-0.046754	0.054553	-0.004831
1525629214.435690	1525629214.435690	-0.032997	0.061960	0.005981
1525629214.445501	1525629214.445501	-0.021445	0.045929	0.017830
1525629214.455565	1525629214.455565	-0.024777	0.013971	0.022048
1525629214.465548	1525629214.465548	-0.039798	-0.009412	0.023994
1525629214.475685	1525629214.475685	-0.046257	-0.022174	0.026044
1525629214.485511	1525629214.485511	-0.045083	-0.015787	0.018608
1525629214.495620	1525629214.495620	-0.036369	0.008685	0.009134
1525629214.505409	1525629214.505409	-0.024521	0.022487	0.002892
1525629214.515538	1525629214.515538	-0.012689	0.029895	-0.003349
1525629214.525421	1525629214.525421	-0.015858	0.032039	-0.005517
1525629214.535548	1525629214.535548	-0.015960	0.027780	0.001933
1525629214.545381	1525629214.545381	-0.004437	0.005355	0.014847
1525629214.555371	1525629214.555371	-0.000341	-0.026634	0.022348
1525629214.565353	1525629214.565353	-0.009995	-0.042579	0.023295
1525629214.575217	1525629214.575217	-0.013188	-0.034039	0.024320
1525629214.585308	1525629214.585308	-0.012042	-0.018058	0.021140
1525629214.595268	1525629214.595268	-0.006605	-0.013821	0.013756
1525629214.605311	1525629214.605311	-0.005457	0.003225	0.010577
1525629214.615239	1525629214.615239	0.007380	0.022356	0.011798
1525629214.625212	1525629214.625212	0.018031	0.030839	0.015121
1525629214.635199	1525629214.635199	0.028728	0.015870	0.009930
1525629214.645055	1525629214.645055	0.021319	-0.007551	0.000261
1525629214.655153	1525629214.655153	0.009635	-0.007503	-0.004139
1525629214.665143	1525629214.665143	0.014964	-0.009658	-0.004074
1525629214.675109	1525629214.675109	0.097089	-0.014269	-0.002005
1525629214.700644	1525629214.700644	0.135832	-0.113536	0.037853
1525629214.704998	1525629214.704998	0.091448	-0.095243	0.006443
1525629214.705178	1525629214.705178	0.070444	-0.014157	-0.004460
1525629214.715056	1525629214.715056	0.075959	0.016724	-0.012908
1525629214.725024	1525629214.725024	0.112111	0.025103	-0.000758
1525629214.734871	1525629214.734871	0.145170	0.014304	-0.001418
1525629214.745014	1525629214.745014	0.162195	0.012101	0.001984
1525629214.754942	1525629214.754942	0.169550	-0.012441	0.006332
1525629214.764987	1525629214.764987	0.166246	-0.038005	0.009485
1525629214.774905	1525629214.774905	0.132315	-0.037869	-0.007960
1525629214.784894	1525629214.784894	0.098489	-0.027078	-0.031790
1525629214.794859	1525629214.794859	0.086816	-0.028097	-0.037254
1525629214.804851	1525629214.804851	0.085618	-0.044075	-0.029818
1525629214.814819	1525629214.814819	0.079009	-0.038710	-0.011805
1525629214.825908	1525629214.825908	0.075602	-0.026963	0.007312
1525629214.834886	1525629214.834886	0.069987	-0.019468	0.031723
1525629214.844764	1525629214.844764	0.043048	0.025424	0.062259
1525629214.854805	1525629214.854805	0.031133	0.073447	0.086592
1525629214.865056	1525629214.865056	0.045914	0.105367	0.105930
1525629214.877579	1525629214.877579	0.122049	0.359782	0.127076
1525629214.884496	1525629214.884496	0.116434	0.325707	0.142974
1525629214.894805	1525629214.894805	0.070540	0.104194	0.098781
1525629214.904796	1525629214.904796	0.045670	0.173556	0.052707
1525629214.916611	1525629214.916611	0.016206	0.201380	0.024672
1525629214.924788	1525629214.924788	-0.010589	0.131148	0.020089
1525629214.934663	1525629214.934663	-0.021460	0.055523	0.021023
1525629214.944793	1525629214.944793	-0.016284	0.007541	0.024281
1525629214.955104	1525629214.955104	-0.018561	-0.028685	0.028512
1525629214.968949	1525629214.968949	-0.013240	-0.039366	0.027513
1525629214.974533	1525629214.974533	0.005020	-0.015998	0.022413
1525629214.984593	1525629214.984593	0.014794	0.026590	0.017210
1525629214.994713	1525629214.994713	0.017169	0.060680	0.004466
1525629215.007432	1525629215.007432	0.015253	0.069208	-0.011523
1525629215.014418	1525629215.014418	0.011137	0.072417	-0.023282
1525629215.024344	1525629215.024344	-0.004869	0.066090	-0.024542
1525629215.034445	1525629215.034445	-0.008329	0.056521	-0.005425
1525629215.045177	1525629215.045177	-0.009694	0.036285	0.014781
1525629215.054483	1525629215.054483	-0.015104	0.026718	0.018973
1525629215.064366	1525629215.064366	-0.024677	0.038482	0.018855
1525629215.074413	1525629215.074413	-0.016155	0.038447	0.020024
1525629215.084226	1525629215.084226	-0.006603	0.034144	0.023334
1525629215.096860	1525629215.096860	-0.004578	0.058656	0.037195
1525629215.104255	1525629215.104255	-0.000382	0.076761	0.046825
1525629215.114240	1525629215.114240	-0.002464	0.082097	0.043606
1525629215.124216	1525629215.124216	-0.007787	0.102372	0.046733
1525629215.134793	1525629215.134793	-0.008888	0.093850	0.047785
1525629215.145343	1525629215.145343	-0.006758	0.066128	0.042490
1525629215.154221	1525629215.154221	-0.013073	0.058690	0.033898
1525629215.164404	1525629215.164404	-0.015111	0.044839	0.023230
1525629215.174103	1525629215.174103	-0.001238	0.014934	0.017014
1525629215.186774	1525629215.186774	0.005160	0.003182	0.014964
1525629215.200110	1525629215.200110	0.009508	0.009556	0.009695
