1525629205.452742	1525629205.452742	42.182205	60.292877	-360.880127
1525629205.464847	1525629205.464847	42.109711	60.817886	-361.033203
1525629205.464884	1525629205.464884	41.956177	60.067184	-360.879547
1525629205.484498	1525629205.484498	42.183548	60.592880	-360.881744
1525629205.484533	1525629205.484533	42.106598	60.142746	-360.954498
1525629205.504199	1525629205.504199	41.656860	60.216293	-360.881256
1525629205.504410	1525629205.504410	42.107758	60.367981	-361.105743
1525629205.523960	1525629205.523960	41.880585	59.917068	-360.953918
1525629205.523987	1525629205.523987	42.033691	60.592651	-361.032196
1525629205.543778	1525629205.543778	41.955994	59.992416	-361.029144
1525629205.543841	1525629205.543841	41.807617	60.366852	-360.956635
1525629205.563375	1525629205.563375	41.958359	60.517426	-361.032013
1525629205.563518	1525629205.563518	41.806671	60.141968	-361.030396
1525629205.583176	1525629205.583176	42.033020	60.442642	-361.031372
1525629205.583845	1525629205.583845	41.957230	60.217758	-361.255371
1525629205.602773	1525629205.602773	41.583694	60.591309	-361.033539
1525629205.602837	1525629205.602837	41.882614	60.367081	-360.956390
1525629205.622990	1525629205.622990	41.656738	60.141632	-361.105865
1525629205.623135	1525629205.623135	41.958252	60.442764	-361.256622
1525629205.642035	1525629205.642035	41.806259	60.066849	-360.954987
1525629205.642099	1525629205.642099	41.657684	60.366516	-361.032074
1525629205.662035	1525629205.662035	42.031830	60.142868	-361.179718
1525629205.662098	1525629205.662098	41.807678	60.366974	-361.031647
1525629205.682902	1525629205.682902	42.032684	60.367645	-361.030975
1525629205.683953	1525629205.683953	42.030884	59.917969	-361.253510
1525629205.706800	1525629205.706800	42.033356	60.517654	-361.031799
1525629205.706917	1525629205.706917	42.106903	60.143204	-361.254517
1525629205.721108	1525629205.721108	41.807755	60.367081	-361.106659
1525629205.721216	1525629205.721216	42.033066	60.368210	-361.405975
1525629205.745525	1525629205.745525	41.805664	59.916962	-361.029175
1525629205.745638	1525629205.745638	42.033691	60.592651	-361.032196
1525629205.763781	1525629205.763781	42.032913	60.367981	-361.255981
1525629205.763855	1525629205.763855	41.657837	60.366745	-361.182068
1525629205.785216	1525629205.785216	42.257431	60.293427	-361.104889
1525629205.785247	1525629205.785247	41.806671	60.141968	-361.030396
1525629205.799260	1525629205.799260	42.034973	60.892548	-360.958832
1525629205.799342	1525629205.799342	41.956665	60.142410	-361.029968
1525629205.819176	1525629205.819176	41.657532	60.366302	-360.882080
1525629205.819214	1525629205.819214	41.882675	60.367188	-361.031403
1525629205.838493	1525629205.838493	41.957458	60.367081	-360.806183
1525629205.838521	1525629205.838521	42.183365	60.518097	-361.031342
1525629205.858411	1525629205.858411	42.406418	60.068878	-361.103210
1525629205.858449	1525629205.858449	42.407120	60.293427	-360.804443
1525629205.878029	1525629205.878029	42.708405	60.594223	-360.730194
1525629205.878063	1525629205.878063	42.857803	60.444778	-360.803925
1525629205.897774	1525629205.897774	43.009384	60.745575	-361.030121
1525629205.897819	1525629205.897819	43.006531	60.145340	-360.876831
1525629205.917408	1525629205.917408	43.308945	60.596802	-361.253387
1525629205.917449	1525629205.917449	43.531921	60.147476	-361.250275
1525629205.937143	1525629205.937143	43.758041	60.447815	-361.026245
1525629205.937205	1525629205.937205	44.358200	60.449844	-361.174438
1525629205.956907	1525629205.956907	44.656769	60.150620	-361.096924
1525629205.956966	1525629205.956966	44.658463	60.525620	-361.098969
1525629205.976905	1525629205.976905	45.256332	60.002747	-361.319275
1525629205.977017	1525629205.977017	45.031860	60.151855	-361.170776
1525629205.996549	1525629205.996549	45.181488	60.002747	-361.469543
1525629205.996664	1525629205.996664	44.956512	60.076630	-361.170593
1525629206.015939	1525629206.015939	44.808319	60.376862	-361.622711
1525629206.016138	1525629206.016138	44.506058	59.925613	-361.396118
1525629206.035897	1525629206.035897	44.732269	60.226074	-361.247101
1525629206.036017	1525629206.036017	45.029861	59.627396	-361.542938
1525629206.055435	1525629206.055435	44.955719	59.851959	-361.394348
1525629206.055563	1525629206.055563	45.182724	60.228104	-361.695770
1525629206.075148	1525629206.075148	45.179611	59.552963	-361.617065
1525629206.075258	1525629206.075258	45.258087	60.377869	-361.396332
1525629206.094791	1525629206.094791	45.631378	59.929443	-361.692780
1525629206.094965	1525629206.094965	45.181335	60.002518	-361.319489
1525629206.114735	1525629206.114735	45.557159	60.153870	-361.469269
1525629206.114847	1525629206.114847	45.256073	59.927856	-361.393860
1525629206.134476	1525629206.134476	44.956329	60.001846	-361.320160
1525629206.134735	1525629206.134735	45.331894	60.078308	-361.544495
1525629206.153975	1525629206.153975	44.806137	59.926620	-361.470245
1525629206.154093	1525629206.154093	45.256561	60.003082	-361.544312
1525629206.173729	1525629206.173729	44.656067	59.926056	-361.395660
1525629206.173843	1525629206.173843	44.807571	60.226746	-361.546875
1525629206.193061	1525629206.193061	44.805206	59.701736	-361.544006
1525629206.193182	1525629206.193182	44.656738	60.076065	-361.396484
1525629206.212947	1525629206.212947	44.807678	60.301407	-361.322266
1525629206.213060	1525629206.213060	44.957153	60.152084	-361.471039
1525629206.232909	1525629206.232909	44.808502	60.451630	-361.473145
1525629206.233022	1525629206.233022	44.657486	60.226181	-361.472351
1525629206.252429	1525629206.252429	44.658081	60.376068	-361.398132
1525629206.252574	1525629206.252574	44.881897	60.076965	-361.545837
1525629206.272132	1525629206.272132	44.431671	60.075287	-361.322144
1525629206.272394	1525629206.272394	44.809525	60.676636	-361.474365
1525629206.291743	1525629206.291743	44.431168	60.000046	-361.171753
1525629206.291894	1525629206.291894	44.208084	60.374725	-361.399475
1525629206.311427	1525629206.311427	44.432159	60.150513	-361.472626
1525629206.311564	1525629206.311564	44.206924	60.149490	-361.248260
1525629206.331076	1525629206.331076	44.508240	60.375839	-361.548615
1525629206.331240	1525629206.331240	44.281845	60.149612	-361.173004
1525629206.350761	1525629206.350761	44.431442	60.074936	-361.097168
1525629206.350836	1525629206.350836	44.432037	60.224838	-361.022980
1525629206.370374	1525629206.370374	43.983719	60.598495	-361.026367
1525629206.370444	1525629206.370444	44.284134	60.674500	-361.100922
1525629206.389908	1525629206.389908	43.682022	60.222595	-361.025208
1525629206.389980	1525629206.389980	43.834961	60.823380	-361.253082
1525629206.409510	1525629206.409510	43.531845	60.147354	-361.175262
1525629206.409574	1525629206.409574	43.381531	60.146454	-360.875702
1525629206.429184	1525629206.429184	43.457703	60.371918	-361.026703
1525629206.429245	1525629206.429245	43.007965	60.445450	-360.953461
1525629206.449420	1525629206.449420	42.633972	60.669342	-360.955811
1525629206.449532	1525629206.449532	42.707535	60.369446	-360.878967
1525629206.468811	1525629206.468811	42.409744	60.893326	-360.732727
1525629206.468926	1525629206.468926	42.407532	60.368546	-360.879852
1525629206.488502	1525629206.488502	42.108475	60.592545	-360.806976
1525629206.488617	1525629206.488617	41.809067	60.741531	-360.733704
1525629206.508236	1525629206.508236	41.805618	59.991394	-360.654572
1525629206.508354	1525629206.508354	41.508011	60.590073	-360.358765
1525629206.528433	1525629206.528433	41.434326	60.815292	-360.660217
1525629206.528559	1525629206.528559	40.834091	60.813156	-360.437012
1525629206.547514	1525629206.547514	40.983307	60.588943	-360.660339
1525629206.547630	1525629206.547630	40.606842	60.362137	-360.210205
1525629206.567466	1525629206.567466	40.234085	60.811356	-360.438812
1525629206.567577	1525629206.567577	40.232330	60.436249	-360.361755
1525629206.586869	1525629206.586869	39.557022	60.433762	-360.063751
1525629206.586989	1525629206.586989	40.157776	60.585678	-360.137787
1525629206.606773	1525629206.606773	39.257156	60.433090	-360.214630
1525629206.606893	1525629206.606893	39.108704	60.807419	-360.067169
1525629206.626113	1525629206.626113	38.956940	60.431854	-359.990570
1525629206.626232	1525629206.626232	38.508698	60.805634	-360.068939
1525629206.646077	1525629206.646077	38.507599	60.580521	-359.992737
1525629206.646186	1525629206.646186	37.682709	60.652710	-359.770599
1525629206.665659	1525629206.665659	37.458710	60.877029	-359.772491
1525629206.665783	1525629206.665783	37.306122	60.351242	-359.545074
1525629206.685195	1525629206.685195	36.781464	60.424667	-359.547028
1525629206.685313	1525629206.685313	36.931580	60.499771	-359.321991
1525629206.704904	1525629206.704904	36.406784	60.498550	-359.548584
1525629206.705026	1525629206.705026	36.632278	60.574448	-359.698303
1525629206.724639	1525629206.724639	36.180435	60.197861	-359.547607
1525629206.724758	1525629206.724758	36.032043	60.572311	-359.475098
1525629206.744128	1525629206.744128	36.181229	60.422531	-359.323822
1525629206.744243	1525629206.744243	35.731216	60.421188	-359.325165
1525629206.764457	1525629206.764457	35.731979	60.571304	-359.401001
1525629206.764529	1525629206.764529	35.130875	60.344376	-359.326538
1525629206.784554	1525629206.784554	34.831802	60.568375	-359.253693
1525629206.784627	1525629206.784627	34.978592	59.819031	-359.399139
1525629206.803708	1525629206.803708	34.680313	60.267700	-359.102478
1525629206.803817	1525629206.803817	34.530197	60.192581	-359.327515
1525629206.823435	1525629206.823435	34.455307	60.267029	-359.103149
1525629206.823542	1525629206.823542	34.531128	60.417480	-359.253754
1525629206.845781	1525629206.845781	34.078949	59.965881	-359.102631
1525629206.845853	1525629206.845853	33.555817	60.414108	-358.956665
1525629206.862151	1525629206.862151	33.555222	60.264221	-359.030853
1525629206.862221	1525629206.862221	33.179398	60.112854	-358.881134
1525629206.882154	1525629206.882154	33.330170	60.337967	-358.656921
1525629206.882225	1525629206.882225	33.027390	59.736954	-358.579529
1525629206.902413	1525629206.902413	32.202682	59.883926	-358.207794
1525629206.902490	1525629206.902490	32.279861	60.334381	-358.360046
1525629206.921712	1525629206.921712	31.677521	59.882126	-358.059387
1525629206.921782	1525629206.921782	31.904968	60.407913	-358.136597
1525629206.941280	1525629206.941280	31.601440	59.656784	-357.983368
1525629206.941388	1525629206.941388	31.528122	60.031570	-357.985626
1525629206.963419	1525629206.963419	31.227219	59.880325	-357.760742
1525629206.963530	1525629206.963530	30.551834	59.877747	-357.387756
1525629206.981008	1525629206.981008	30.551987	59.877960	-357.537750
1525629206.981431	1525629206.981431	30.176422	59.801498	-357.313446
1525629207.000010	1525629207.000010	29.577087	59.949707	-357.316040
1525629207.000118	1525629207.000118	29.273483	59.198456	-357.087830
1525629207.019646	1525629207.019646	28.450119	59.645432	-356.717743
1525629207.019754	1525629207.019754	28.600952	59.796112	-356.868134
1525629207.039758	1525629207.039758	27.773804	59.417953	-356.418549
1525629207.039866	1525629207.039866	27.624588	59.642166	-356.195221
1525629207.059130	1525629207.059130	26.797134	59.114578	-356.119781
1525629207.059240	1525629207.059240	26.423111	59.412888	-355.747528
1525629207.078900	1525629207.078900	26.045837	58.961426	-355.521210
1525629207.079008	1525629207.079008	25.296555	59.183731	-355.224670
1525629207.098590	1525629207.098590	24.922180	59.407043	-354.852020
1525629207.098698	1525629207.098698	24.394012	58.804779	-354.400299
1525629207.117980	1525629207.117980	23.719040	58.877304	-354.102722
1525629207.118088	1525629207.118088	23.343246	58.800507	-353.653442
1525629207.137786	1525629207.137786	22.366730	58.646347	-352.830505
1525629207.137895	1525629207.137895	21.991577	58.645004	-352.681641
1525629207.157575	1525629207.157575	21.164581	58.416061	-351.707855
1525629207.157684	1525629207.157684	20.414261	58.413361	-351.410095
1525629207.177195	1525629207.177195	19.962341	58.036667	-351.184387
1525629207.177304	1525629207.177304	19.060455	57.733170	-350.660431
1525629207.196849	1525629207.196849	18.759842	57.731369	-350.061279
1525629207.196958	1525629207.196958	17.783295	57.502655	-349.537964
1525629207.216790	1525629207.216790	17.181900	57.275284	-349.163513
1525629207.217010	1525629207.217010	16.579636	56.823151	-348.937836
1525629207.236112	1525629207.236112	15.453308	56.743301	-347.965790
1525629207.236222	1525629207.236222	14.775635	56.215820	-347.664917
1525629207.255900	1525629207.255900	13.722046	55.536880	-347.139343
1525629207.256178	1525629207.256178	12.595413	55.307602	-346.541473
1525629207.275480	1525629207.275480	11.691544	54.479660	-346.389618
1525629207.275588	1525629207.275588	10.490067	54.250381	-345.941986
1525629207.295293	1525629207.295293	9.662018	53.572891	-345.940735
1525629207.295402	1525629207.295402	8.533325	52.819061	-345.639954
1525629207.314931	1525629207.314931	7.630463	52.216125	-345.489349
1525629207.315039	1525629207.315039	6.575638	51.162857	-345.411743
1525629207.334556	1525629207.334556	5.223602	50.708786	-345.413300
1525629207.334665	1525629207.334665	4.317734	49.356400	-345.633545
1525629207.354153	1525629207.354153	3.038330	48.377563	-345.632019
1525629207.354262	1525629207.354262	2.436096	47.850983	-345.780945
1525629207.373806	1525629207.373806	1.457031	46.948044	-345.778931
1525629207.373912	1525629207.373912	0.930832	46.646683	-345.928833
1525629207.393485	1525629207.393485	0.931168	46.721680	-345.929230
1525629207.393593	1525629207.393593	0.630859	46.720337	-345.630127
1525629207.413143	1525629207.413143	1.157440	47.171249	-345.181030
1525629207.413253	1525629207.413253	1.381424	47.095901	-344.504944
1525629207.433169	1525629207.433169	1.382172	47.395004	-343.906586
1525629207.433242	1525629207.433242	1.680710	47.170227	-343.454437
1525629207.452651	1525629207.452651	1.154694	47.092636	-342.780609
1525629207.452723	1525629207.452723	1.004425	47.166290	-342.181458
1525629207.472581	1525629207.472581	1.153366	47.016159	-341.805176
1525629207.472690	1525629207.472690	1.682129	47.917313	-341.508545
1525629207.492076	1525629207.492076	2.657593	48.069901	-341.281464
1525629207.492184	1525629207.492184	3.263641	49.496155	-340.912506
1525629207.511899	1525629207.511899	4.543091	50.400558	-341.288635
1525629207.512010	1525629207.512010	5.746735	51.229065	-341.214569
1525629207.531191	1525629207.531191	7.328888	52.734375	-341.593109
1525629207.531959	1525629207.531959	8.532593	53.488434	-341.893616
1525629207.551049	1525629207.551049	9.887253	54.393402	-342.494537
1525629207.551160	1525629207.551160	11.466141	55.074371	-343.318573
1525629207.570556	1525629207.570556	12.895859	56.054123	-343.619659
1525629207.570625	1525629207.570625	14.401398	57.035324	-344.745544
1525629207.590323	1525629207.590323	15.903778	57.415848	-345.418152
1525629207.590393	1525629207.590393	18.159668	58.623276	-345.868011
1525629207.610398	1525629207.610398	19.964127	59.380264	-346.916779
1525629207.610468	1525629207.610468	21.393311	60.210236	-347.367035
1525629207.629903	1525629207.629903	24.021988	60.745026	-348.637054
1525629207.630011	1525629207.630011	25.373993	60.975540	-349.609283
1525629207.649660	1525629207.649660	27.327286	61.507736	-350.506378
1525629207.649768	1525629207.649768	29.503479	61.590500	-351.325287
1525629207.669494	1525629207.669494	31.156693	62.121689	-352.148254
1525629207.669605	1525629207.669605	33.032394	61.979340	-353.491821
1525629207.688736	1525629207.688736	35.659531	62.288330	-354.235657
1525629207.688841	1525629207.688841	37.985275	62.221878	-355.278320
1525629207.708415	1525629207.708415	39.410522	62.077499	-356.173248
1525629207.708523	1525629207.708523	41.588898	62.610489	-357.144653
1525629207.728169	1525629207.728169	43.835724	61.644012	-358.332581
1525629207.728280	1525629207.728280	45.186539	61.723724	-358.778961
1525629207.747700	1525629207.747700	47.661606	61.507721	-359.820343
1525629207.747810	1525629207.747810	48.933502	60.687424	-360.412018
1525629207.767442	1525629207.767442	50.658447	60.543488	-361.006042
1525629207.767550	1525629207.767550	52.080093	59.648743	-361.671875
1525629207.786981	1525629207.786981	53.129654	59.502228	-361.892944
1525629207.787090	1525629207.787090	54.703766	59.207626	-362.336609
1525629207.807040	1525629207.807040	55.226822	58.759293	-362.407562
1525629207.807149	1525629207.807149	55.827591	58.762222	-363.155762
1525629207.826493	1525629207.826493	55.899704	58.087662	-363.301849
1525629207.826602	1525629207.826602	55.751205	58.387436	-363.453949
1525629207.847311	1525629207.847311	55.901169	58.313339	-363.753082
1525629207.847419	1525629207.847419	54.851425	58.385071	-363.681641
1525629207.866302	1525629207.866302	54.101929	58.532608	-363.534668
1525629207.866416	1525629207.866416	53.052292	58.679016	-363.238647
1525629207.885348	1525629207.885348	52.754700	59.277679	-362.942841
1525629207.885456	1525629207.885456	52.153259	58.975754	-362.867981
1525629207.904930	1525629207.904930	51.029633	59.346939	-362.573395
1525629207.905037	1525629207.905037	51.030502	59.571732	-362.424591
1525629207.924582	1525629207.924582	50.353912	59.269363	-362.200012
1525629207.924689	1525629207.924689	50.131729	59.943375	-361.979370
1525629207.944241	1525629207.944241	49.456421	59.940903	-361.681366
1525629207.944349	1525629207.944349	48.856369	60.013535	-361.308533
1525629207.963889	1525629207.963889	49.083023	60.463654	-360.935333
1525629207.963998	1525629207.963998	48.556747	60.162186	-361.010254
1525629207.983563	1525629207.983563	50.805878	59.720612	-362.126099
1525629207.984016	1525629207.984016	53.351700	58.679016	-362.637726
1525629208.007440	1525629208.007440	55.976654	58.686768	-362.554932
1525629208.007509	1525629208.007509	56.876694	58.764008	-362.252625
1525629208.022824	1525629208.022824	55.677094	58.984512	-361.657440
1525629208.022932	1525629208.022932	53.954514	59.504471	-361.740479
1525629208.042476	1525629208.042476	52.078629	59.274078	-361.894836
1525629208.042585	1525629208.042585	50.132034	59.943817	-362.279358
1525629208.062045	1525629208.062045	49.005630	59.565887	-362.580658
1525629208.068969	1525629208.068969	47.731964	59.862076	-362.586121
1525629208.081914	1525629208.081914	47.357300	59.935959	-362.587646
1525629208.081991	1525629208.081991	47.130264	59.485275	-362.585846
1525629208.102684	1525629208.102684	46.908310	60.159607	-362.590240
1525629208.102759	1525629208.102759	46.829926	59.409363	-362.586334
1525629208.121275	1525629208.121275	46.081039	59.706787	-362.365204
1525629208.121345	1525629208.121345	46.157593	60.081802	-362.217041
1525629208.141113	1525629208.141113	45.407089	60.004318	-362.068848
1525629208.141184	1525629208.141184	44.808929	60.377762	-362.222717
1525629208.160791	1525629208.160791	43.906815	59.924942	-362.147919
1525629208.160898	1525629208.160898	43.083603	60.372147	-361.927856
1525629208.180497	1525629208.180497	42.856949	59.922028	-362.301056
1525629208.180606	1525629208.180606	41.881714	59.918762	-362.078949
1525629208.199796	1525629208.199796	41.133881	60.366745	-362.233704
1525629208.201268	1525629208.201268	40.905685	59.690842	-362.080627
1525629208.219461	1525629208.219461	40.232178	59.989044	-362.234314
1525629208.219531	1525629208.219531	40.232635	60.138718	-362.010132
1525629208.240667	1525629208.240667	39.556198	59.836578	-361.935486
1525629208.240739	1525629208.240739	39.481277	59.836456	-362.010742
1525629208.259060	1525629208.259060	39.105438	59.685104	-361.861023
1525629208.259130	1525629208.259130	38.807388	60.134109	-361.789398
1525629208.278987	1525629208.278987	38.806458	59.909225	-361.863159
1525629208.279057	1525629208.279057	38.206894	60.057083	-361.640778
1525629208.298537	1525629208.298537	38.432312	60.132874	-361.715485
1525629208.298644	1525629208.298644	37.979797	59.606277	-361.563965
1525629208.318560	1525629208.318560	37.606659	60.054947	-361.417511
1525629208.318671	1525629208.318671	37.455917	59.904388	-361.342133
1525629208.338127	1525629208.338127	37.006500	60.052917	-361.269318
1525629208.338235	1525629208.338235	36.705826	59.902023	-361.269379
1525629208.357334	1525629208.357334	36.330444	59.900345	-360.895508
1525629208.357442	1525629208.357442	36.182220	60.275009	-360.972992
1525629208.377099	1525629208.377099	35.654572	59.673538	-361.046295
1525629208.377207	1525629208.377207	35.205353	59.896851	-360.823853
1525629208.396558	1525629208.396558	35.429352	59.672516	-360.821960
1525629208.396667	1525629208.396667	34.454178	59.669373	-360.674866
1525629208.416462	1525629208.416462	34.605576	59.895401	-361.050659
1525629208.416567	1525629208.416567	34.004257	59.668137	-360.751221
1525629208.436530	1525629208.436530	33.705460	59.967026	-360.603729
1525629208.436641	1525629208.436641	33.479782	59.816345	-360.603577
1525629208.455556	1525629208.455556	32.804276	59.739090	-360.455200
1525629208.455664	1525629208.455664	32.954620	59.814545	-360.455170
1525629208.475211	1525629208.475211	32.352844	59.437637	-360.379913
1525629208.475319	1525629208.475319	32.430740	60.112640	-360.233368
1525629208.494756	1525629208.494756	32.277176	59.287399	-360.379303
1525629208.494865	1525629208.494865	31.528442	59.585052	-360.308167
1525629208.514587	1525629208.514587	31.680573	60.110168	-360.085602
1525629208.514795	1525629208.514795	31.226593	59.208908	-360.157013
1525629208.534296	1525629208.534296	30.778061	59.582230	-359.935425
1525629208.534403	1525629208.534403	30.700348	58.981995	-359.932343
1525629208.554015	1525629208.554015	30.177444	59.430557	-360.011383
1525629208.554124	1525629208.554124	29.950607	59.054642	-359.859985
1525629208.573598	1525629208.573598	29.200516	59.052277	-359.787231
1525629208.573706	1525629208.573706	28.976974	59.426285	-359.564972
1525629208.593283	1525629208.593283	28.523941	58.749924	-359.562592
1525629208.593391	1525629208.593391	27.998367	58.673004	-359.338745
1525629208.612970	1525629208.612970	27.923218	58.672562	-359.188995
1525629208.613079	1525629208.613079	27.021103	58.219727	-359.114197
1525629208.632636	1525629208.632636	26.948242	58.744186	-358.892303
1525629208.632955	1525629208.632955	26.570862	58.218048	-358.890564
1525629208.652319	1525629208.652319	26.196762	58.516251	-358.443298
1525629208.652420	1525629208.652420	25.819504	58.064789	-358.216949
1525629208.671719	1525629208.671719	24.844711	58.211182	-357.770691
1525629208.671832	1525629208.671832	24.469635	58.209961	-357.696808
1525629208.691353	1525629208.691353	24.017227	57.758026	-357.320679
1525629208.691422	1525629208.691422	22.967850	57.979324	-356.950043
1525629208.710937	1525629208.710937	22.515182	57.452515	-356.648529
1525629208.711007	1525629208.711007	21.537430	56.924026	-356.273560
1525629208.731023	1525629208.731023	20.788162	57.220886	-355.677399
1525629208.731134	1525629208.731134	20.035873	56.842728	-355.077576
1525629208.750586	1525629208.750586	19.136414	57.064362	-354.631470
1525629208.750700	1525629208.750700	18.608597	56.537094	-354.180176
1525629208.770369	1525629208.770369	17.632233	56.383163	-353.507263
1525629208.770488	1525629208.770488	16.806091	56.230011	-353.058899
1525629208.789780	1525629208.789780	16.203415	55.702744	-352.757812
1525629208.789892	1525629208.789892	15.377991	55.774155	-352.010681
1525629208.809466	1525629208.809466	15.226181	55.473022	-351.559479
1525629208.809583	1525629208.809583	14.324554	55.244415	-350.960938
1525629208.829529	1525629208.829529	14.022491	54.867950	-350.584778
1525629208.829612	1525629208.829612	13.270523	54.564789	-349.985321
1525629208.849293	1525629208.849293	12.444946	54.486969	-349.762360
1525629208.849404	1525629208.849404	11.614609	53.433578	-349.159088
1525629208.869247	1525629208.869247	10.789337	53.505219	-348.561951
1525629208.869355	1525629208.869355	9.809067	52.451477	-348.034119
1525629208.889119	1525629208.889119	8.605667	51.846863	-347.359375
1525629208.889191	1525629208.889191	7.926743	51.094025	-346.832306
1525629208.908824	1525629208.908824	6.797455	50.190292	-346.605713
1525629208.909013	1525629208.909013	5.143799	49.509445	-346.006927
1525629208.927830	1525629208.927830	4.314499	48.606613	-345.779480
1525629208.927902	1525629208.927902	3.032120	47.101852	-345.175049
1525629208.947685	1525629208.947685	1.751511	45.972229	-344.647675
1525629208.947757	1525629208.947757	0.845200	44.619156	-344.417908
1525629208.967591	1525629208.967591	-0.357697	43.940781	-344.567810
1525629208.967661	1525629208.967661	-0.814041	42.514511	-344.636353
1525629208.987222	1525629208.987222	-1.567734	41.761795	-344.334412
1525629208.987332	1525629208.987332	-1.792282	41.910782	-344.110901
1525629209.007235	1525629209.007235	-1.642960	41.761230	-344.109650
1525629209.007346	1525629209.007346	-1.491638	42.136124	-343.736267
1525629209.027157	1525629209.027157	-0.817169	42.137360	-343.209259
1525629209.027783	1525629209.027783	-0.890060	42.736252	-342.612762
1525629209.045966	1525629209.045966	-0.440033	42.812149	-342.311829
1525629209.046089	1525629209.046089	-0.365601	42.886017	-341.412018
1525629209.065588	1525629209.065588	0.011566	43.486374	-340.889221
1525629209.065698	1525629209.065698	0.459778	43.187027	-340.436218
1525629209.085244	1525629209.085244	0.311905	43.711258	-340.214539
1525629209.085360	1525629209.085360	1.138947	44.163742	-340.214539
1525629209.104905	1525629209.104905	1.740906	44.615433	-340.140228
1525629209.105012	1525629209.105012	2.947037	45.894623	-340.518646
1525629209.124561	1525629209.124561	4.224716	46.423904	-340.817719
1525629209.124670	1525629209.124670	5.357849	48.078323	-341.498413
1525629209.144239	1525629209.144239	7.237823	48.985306	-342.397766
1525629209.144348	1525629209.144348	8.669907	50.490067	-342.701721
1525629209.163918	1525629209.163918	11.002365	51.998077	-343.378021
1525629209.164026	1525629209.164026	12.656326	52.679382	-344.276825
1525629209.183610	1525629209.183610	14.537704	53.960922	-344.878235
1525629209.183718	1525629209.183718	16.565277	54.417801	-345.399689
1525629209.203288	1525629209.203288	17.922546	55.848114	-346.228455
1525629209.203397	1525629209.203397	20.023849	56.005310	-346.822998
1525629209.222947	1525629209.222947	21.902252	56.611954	-347.495697
1525629209.223055	1525629209.223055	23.556213	57.293259	-348.394501
1525629209.242588	1525629209.242588	25.657440	57.450348	-348.914062
1525629209.242693	1525629209.242693	27.762421	58.358002	-349.812714
1525629209.262398	1525629209.262398	30.313583	58.367340	-350.930145
1525629209.262507	1525629209.262507	32.790634	58.675766	-351.599396
1525629209.282089	1525629209.282089	35.719101	59.211121	-352.643555
1525629209.282197	1525629209.282197	38.567368	58.695557	-353.232178
1525629209.301682	1525629209.301682	41.196671	59.454788	-354.128479
1525629209.301900	1525629209.301900	43.668213	58.488525	-355.015717
1525629209.321365	1525629209.321365	45.767685	58.270493	-355.458252
1525629209.321474	1525629209.321474	48.091583	57.828796	-356.348846
1525629209.341048	1525629209.341048	49.964767	57.310196	-356.865387
1525629209.341155	1525629209.341155	52.063782	56.942490	-357.532043
1525629209.360638	1525629209.360638	53.184433	55.896393	-357.897919
1525629209.360746	1525629209.360746	54.609039	55.676559	-358.492432
1525629209.406414	1525629209.406414	55.806961	55.081055	-359.085571
1525629209.406482	1525629209.406482	56.330414	54.707840	-359.231934
1525629209.406545	1525629209.406545	57.228333	54.111420	-359.825989
1525629209.406606	1525629209.406606	57.152618	53.886642	-360.124939
1525629209.419675	1525629209.419675	57.003860	54.111542	-360.351654
1525629209.419799	1525629209.419799	57.001373	53.660858	-359.899200
1525629209.439442	1525629209.439442	55.953766	54.257278	-359.605591
1525629209.439560	1525629209.439560	55.654922	54.630585	-359.083557
1525629209.459132	1525629209.459132	54.829056	54.552322	-358.560608
1525629209.459249	1525629209.459249	54.757278	55.450882	-357.740753
1525629209.478795	1525629209.478795	54.754272	54.701431	-358.111633
1525629209.478908	1525629209.478908	56.778885	54.483398	-358.704376
1525629209.505403	1525629209.505403	59.397903	53.141342	-358.764160
1525629209.505476	1525629209.505476	61.044540	52.545258	-358.080902
1525629209.518591	1525629209.518591	61.495972	52.995712	-357.482025
1525629209.518666	1525629209.518666	60.071548	53.141342	-357.412140
1525629209.538338	1525629209.538338	57.751038	54.184052	-357.199829
1525629209.538410	1525629209.538410	56.179321	54.780243	-357.807831
1525629209.557767	1525629209.557767	53.406067	55.147049	-357.893127
1525629209.557874	1525629209.557874	51.683701	55.667358	-358.201172
1525629209.577731	1525629209.577731	50.406067	55.063629	-358.276672
1525629209.577840	1525629209.577840	49.658493	55.586502	-358.356812
1525629209.598443	1525629209.598443	50.033569	55.587753	-358.430695
1525629209.598558	1525629209.598558	50.332184	55.363083	-358.053558
1525629209.616706	1525629209.616706	51.007538	55.440094	-358.051971
1525629209.616815	1525629209.616815	50.930801	55.139297	-357.675537
1525629209.636491	1525629209.636491	50.932755	55.589203	-357.602997
1525629209.636560	1525629209.636560	50.483612	55.812637	-357.455597
1525629209.656164	1525629209.656164	49.734253	56.034836	-357.084045
1525629209.656238	1525629209.656238	49.434769	56.183716	-356.935791
1525629209.676128	1525629209.676128	48.533249	55.880783	-356.786804
1525629209.676211	1525629209.676211	48.236404	56.629562	-356.566833
1525629209.695505	1525629209.695505	47.859818	56.179108	-357.015472
1525629209.695614	1525629209.695614	47.258698	56.026627	-356.566437
1525629209.715553	1525629209.715553	47.184738	56.176971	-356.942505
1525629209.715661	1525629209.715661	46.658905	56.025177	-356.793213
1525629209.734636	1525629209.734636	46.435440	56.399277	-356.645935
1525629209.735414	1525629209.735414	46.208267	55.948364	-356.494171
1525629209.754280	1525629209.754280	46.059464	56.247696	-356.346252
1525629209.754388	1525629209.754388	46.285858	56.622925	-356.047638
1525629209.774054	1525629209.774054	46.059677	56.397018	-355.897064
1525629209.774161	1525629209.774161	46.210358	56.547485	-355.897430
1525629209.793518	1525629209.793518	46.057312	55.872009	-355.894196
1525629209.793633	1525629209.793633	45.984940	56.471695	-355.822723
1525629209.813476	1525629209.813476	45.833633	56.245789	-355.521881
1525629209.813601	1525629209.813601	45.459793	56.469894	-355.674225
1525629209.832924	1525629209.832924	45.159790	56.468994	-355.675140
1525629209.833038	1525629209.833038	44.934555	56.467987	-355.450836
1525629209.852695	1525629209.852695	44.485565	56.691635	-355.453400
1525629209.852826	1525629209.852826	44.709564	56.467300	-355.451508
1525629209.872513	1525629209.872513	44.185226	56.615738	-355.453888
1525629209.872641	1525629209.872641	44.185226	56.615738	-355.453888
1525629209.892039	1525629209.892039	43.883835	56.389267	-355.078552
1525629209.892159	1525629209.892159	43.586685	56.988602	-355.232727
1525629209.911673	1525629209.911673	43.433716	56.313263	-355.304443
1525629209.911791	1525629209.911791	43.059418	56.536697	-355.006805
1525629209.931261	1525629209.931261	43.435059	56.613266	-355.306091
1525629209.931379	1525629209.931379	42.684158	56.460678	-355.082550
1525629209.951094	1525629209.951094	42.461288	56.984665	-354.861084
1525629209.951208	1525629209.951208	42.008133	56.233643	-355.083313
1525629209.970725	1525629209.970725	41.635529	56.832092	-354.787720
1525629209.970843	1525629209.970843	41.710678	56.832535	-354.937469
1525629209.990354	1525629209.990354	40.808685	56.454391	-354.638123
1525629209.990473	1525629209.990473	40.584427	56.603821	-354.714630
1525629210.009999	1525629210.009999	40.434052	56.602814	-354.340057
1525629210.010120	1525629210.010120	39.984985	56.826355	-354.267639
1525629210.029702	1525629210.029702	40.359390	56.677582	-354.340698
1525629210.029812	1525629210.029812	39.985321	56.901367	-354.268036
1525629210.049386	1525629210.049386	39.985321	56.901367	-354.268036
1525629210.049493	1525629210.049493	39.758148	56.450455	-354.116241
1525629210.069105	1525629210.069105	39.085159	56.898438	-354.120728
1525629210.069213	1525629210.069213	39.233063	56.448761	-354.042816
1525629210.088813	1525629210.088813	38.858688	56.672073	-353.670166
1525629210.088921	1525629210.088921	39.158768	56.673096	-353.744293
1525629210.108408	1525629210.108408	38.558350	56.596176	-353.670654
1525629210.108516	1525629210.108516	37.958908	56.669724	-353.897858
1525629210.127962	1525629210.127962	38.632828	56.446625	-353.819580
1525629210.128071	1525629210.128071	38.108047	56.594376	-353.372009
1525629210.147772	1525629210.147772	38.032516	56.444382	-353.521393
1525629210.147881	1525629210.147881	37.731430	56.218369	-353.446045
1525629210.167370	1525629210.167370	37.583908	56.817581	-353.224823
1525629210.167447	1525629210.167447	37.430191	55.992126	-353.220734
1525629210.187315	1525629210.187315	37.057648	56.590668	-353.000122
1525629210.187388	1525629210.187388	37.432816	56.592026	-353.149017
1525629210.207028	1525629210.207028	36.681335	56.364090	-352.700012
1525629210.207098	1525629210.207098	36.532684	56.663651	-352.702087
1525629210.227026	1525629210.227026	36.230576	56.212631	-352.625549
1525629210.227094	1525629210.227094	35.632446	56.660614	-352.479797
1525629210.246530	1525629210.246530	35.630417	56.210602	-352.477325
1525629210.246639	1525629210.246639	35.255112	56.209030	-352.178436
1525629210.266341	1525629210.266341	34.955948	56.358368	-352.330139
1525629210.266449	1525629210.266449	35.104294	56.058365	-352.028076
1525629210.286212	1525629210.286212	34.806656	56.582474	-352.031830
1525629210.286324	1525629210.286324	34.279404	56.130554	-351.805939
1525629210.305145	1525629210.305145	33.754807	56.204086	-351.882935
1525629210.305256	1525629210.305256	33.380432	56.427414	-351.510284
1525629210.324867	1525629210.324867	33.077316	55.751389	-351.432465
1525629210.324940	1525629210.324940	32.405426	56.424484	-351.513184
1525629210.344734	1525629210.344734	32.176483	55.598450	-351.284332
1525629210.344807	1525629210.344807	31.803452	56.121780	-350.913330
1525629210.364707	1525629210.364707	31.577560	55.970764	-350.688171
1525629210.364778	1525629210.364778	31.201309	55.744293	-350.463043
1525629210.415119	1525629210.415119	30.827316	55.968185	-350.465393
1525629210.416348	1525629210.416348	30.449158	55.366364	-350.013214
1525629210.417272	1525629210.417272	29.775467	55.738785	-349.642273
1525629210.417355	1525629210.417355	29.700165	55.738113	-349.342499
1525629210.423258	1525629210.423258	28.722824	55.284729	-349.042938
1525629210.423830	1525629210.423830	28.272858	55.357941	-348.744720
1525629210.442915	1525629210.442915	27.895370	54.906128	-348.293335
1525629210.443036	1525629210.443036	27.221603	55.278442	-347.847412
1525629210.462575	1525629210.462575	26.845093	54.977081	-347.696869
1525629210.462688	1525629210.462688	25.942444	54.523468	-347.097107
1525629210.481997	1525629210.481997	25.942108	54.448471	-347.096680
1525629210.482156	1525629210.482156	25.416733	54.446335	-346.723236
1525629210.502077	1525629210.502077	24.966537	54.519196	-346.200012
1525629210.502189	1525629210.502189	24.514420	54.067734	-346.123901
1525629210.521569	1525629210.521569	23.913773	53.990479	-345.825256
1525629210.521686	1525629210.521686	23.538254	53.988571	-345.301392
1525629210.541135	1525629210.541135	23.011322	53.611649	-345.075897
1525629210.541253	1525629210.541253	22.111618	53.758392	-344.704407
1525629210.560929	1525629210.560929	21.657440	52.931351	-344.251190
1525629210.561046	1525629210.561046	20.530365	52.552399	-343.877502
1525629210.580630	1525629210.580630	19.702942	52.099365	-343.502502
1525629210.580740	1525629210.580740	18.349060	51.270081	-343.351959
1525629210.600323	1525629210.600323	17.598267	51.192154	-342.903809
1525629210.600431	1525629210.600431	16.993607	50.140442	-342.974823
1525629210.620059	1525629210.620059	15.566864	49.835602	-342.602417
1525629210.620168	1525629210.620168	14.739563	49.308243	-342.677032
1525629210.639964	1525629210.639964	13.835938	48.555176	-342.450592
1525629210.640073	1525629210.640073	13.308456	47.953934	-342.673859
1525629210.659335	1525629210.659335	12.480179	47.276108	-342.447632
1525629210.659445	1525629210.659445	11.353073	46.822617	-342.373535
1525629210.679019	1525629210.679019	10.899429	45.996368	-342.445312
1525629210.679128	1525629210.679128	10.521149	45.319885	-342.217743
1525629210.698807	1525629210.698807	10.146591	45.468430	-341.994690
1525629210.698915	1525629210.698915	10.145920	45.318436	-341.993866
1525629210.718351	1525629210.718351	10.146561	45.542862	-341.620117
1525629210.718458	1525629210.718458	10.669571	45.168976	-341.316467
1525629210.738177	1525629210.738177	10.520126	45.392853	-340.868164
1525629210.738285	1525629210.738285	10.594986	45.392853	-340.717926
1525629210.757934	1525629210.757934	11.119385	45.393524	-340.116364
1525629210.758047	1525629210.758047	10.667877	45.091949	-339.966064
1525629210.777740	1525629210.777740	11.268661	45.318420	-339.740509
1525629210.777957	1525629210.777957	11.346817	46.068314	-339.519409
1525629210.797169	1525629210.797169	12.400024	46.746704	-339.669983
1525629210.797251	1525629210.797251	13.074738	46.748276	-339.367981
1525629210.816791	1525629210.816791	13.529465	47.799637	-339.372375
1525629210.816900	1525629210.816900	14.505157	47.952560	-339.370300
1525629210.836491	1525629210.836491	15.408234	48.704834	-339.071716
1525629210.836600	1525629210.836600	16.386520	49.383102	-339.297516
1525629210.856078	1525629210.856078	16.762650	49.683899	-339.073029
1525629210.856187	1525629210.856187	17.440582	50.286270	-339.299316
1525629210.875821	1525629210.875821	17.964569	50.062836	-339.296509
1525629210.875890	1525629210.875890	18.118561	50.963196	-339.225983
1525629210.896971	1525629210.896971	18.945328	51.191803	-339.974762
1525629210.897042	1525629210.897042	19.396347	51.418152	-339.974670
1525629210.915563	1525629210.915563	20.375687	52.246994	-340.576294
1525629210.915635	1525629210.915635	21.275726	52.175247	-340.948181
1525629210.935020	1525629210.935020	21.880173	53.077637	-341.326324
1525629210.935128	1525629210.935128	22.929840	52.856781	-341.996979
1525629210.954796	1525629210.954796	23.534363	53.759277	-342.450104
1525629210.954904	1525629210.954904	24.736862	54.213562	-342.899017
1525629210.974600	1525629210.974600	25.338028	54.440582	-343.048462
1525629210.974715	1525629210.974715	25.940735	54.893417	-343.724121
1525629210.996022	1525629210.996022	26.841919	55.121338	-343.872681
1525629210.996994	1525629210.996994	27.143234	55.347687	-344.173035
1525629211.013467	1525629211.013467	28.118469	55.350952	-344.395111
1525629211.013542	1525629211.013542	28.420990	55.877075	-344.547119
1525629211.033594	1525629211.033594	29.173660	56.404800	-344.847748
1525629211.033666	1525629211.033666	29.847733	56.181915	-344.919525
1525629211.053290	1525629211.053290	30.751648	56.935425	-345.445953
1525629211.053363	1525629211.053363	31.425919	56.638336	-346.042297
1525629211.072831	1525629211.072831	31.952866	57.089813	-345.968170
1525629211.072943	1525629211.072943	32.553177	57.092056	-346.266418
1525629211.092839	1525629211.092839	33.377472	56.869980	-346.562714
1525629211.092948	1525629211.092948	34.055939	57.622131	-346.639832
1525629211.112444	1525629211.112444	34.879593	57.324585	-346.635712
1525629211.112557	1525629211.112557	35.180618	57.550507	-346.636047
1525629211.131581	1525629211.131581	36.305618	57.553864	-346.632690
1525629211.131689	1525629211.131689	36.754776	57.330429	-346.780121
1525629211.151242	1525629211.151242	37.432068	57.857346	-346.705963
1525629211.151349	1525629211.151349	37.954849	57.334137	-346.851532
1525629211.170838	1525629211.170838	38.407486	57.935394	-346.778473
1525629211.171338	1525629211.171338	39.081375	57.637741	-346.999817
1525629211.190590	1525629211.190590	39.305542	57.488190	-346.848328
1525629211.190698	1525629211.190698	39.532135	57.789215	-347.074280
1525629211.211230	1525629211.211230	39.380661	57.414093	-347.297668
1525629211.211345	1525629211.211345	39.382080	57.863190	-346.700134
1525629211.229960	1525629211.229960	39.607056	57.789322	-346.999084
1525629211.230072	1525629211.230072	39.308136	58.013535	-347.076202
1525629211.249544	1525629211.249544	39.382797	57.938766	-347.075562
1525629211.249655	1525629211.249655	39.455093	57.338974	-347.072052
1525629211.269243	1525629211.269243	39.307205	57.788651	-347.149963
1525629211.269370	1525629211.269370	39.830399	57.340546	-347.370941
1525629211.289018	1525629211.289018	40.357178	57.717239	-347.446411
1525629211.289148	1525629211.289148	40.882751	57.794159	-347.670258
1525629211.308674	1525629211.308674	40.731430	57.568253	-347.369476
1525629211.308803	1525629211.308803	41.183014	57.869934	-347.594788
1525629211.328244	1525629211.328244	41.181732	57.570053	-347.668121
1525629211.328362	1525629211.328362	40.808151	57.869049	-347.745911
1525629211.347919	1525629211.347919	41.106613	57.495163	-347.892944
1525629211.348040	1525629211.348040	40.506424	57.418579	-348.044312
1525629211.367669	1525629211.367669	40.808350	57.794830	-348.270508
1525629211.367786	1525629211.367786	41.331482	57.346619	-348.416443
1525629211.387382	1525629211.387382	41.407608	57.646515	-348.192871
1525629211.387501	1525629211.387501	42.081299	57.274094	-348.563812
1525629211.406812	1525629211.406812	42.233734	57.799667	-348.641235
1525629211.406932	1525629211.406932	42.608978	57.801117	-348.865143
1525629211.426676	1525629211.426676	42.755707	57.126221	-348.635986
1525629211.426792	1525629211.426792	43.209198	57.803253	-349.088348
1525629211.446205	1525629211.446205	43.357666	57.428925	-349.235840
1525629211.446327	1525629211.446327	43.582184	57.354370	-349.084747
1525629211.466180	1525629211.466180	44.032761	57.431061	-349.308807
1525629211.466295	1525629211.466295	44.105392	56.906281	-349.305695
1525629211.485980	1525629211.485980	44.257416	57.356735	-349.307709
1525629211.486083	1525629211.486083	44.405731	56.982178	-349.305206
1525629211.505395	1525629211.505395	44.407562	57.357407	-349.457306
1525629211.505503	1525629211.505503	44.632309	57.283188	-349.531189
1525629211.525048	1525629211.525048	44.257721	57.357178	-349.607727
1525629211.525158	1525629211.525158	44.259552	57.732422	-349.759796
1525629211.544816	1525629211.544816	44.480988	56.908310	-349.904572
1525629211.545030	1525629211.545030	44.182602	57.282303	-349.832550
1525629211.564325	1525629211.564325	44.707764	57.284103	-349.980988
1525629211.564426	1525629211.564426	44.406860	57.132858	-349.756042
1525629211.584120	1525629211.584120	44.633621	57.508652	-349.832458
1525629211.584190	1525629211.584190	44.931747	57.059769	-349.979065
1525629211.603954	1525629211.603954	44.784042	57.584213	-349.907379
1525629211.604024	1525629211.604024	45.083557	57.360901	-350.430298
1525629211.623794	1525629211.623794	44.183319	57.357864	-350.208008
1525629211.623862	1525629211.623862	44.783173	57.359436	-350.056183
1525629211.643489	1525629211.643489	44.556107	56.834198	-350.354004
1525629211.643600	1525629211.643600	45.084427	57.585678	-350.281525
1525629211.663119	1525629211.663119	45.082764	57.136230	-350.654053
1525629211.663228	1525629211.663228	45.007767	57.136002	-350.654297
1525629211.682562	1525629211.682562	45.082428	57.061234	-350.653656
1525629211.683153	1525629211.683153	45.006836	56.911118	-350.728058
1525629211.702161	1525629211.702161	45.082886	57.061905	-351.103668
1525629211.702268	1525629211.702268	45.006195	56.686676	-351.101837
1525629211.721854	1525629211.721854	45.007126	56.911560	-351.028046
1525629211.721924	1525629211.721924	45.607697	56.988693	-351.251678
1525629211.741820	1525629211.741820	45.231949	56.837463	-351.176971
1525629211.741890	1525629211.741890	45.458008	56.988693	-351.552124
1525629211.761894	1525629211.761894	45.382446	56.913147	-351.326935
1525629211.762328	1525629211.762328	45.233337	57.063034	-351.553192
1525629211.781289	1525629211.781289	45.158081	56.987915	-351.628021
1525629211.781400	1525629211.781400	45.157257	56.837692	-351.477203
1525629211.807353	1525629211.807353	45.383835	57.138702	-351.703186
1525629211.807387	1525629211.807387	45.306717	56.688354	-351.625916
1525629211.825420	1525629211.825420	45.384323	57.213928	-351.853577
1525629211.825462	1525629211.825462	45.382370	56.764038	-351.926117
1525629211.839224	1525629211.839224	45.157852	56.838593	-352.077209
1525629211.839239	1525629211.839239	45.383682	56.989487	-352.227356
1525629211.858870	1525629211.858870	45.382187	56.689255	-352.075714
1525629211.858885	1525629211.858885	45.083832	56.988815	-352.378235
1525629211.878476	1525629211.878476	45.157410	56.688919	-352.301361
1525629211.878491	1525629211.878491	44.858566	56.913254	-352.453522
1525629211.898473	1525629211.898473	45.307358	56.614822	-352.600525
1525629211.898490	1525629211.898490	45.232697	56.689606	-352.601166
1525629211.917812	1525629211.917812	45.683197	56.766174	-352.750214
1525629211.917827	1525629211.917827	45.832260	56.541733	-352.823547
1525629211.937634	1525629211.937634	45.532867	56.690720	-352.750244
1525629211.937652	1525629211.937652	45.982635	56.542740	-353.198090
1525629211.957397	1525629211.957397	45.831253	56.316727	-352.822327
1525629211.957418	1525629211.957418	45.757233	56.466965	-353.123352
1525629211.977022	1525629211.977022	45.756439	56.242294	-353.347107
1525629211.977044	1525629211.977044	45.757446	56.467300	-353.348358
1525629211.996685	1525629211.996685	46.432190	56.394424	-353.420898
1525629211.996706	1525629211.996706	45.831512	56.242630	-353.421875
1525629212.016358	1525629212.016358	46.432953	56.544556	-353.496735
1525629212.016380	1525629212.016380	46.506744	56.244995	-353.644867
1525629212.036048	1525629212.036048	46.431900	56.244995	-353.795074
1525629212.036072	1525629212.036072	46.882095	56.321106	-353.644165
1525629212.055712	1525629212.055712	46.430878	56.019989	-353.793854
1525629212.055735	1525629212.055735	46.732574	56.395889	-353.795013
1525629212.075396	1525629212.075396	46.731720	56.171112	-353.943817
1525629212.075420	1525629212.075420	46.658173	56.545563	-353.721069
1525629212.095103	1525629212.095103	46.581818	56.245331	-353.719666
1525629212.095130	1525629212.095130	46.357422	56.394547	-353.646149
1525629212.114747	1525629212.114747	46.881973	56.246445	-353.868744
1525629212.114771	1525629212.114771	46.431747	56.244766	-353.645081
1525629212.134486	1525629212.134486	46.432907	56.470001	-353.796326
1525629212.134520	1525629212.134520	46.507492	56.395111	-353.720703
1525629212.154165	1525629212.154165	46.283585	56.619553	-353.797607
1525629212.154198	1525629212.154198	46.206970	56.244431	-353.870758
1525629212.174011	1525629212.174011	45.983582	56.618652	-353.798492
1525629212.174069	1525629212.174069	46.206711	56.169540	-353.945374
1525629212.193494	1525629212.193494	45.982117	56.243973	-354.021423
1525629212.193528	1525629212.193528	46.134216	56.843536	-353.424286
1525629212.213143	1525629212.213143	46.357239	56.319763	-353.795715
1525629212.213176	1525629212.213176	45.980957	56.018753	-353.870209
1525629212.232823	1525629212.232823	46.356522	56.095215	-354.094513
1525629212.232855	1525629212.232855	46.656296	56.095779	-353.868591
1525629212.252498	1525629212.252498	46.432724	56.395218	-353.945923
1525629212.252538	1525629212.252538	46.732544	56.321335	-354.094635
1525629212.272048	1525629212.272048	46.582993	56.470551	-353.870880
1525629212.272087	1525629212.272087	46.806976	56.246216	-353.868988
1525629212.292607	1525629212.292607	46.431290	56.095093	-353.869263
1525629212.292633	1525629212.292633	46.657654	56.395782	-353.870239
1525629212.311735	1525629212.311735	46.731186	56.021332	-354.092987
1525629212.311760	1525629212.311760	46.356628	56.169876	-353.869904
1525629212.331198	1525629212.331198	46.806793	56.171448	-354.018555
1525629212.331237	1525629212.331237	46.730957	56.020996	-353.867981
1525629212.350846	1525629212.350846	46.881973	56.246445	-353.868744
1525629212.350885	1525629212.350885	46.956268	56.022125	-354.167297
1525629212.370678	1525629212.370678	46.582199	56.245895	-354.094666
1525629212.370735	1525629212.370735	46.806335	56.021790	-354.242737
1525629212.390282	1525629212.390282	46.656525	56.096115	-354.093597
1525629212.390340	1525629212.390340	46.657883	56.396118	-354.095245
1525629212.409994	1525629212.409994	46.580963	56.020554	-353.868408
1525629212.410036	1525629212.410036	46.581635	56.170547	-353.869232
1525629212.429755	1525629212.429755	46.731186	56.021332	-354.092987
1525629212.429849	1525629212.429849	46.357193	56.245209	-354.095337
1525629212.449492	1525629212.449492	46.432053	56.245209	-353.945099
1525629212.449550	1525629212.449550	46.355209	55.869751	-353.793243
1525629212.469358	1525629212.469358	46.208328	56.544434	-353.872406
1525629212.469418	1525629212.469418	46.431259	56.020554	-354.168854
1525629212.490223	1525629212.490223	46.282425	56.394318	-353.646362
1525629212.490333	1525629212.490333	46.430099	55.795319	-354.017639
1525629212.508689	1525629212.508689	45.831177	56.018646	-354.095673
1525629212.508799	1525629212.508799	45.906418	56.019211	-354.320435
1525629212.528335	1525629212.528335	45.906342	56.019089	-354.245422
1525629212.528547	1525629212.528547	45.981064	55.944427	-354.319824
1525629212.548148	1525629212.548148	45.755997	55.943634	-354.245483
1525629212.548256	1525629212.548256	45.832352	56.243866	-354.246887
1525629212.567860	1525629212.567860	45.757904	56.318985	-354.472534
1525629212.567967	1525629212.567967	45.756302	55.944092	-354.545471
1525629212.587546	1525629212.587546	45.983917	56.544662	-354.473083
1525629212.587654	1525629212.587654	46.206497	56.020218	-354.394531
1525629212.607069	1525629212.607069	45.830353	55.719421	-354.619019
1525629212.607175	1525629212.607175	45.906967	56.094543	-354.545837
1525629212.626727	1525629212.626727	46.054611	55.569977	-354.542511
1525629212.626836	1525629212.626836	45.907654	56.244537	-354.546661
1525629212.671609	1525629212.671609	46.205963	55.870438	-354.543701
1525629212.672120	1525629212.672120	45.832840	56.319092	-354.397308
1525629212.673644	1525629212.673644	46.433517	56.470901	-354.396332
1525629212.673726	1525629212.673726	45.981262	56.019196	-354.170197
1525629212.686745	1525629212.686745	45.908173	56.394318	-354.397491
1525629212.686863	1525629212.686863	45.605392	55.793304	-354.320099
1525629212.705402	1525629212.705402	45.682419	56.243530	-354.322357
1525629212.705517	1525629212.705517	45.832428	56.243988	-354.321899
1525629212.727903	1525629212.727903	45.605728	55.868301	-354.320526
1525629212.728028	1525629212.728028	45.757980	56.319092	-354.547516
1525629212.744580	1525629212.744580	45.980392	55.794418	-354.319000
1525629212.744688	1525629212.744688	45.607559	56.243530	-354.472565
1525629212.765733	1525629212.765733	45.607300	56.168640	-354.547150
1525629212.765853	1525629212.765853	45.455612	55.793182	-354.545532
1525629212.784196	1525629212.784196	45.457306	56.168198	-354.547577
1525629212.784318	1525629212.784318	45.379944	55.642960	-354.544922
1525629212.803842	1525629212.803842	45.381638	56.017960	-354.546997
1525629212.803964	1525629212.803964	45.605423	55.718857	-354.694702
1525629212.823532	1525629212.823532	45.082642	56.242065	-354.549103
1525629212.823656	1525629212.823656	45.607193	56.093979	-354.771729
1525629212.843132	1525629212.843132	45.305771	55.792953	-354.696014
1525629212.843245	1525629212.843245	45.382767	56.168640	-354.997833
1525629212.863467	1525629212.863467	45.532089	56.019089	-354.996552
1525629212.863593	1525629212.863593	44.857147	56.017181	-355.073578
1525629212.882605	1525629212.882605	45.458847	56.393982	-355.073853
1525629212.882731	1525629212.882731	45.157608	56.167740	-354.848511
1525629212.905207	1525629212.905207	45.084106	56.467758	-355.000366
1525629212.905331	1525629212.905331	45.006744	55.942520	-354.997711
1525629212.921917	1525629212.921917	44.632599	56.166168	-354.850067
1525629212.922032	1525629212.922032	45.082642	56.093079	-355.223297
1525629212.943191	1525629212.943191	44.707413	56.091629	-354.999420
1525629212.943266	1525629212.943266	44.858841	56.392197	-355.075623
1525629212.961220	1525629212.961220	44.856293	55.792404	-355.222351
1525629212.961312	1525629212.961312	44.632416	56.091400	-354.999634
1525629212.982158	1525629212.982158	44.782486	56.091965	-355.074219
1525629212.982418	1525629212.982418	44.557220	56.016403	-355.149445
1525629213.000764	1525629213.000764	44.632980	56.166733	-355.225067
1525629213.000884	1525629213.000884	44.781021	55.717285	-355.297119
1525629213.020682	1525629213.020682	44.557755	56.166168	-355.000275
1525629213.020810	1525629213.020810	44.707230	56.016846	-355.149017
1525629213.039960	1525629213.039960	43.957214	56.014603	-355.151245
1525629213.040395	1525629213.040395	44.407532	56.016403	-355.449921
1525629213.059673	1525629213.059673	44.406281	55.791061	-355.223694
1525629213.059825	1525629213.059825	44.182526	56.015732	-355.450592
1525629213.079331	1525629213.079331	44.182190	55.940720	-355.450195
1525629213.080184	1525629213.080184	43.807297	56.014267	-355.226715
1525629213.099082	1525629213.099082	44.332458	56.016068	-355.375122
1525629213.099287	1525629213.099287	44.106812	55.939926	-355.075409
1525629213.121154	1525629213.121154	44.182785	56.090607	-355.375977
1525629213.121229	1525629213.121229	44.408310	56.241058	-355.226135
1525629213.138472	1525629213.138472	44.107452	56.015381	-355.375793
1525629213.138604	1525629213.138604	44.557190	55.941849	-355.449066
1525629213.159207	1525629213.159207	44.256439	55.790833	-355.374115
1525629213.159342	1525629213.159342	44.633728	56.316849	-355.300873
1525629213.177914	1525629213.177914	44.481583	55.791733	-355.523438
1525629213.178130	1525629213.178130	44.482376	56.016403	-355.299683
1525629213.198287	1525629213.198287	44.783096	56.092865	-355.674194
1525629213.198413	1525629213.198413	44.332184	55.941177	-355.449738
1525629213.216901	1525629213.216901	44.482681	56.016846	-355.599701
1525629213.217022	1525629213.217022	44.706589	55.792404	-355.522766
1525629213.236663	1525629213.236663	44.858276	56.167862	-355.524384
1525629213.236794	1525629213.236794	44.707077	55.867630	-355.673187
1525629213.256353	1525629213.256353	44.331589	55.791275	-355.523895
1525629213.256470	1525629213.256470	44.631516	55.792068	-355.448029
1525629213.276303	1525629213.276303	44.782196	55.942520	-355.448395
1525629213.276438	1525629213.276438	44.783020	56.092743	-355.599213
1525629213.295620	1525629213.295620	44.706512	55.792297	-355.447784
1525629213.295741	1525629213.295741	44.257523	56.015945	-355.450378
1525629213.315500	1525629213.315500	44.857498	55.943192	-355.748199
1525629213.315621	1525629213.315621	44.931137	55.643417	-355.746307
1525629213.335209	1525629213.335209	44.933426	56.168320	-355.674164
1525629213.335339	1525629213.335339	44.782578	55.943085	-355.823425
1525629213.354664	1525629213.354664	44.707764	56.017639	-355.674011
1525629213.354768	1525629213.354768	44.856888	55.793304	-355.822388
1525629213.378591	1525629213.378591	44.782913	56.018082	-355.823822
1525629213.378721	1525629213.378721	44.856964	55.793411	-355.897369
1525629213.395042	1525629213.395042	44.931030	55.568756	-355.970917
1525629213.395114	1525629213.395114	44.632645	55.942749	-355.898865
1525629213.416135	1525629213.416135	44.781189	55.568527	-356.121338
1525629213.416376	1525629213.416376	44.708130	56.018204	-356.049042
1525629213.433486	1525629213.433486	44.930435	55.418854	-356.045074
1525629213.433598	1525629213.433598	44.855835	55.493744	-356.120728
1525629213.457560	1525629213.457560	44.408203	56.017410	-356.124939
1525629213.457683	1525629213.457683	44.630585	55.418182	-356.195984
1525629213.472857	1525629213.472857	44.258087	55.942291	-356.349976
1525629213.472971	1525629213.472971	44.856064	55.494080	-356.345734
1525629213.496851	1525629213.496851	44.631851	55.718079	-356.122620
1525629213.497434	1525629213.497434	44.558090	55.943192	-356.349091
1525629213.512211	1525629213.512211	44.780624	55.344193	-356.570129
1525629213.512335	1525629213.512335	44.482681	55.867859	-356.273895
1525629213.532748	1525629213.532748	44.782425	55.793869	-356.347595
1525629213.532868	1525629213.532868	44.931747	55.644318	-356.346313
1525629213.551660	1525629213.551660	44.633774	56.093430	-356.349670
1525629213.551787	1525629213.551787	44.931107	55.568863	-356.045898
1525629213.571452	1525629213.571452	44.632370	55.867859	-355.973450
1525629213.571539	1525629213.571539	44.931854	55.718979	-356.121735
1525629213.591014	1525629213.591014	44.631622	55.717743	-355.897614
1525629213.591091	1525629213.591091	44.932877	55.943985	-356.122955
1525629213.611368	1525629213.611368	44.631699	55.717850	-355.972626
1525629213.611796	1525629213.611796	44.407791	55.942291	-356.049530
1525629213.630292	1525629213.630292	44.781448	55.643417	-356.046753
1525629213.630414	1525629213.630414	44.406708	55.717178	-355.973297
1525629213.650330	1525629213.650330	44.707306	55.867966	-355.898224
1525629213.650401	1525629213.650401	44.555389	55.492172	-355.671570
1525629213.669773	1525629213.669773	44.856812	55.793198	-355.747375
1525629213.669844	1525629213.669844	45.005997	55.643417	-355.596069
1525629213.690992	1525629213.690992	44.631668	55.792297	-355.598022
1525629213.691067	1525629213.691067	44.707413	55.942627	-355.673584
1525629213.709360	1525629213.709360	44.707764	56.017639	-355.674011
1525629213.709468	1525629213.709468	44.782074	55.867859	-355.672943
1525629213.728964	1525629213.728964	44.706818	55.792740	-355.747803
1525629213.729074	1525629213.729074	44.856964	55.793411	-355.897369
1525629213.748344	1525629213.748344	44.857147	55.868195	-355.747772
1525629213.749012	1525629213.749012	44.856552	55.718307	-355.821960
1525629213.767870	1525629213.767870	45.082993	56.019104	-355.897919
1525629213.767970	1525629213.767970	44.855469	55.493179	-355.745728
1525629213.787683	1525629213.787683	45.007751	56.018539	-355.673096
1525629213.787755	1525629213.787755	45.231400	55.719208	-355.670776
1525629213.807406	1525629213.807406	44.857758	56.018082	-355.673553
1525629213.807478	1525629213.807478	45.157166	55.869095	-355.746887
1525629213.827793	1525629213.827793	44.854630	55.342957	-355.594879
1525629213.827865	1525629213.827865	44.857834	56.018204	-355.748596
1525629213.847087	1525629213.847087	44.855804	55.568192	-355.746124
1525629213.847193	1525629213.847193	44.631958	55.792740	-355.898041
1525629213.866963	1525629213.866963	44.932648	55.943649	-355.897949
1525629213.867073	1525629213.867073	44.631393	55.717407	-355.672577
1525629213.886505	1525629213.886505	44.482483	55.942078	-355.749298
1525629213.886616	1525629213.886616	44.705811	55.567734	-355.746582
1525629213.905836	1525629213.905836	44.407410	55.941742	-355.674500
1525629213.906587	1525629213.906587	44.931290	55.643631	-355.896301
1525629213.925361	1525629213.925361	44.631821	55.792511	-355.748047
1525629213.925471	1525629213.925471	44.482788	55.942520	-356.049286
1525629213.944952	1525629213.944952	44.705200	55.417847	-355.820770
1525629213.945059	1525629213.945059	44.407303	55.867065	-355.899109
1525629213.964773	1525629213.964773	44.706451	55.643188	-356.046967
1525629213.964883	1525629213.964883	44.706970	55.792969	-355.897797
1525629213.985094	1525629213.985094	44.933060	56.018768	-355.973389
1525629213.985204	1525629213.985204	44.781784	55.718414	-356.047150
1525629214.004069	1525629214.004069	44.856781	55.718643	-356.046936
1525629214.004178	1525629214.004178	44.707382	55.868088	-355.973236
1525629214.023724	1525629214.023724	44.632797	55.942963	-356.048859
1525629214.023833	1525629214.023833	45.008316	56.093872	-355.898560
1525629214.043812	1525629214.043812	44.555954	55.567505	-355.897003
1525629214.044330	1525629214.044330	44.633133	56.017975	-356.049255
1525629214.063606	1525629214.063606	44.782196	55.793533	-356.122589
1525629214.063724	1525629214.063724	44.482300	55.867294	-355.898895
1525629214.082778	1525629214.082778	44.707047	55.793076	-355.972809
1525629214.082890	1525629214.082890	44.630875	55.567627	-355.821808
1525629214.102614	1525629214.102614	44.857605	55.868866	-356.197784
1525629214.102724	1525629214.102724	44.856400	55.718079	-355.671906
1525629214.122103	1525629214.122103	44.632156	55.867523	-355.748444
1525629214.122212	1525629214.122212	44.932983	56.018646	-355.898376
1525629214.141761	1525629214.141761	44.633575	56.167633	-355.825104
1525629214.141870	1525629214.141870	44.634888	56.393097	-356.126312
1525629214.161353	1525629214.161353	44.557190	55.792862	-356.123260
1525629214.161464	1525629214.161464	44.633316	56.092743	-355.899658
1525629214.181288	1525629214.181288	44.631958	55.792740	-355.898041
1525629214.181399	1525629214.181399	44.182297	55.866394	-355.899780
1525629214.200985	1525629214.200985	44.634064	56.242859	-355.975494
1525629214.201092	1525629214.201092	44.407120	55.792297	-356.048706
1525629214.220436	1525629214.220436	44.483353	56.017868	-356.274719
1525629214.220545	1525629214.220545	44.406479	55.567856	-356.422455
1525629214.263370	1525629214.263370	44.182938	55.941849	-356.200195
1525629214.263439	1525629214.263439	44.483612	56.092758	-356.200134
1525629214.266144	1525629214.266144	44.406525	55.642410	-356.122894
1525629214.266208	1525629214.266208	44.483017	55.942856	-356.274292
1525629214.279528	1525629214.279528	44.407196	55.792404	-356.123718
1525629214.279649	1525629214.279649	44.182297	55.866394	-355.899780
1525629214.299240	1525629214.299240	44.631775	55.717972	-356.047607
1525629214.299359	1525629214.299359	44.181519	55.641724	-356.123566
1525629214.318565	1525629214.318565	44.558426	56.018204	-356.349487
1525629214.318678	1525629214.318678	44.556519	55.642853	-356.122437
1525629214.338252	1525629214.338252	44.407043	55.792191	-355.973724
1525629214.338365	1525629214.338365	44.556519	55.642853	-356.122437
1525629214.357995	1525629214.357995	44.331848	55.717178	-356.123505
1525629214.358108	1525629214.358108	44.933060	56.018768	-355.973389
1525629214.378055	1525629214.378055	44.780609	55.493179	-355.895935
1525629214.378168	1525629214.378168	44.707382	55.868088	-355.973236
1525629214.397535	1525629214.397535	44.931961	55.793640	-355.897125
1525629214.397685	1525629214.397685	44.780960	55.568192	-355.896332
1525629214.417376	1525629214.417376	44.858063	56.018539	-355.973602
1525629214.417488	1525629214.417488	44.856033	55.568527	-355.971130
1525629214.436796	1525629214.436796	44.931747	55.793304	-355.672089
1525629214.436914	1525629214.436914	44.854935	55.343414	-355.894897
1525629214.456593	1525629214.456593	44.781891	55.793076	-355.822601
1525629214.456710	1525629214.456710	45.155807	55.569092	-355.745239
1525629214.476082	1525629214.476082	44.856476	55.718185	-355.746948
1525629214.476184	1525629214.476184	45.157913	56.019211	-355.822723
1525629214.495740	1525629214.495740	45.080215	55.418976	-355.819641
1525629214.495826	1525629214.495826	44.856857	55.867737	-355.447754
1525629214.515718	1525629214.515718	45.381409	55.719650	-355.670349
1525629214.515822	1525629214.515822	45.006485	55.718643	-355.746490
1525629214.535222	1525629214.535222	45.232117	55.794769	-356.046234
1525629214.535392	1525629214.535392	45.155624	55.494308	-355.894806
1525629214.555151	1525629214.555151	45.082352	55.943649	-355.597504
1525629214.555267	1525629214.555267	45.156830	55.794098	-355.746460
1525629214.574501	1525629214.574501	45.156754	55.793976	-355.671417
1525629214.574645	1525629214.574645	45.083664	56.169098	-355.898743
1525629214.594362	1525629214.594362	45.007751	56.018539	-355.673096
1525629214.594478	1525629214.594478	45.008438	56.168533	-355.673920
1525629214.613968	1525629214.613968	45.232758	56.019211	-355.672424
1525629214.614087	1525629214.614087	45.009033	56.318420	-355.599762
1525629214.633672	1525629214.633672	45.308655	56.169769	-355.898071
1525629214.633783	1525629214.633783	44.931396	55.718307	-355.671692
1525629214.653348	1525629214.653348	45.158432	56.168991	-355.673492
1525629214.653460	1525629214.653460	45.005875	55.568756	-355.820679
1525629214.673017	1525629214.673017	44.856995	55.867966	-355.597748
1525629214.673138	1525629214.673138	45.081635	55.719086	-355.896271
1525629214.702781	1525629214.702781	44.856064	55.643082	-355.671509
1525629214.702866	1525629214.702866	45.157654	55.944321	-355.897278
1525629214.712441	1525629214.712441	44.854523	55.268295	-355.819489
1525629214.712559	1525629214.712559	45.006699	55.718979	-355.971497
1525629214.732346	1525629214.732346	45.156677	55.644882	-356.270630
1525629214.732456	1525629214.732456	44.856186	55.568756	-356.121124
1525629214.751695	1525629214.751695	45.083694	56.094666	-356.273315
1525629214.751813	1525629214.751813	44.855469	55.344193	-356.419891
1525629214.771493	1525629214.771493	44.857910	55.869324	-356.497772
1525629214.771677	1525629214.771677	44.855957	55.419418	-356.570312
1525629214.791052	1525629214.791052	44.406815	55.642853	-356.422882
1525629214.791171	1525629214.791171	44.556976	55.643524	-356.572449
1525629214.810738	1525629214.810738	44.479782	55.193069	-356.420166
1525629214.810923	1525629214.810923	44.406967	55.643082	-356.572906
1525629214.830270	1525629214.830270	44.630325	55.194305	-356.944763
1525629214.830384	1525629214.830384	44.481888	55.643188	-356.497650
1525629214.851550	1525629214.851550	44.706528	55.494308	-356.796143
1525629214.851668	1525629214.851668	44.554749	55.118744	-356.719574
1525629214.869817	1525629214.869817	44.631927	55.569199	-356.871796
1525629214.869931	1525629214.869931	44.629837	55.119080	-356.794312
1525629214.890536	1525629214.890536	44.556778	55.568756	-356.722015
1525629214.890654	1525629214.890654	45.005997	55.345444	-356.944458
1525629214.908984	1525629214.908984	44.704910	55.119415	-356.869110
1525629214.909105	1525629214.909105	45.083588	55.871017	-357.172089
1525629214.930341	1525629214.930341	44.931000	55.345215	-356.944672
1525629214.930445	1525629214.930445	44.707047	55.644089	-356.646973
1525629214.948452	1525629214.948452	45.006256	55.420319	-356.869843
1525629214.948573	1525629214.948573	44.705963	55.418976	-356.570770
1525629214.969158	1525629214.969158	45.006256	55.420319	-356.869843
1525629214.969475	1525629214.969475	44.779236	54.969635	-356.868073
1525629214.987787	1525629214.987787	44.782013	55.569763	-356.946350
1525629214.987901	1525629214.987901	44.781189	55.419540	-356.795502
1525629215.007637	1525629215.007637	44.856003	55.344986	-356.944916
1525629215.007709	1525629215.007709	44.782089	55.569870	-357.021332
1525629215.027499	1525629215.027499	44.705475	55.194763	-357.094513
1525629215.027610	1525629215.027610	44.857758	55.720108	-357.021942
1525629215.046664	1525629215.046664	44.856003	55.344986	-356.944916
1525629215.046785	1525629215.046785	44.556183	55.418869	-356.796173
1525629215.066905	1525629215.066905	44.857758	55.720108	-357.021942
1525629215.067097	1525629215.067097	44.855240	55.194870	-356.869080
1525629215.087079	1525629215.087079	45.005844	55.345215	-356.794434
1525629215.087197	1525629215.087197	45.156006	55.345886	-356.944000
1525629215.106375	1525629215.106375	44.780167	55.194534	-356.794281
1525629215.106491	1525629215.106491	44.931335	55.420212	-356.945099
1525629215.125366	1525629215.125366	44.855591	55.269867	-356.869476
1525629215.125475	1525629215.125475	45.007080	55.570557	-357.020660
1525629215.147836	1525629215.147836	44.855515	55.269760	-356.794464
1525629215.147961	1525629215.147961	44.857193	55.644760	-356.796539
1525629215.164734	1525629215.164734	44.856064	55.345093	-357.019897
1525629215.164821	1525629215.164821	45.156754	55.496002	-357.019806
1525629215.186912	1525629215.186912	45.007080	55.570557	-357.020660
1525629215.187033	1525629215.187033	44.855774	55.344650	-356.719910
