1525657255.496208	1525657255.496208	-0.029907	0.993011	0.022369
1525657255.502567	1525657255.502567	-0.030106	0.995972	0.020782
1525657255.512342	1525657255.512342	-0.036453	0.993912	0.017136
1525657255.522191	1525657255.522191	-0.041397	0.996445	0.018967
1525657255.533683	1525657255.533683	-0.042862	0.989380	0.021759
1525657255.542178	1525657255.542178	-0.041931	0.983093	0.030914
1525657255.552577	1525657255.552577	-0.034302	0.982147	0.043289
1525657255.562148	1525657255.562148	-0.021484	0.996521	0.047729
1525657255.572782	1525657255.572782	-0.015198	1.007721	0.045746
1525657255.582076	1525657255.582076	-0.020996	1.000076	0.040527
1525657255.592251	1525657255.592251	-0.031097	0.998352	0.034775
1525657255.602436	1525657255.602436	-0.032486	1.003433	0.034866
1525657255.612137	1525657255.612137	-0.027435	1.002136	0.031235
1525657255.623801	1525657255.623801	-0.025803	0.997421	0.024384
1525657255.632060	1525657255.632060	-0.029892	0.995422	0.019211
1525657255.641848	1525657255.641848	-0.030609	0.997314	0.020889
1525657255.654556	1525657255.654556	-0.026520	0.999802	0.027725
1525657255.663417	1525657255.663417	-0.024338	0.998260	0.032150
1525657255.671991	1525657255.671991	-0.020859	0.997757	0.036316
1525657255.681873	1525657255.681873	-0.015015	0.996979	0.039978
1525657255.691896	1525657255.691896	-0.017151	0.990356	0.041199
1525657255.701778	1525657255.701778	-0.026489	0.984024	0.037277
1525657255.711791	1525657255.711791	-0.027847	0.987488	0.037308
1525657255.721733	1525657255.721733	-0.027069	0.997772	0.037064
1525657255.731849	1525657255.731849	-0.027084	1.005615	0.039459
1525657255.741689	1525657255.741689	-0.020691	1.008133	0.038803
1525657255.751846	1525657255.751846	-0.017563	1.007660	0.031174
1525657255.761613	1525657255.761613	-0.013351	1.005005	0.023911
1525657255.771777	1525657255.771777	-0.007706	1.003586	0.023407
1525657255.781758	1525657255.781758	-0.005142	0.996918	0.025558
1525657255.791822	1525657255.791822	-0.005234	0.987152	0.025940
1525657255.801488	1525657255.801488	-0.002258	0.983078	0.030655
1525657255.811872	1525657255.811872	-0.004196	0.979507	0.034790
1525657255.821889	1525657255.821889	-0.012161	0.978622	0.040436
1525657255.831848	1525657255.831848	-0.016846	0.983810	0.045853
1525657255.844066	1525657255.844066	-0.020493	0.988754	0.051361
1525657255.851914	1525657255.851914	-0.021957	0.996094	0.054672
1525657255.861791	1525657255.861791	-0.023056	1.000275	0.054688
1525657255.872217	1525657255.872217	-0.014084	1.008224	0.058868
1525657255.882907	1525657255.882907	-0.001923	1.011017	0.061478
1525657255.892447	1525657255.892447	0.002487	1.000793	0.057175
1525657255.901718	1525657255.901718	0.002502	0.994659	0.054779
1525657255.912223	1525657255.912223	-0.006668	0.997391	0.046234
1525657255.923855	1525657255.923855	-0.021759	1.002960	0.037659
1525657255.937855	1525657255.937855	-0.029037	1.005188	0.042328
1525657255.941604	1525657255.941604	-0.028107	1.001862	0.051819
1525657255.951514	1525657255.951514	-0.026505	0.998688	0.056198
1525657255.961492	1525657255.961492	-0.021667	0.997452	0.055649
1525657255.975594	1525657255.975594	-0.012238	0.989914	0.049591
1525657255.981522	1525657255.981522	-0.002335	0.981247	0.033600
1525657255.991771	1525657255.991771	0.007935	0.982468	0.027863
1525657256.001484	1525657256.001484	0.020493	0.989120	0.030853
1525657256.015321	1525657256.015321	0.024323	0.983917	0.034698
1525657256.026498	1525657256.026498	0.016617	0.974091	0.035919
1525657256.031626	1525657256.031626	-0.001526	0.974152	0.021774
1525657256.041415	1525657256.041415	-0.017746	0.980301	0.005722
1525657256.053571	1525657256.053571	-0.031906	0.983429	0.011398
1525657256.065287	1525657256.065287	-0.041931	0.991776	0.027359
1525657256.071422	1525657256.071422	-0.043442	1.013397	0.043732
1525657256.081542	1525657256.081542	-0.034973	1.040527	0.056702
1525657256.091759	1525657256.091759	-0.031815	1.048126	0.066071
1525657256.102343	1525657256.102343	-0.026184	1.086334	0.099121
1525657256.113484	1525657256.113484	-0.034576	1.046692	0.108109
1525657256.121312	1525657256.121312	-0.010406	0.959412	0.024490
1525657256.131400	1525657256.131400	0.025925	0.945526	-0.010651
1525657256.141156	1525657256.141156	-0.006958	0.960342	0.007492
1525657256.151242	1525657256.151242	-0.034714	0.989487	0.034210
1525657256.161284	1525657256.161284	-0.048447	1.012329	0.059265
1525657256.171200	1525657256.171200	-0.053818	1.019531	0.068634
1525657256.181426	1525657256.181426	-0.072266	1.006332	0.059235
1525657256.191236	1525657256.191236	-0.087524	0.991333	0.052155
1525657256.201034	1525657256.201034	-0.077240	0.985458	0.059387
1525657256.211250	1525657256.211250	-0.042725	0.980530	0.089340
1525657256.220989	1525657256.220989	-0.012161	1.004608	0.083328
1525657256.231293	1525657256.231293	0.024750	1.000992	0.077774
1525657256.241069	1525657256.241069	0.054550	0.968826	0.056641
1525657256.250907	1525657256.250907	0.055817	0.956436	0.050659
1525657256.261040	1525657256.261040	0.032806	0.964569	0.029205
1525657256.271572	1525657256.271572	0.014297	0.992264	0.008484
1525657256.281214	1525657256.281214	0.003754	1.011581	-0.000122
1525657256.291165	1525657256.291165	-0.004547	1.013412	-0.000153
1525657256.300827	1525657256.300827	-0.015564	1.000549	0.009048
1525657256.311044	1525657256.311044	-0.025009	0.980652	0.027832
1525657256.320784	1525657256.320784	-0.032593	0.973190	0.045944
1525657256.331076	1525657256.331076	-0.046295	0.982208	0.069839
1525657256.340876	1525657256.340876	-0.059937	1.003265	0.121994
1525657256.350963	1525657256.350963	-0.059204	1.028275	0.184982
1525657256.360836	1525657256.360836	-0.055267	1.022781	0.226135
1525657256.370919	1525657256.370919	-0.052017	0.980515	0.257019
1525657256.381072	1525657256.381072	-0.053528	0.942566	0.283066
1525657256.390949	1525657256.390949	-0.067459	0.937775	0.281647
1525657256.400754	1525657256.400754	-0.090836	0.959503	0.260178
1525657256.410569	1525657256.410569	-0.108032	0.986237	0.220886
1525657256.420708	1525657256.420708	-0.111679	1.001038	0.167557
1525657256.431070	1525657256.431070	-0.102783	1.001373	0.122009
1525657256.440745	1525657256.440745	-0.084213	0.990341	0.099503
1525657256.450615	1525657256.450615	-0.065704	0.982101	0.096497
1525657256.460624	1525657256.460624	-0.064743	0.980957	0.104691
1525657256.470707	1525657256.470707	-0.084564	0.983994	0.122772
1525657256.480589	1525657256.480589	-0.119232	0.990204	0.139755
1525657256.490737	1525657256.490737	-0.157562	0.988297	0.151001
1525657256.500545	1525657256.500545	-0.187820	0.975510	0.149200
1525657256.510622	1525657256.510622	-0.204880	0.968063	0.136307
1525657256.520501	1525657256.520501	-0.209778	0.964676	0.142883
1525657256.530584	1525657256.530584	-0.192581	0.962051	0.166824
1525657256.540713	1525657256.540713	-0.156326	0.971649	0.185532
1525657256.550349	1525657256.550349	-0.110855	0.981567	0.191467
1525657256.560199	1525657256.560199	-0.070435	0.986557	0.183594
1525657256.570342	1525657256.570342	-0.038574	0.987076	0.178177
1525657256.581251	1525657256.581251	-0.020752	0.984177	0.181793
1525657256.590510	1525657256.590510	-0.018036	0.981659	0.193069
1525657256.601051	1525657256.601051	-0.028625	0.984314	0.188995
1525657256.610352	1525657256.610352	-0.045059	0.988266	0.188568
1525657256.620660	1525657256.620660	-0.057724	0.982819	0.202576
1525657256.630405	1525657256.630405	-0.067917	0.977432	0.211227
1525657256.641795	1525657256.641795	-0.082428	0.976425	0.216965
1525657256.650366	1525657256.650366	-0.096283	0.974731	0.234833
1525657256.660401	1525657256.660401	-0.102173	0.975250	0.227280
1525657256.670291	1525657256.670291	-0.100739	0.973160	0.198547
1525657256.680162	1525657256.680162	-0.102127	0.973938	0.175705
1525657256.690331	1525657256.690331	-0.110748	0.972580	0.174515
1525657256.699944	1525657256.699944	-0.129761	0.964417	0.183441
1525657256.710213	1525657256.710213	-0.152985	0.961548	0.184845
1525657256.719907	1525657256.719907	-0.168747	0.976135	0.192810
1525657256.730853	1525657256.730853	-0.167068	0.988907	0.203873
1525657256.739911	1525657256.739911	-0.145859	0.990479	0.214020
1525657256.750307	1525657256.750307	-0.109344	0.980484	0.222519
1525657256.759827	1525657256.759827	-0.063354	0.964447	0.229019
1525657256.769968	1525657256.769968	-0.035553	0.962296	0.215912
1525657256.779828	1525657256.779828	-0.039246	0.965225	0.199738
1525657256.790156	1525657256.790156	-0.064270	0.967865	0.196304
1525657256.799924	1525657256.799924	-0.093872	0.975159	0.192200
1525657256.810009	1525657256.810009	-0.116837	0.985489	0.193253
1525657256.819834	1525657256.819834	-0.130814	0.980377	0.209442
1525657256.829770	1525657256.829770	-0.126892	0.961914	0.230652
1525657256.840106	1525657256.840106	-0.113892	0.949631	0.244553
1525657256.849928	1525657256.849928	-0.100342	0.952576	0.250183
1525657256.859802	1525657256.859802	-0.091660	0.960892	0.252655
1525657256.869901	1525657256.869901	-0.100403	0.969604	0.255890
1525657256.879624	1525657256.879624	-0.119293	0.975021	0.257462
1525657256.889763	1525657256.889763	-0.131149	0.965927	0.247742
1525657256.899872	1525657256.899872	-0.137436	0.948639	0.230362
1525657256.909798	1525657256.909798	-0.139969	0.940994	0.226273
1525657256.919699	1525657256.919699	-0.138138	0.950851	0.227203
1525657256.929642	1525657256.929642	-0.139801	0.964584	0.228836
1525657256.939378	1525657256.939378	-0.141327	0.969467	0.231873
1525657256.949599	1525657256.949599	-0.139801	0.964081	0.236542
1525657256.959539	1525657256.959539	-0.140961	0.959015	0.250092
1525657256.969623	1525657256.969623	-0.144180	0.953156	0.261932
1525657256.979462	1525657256.979462	-0.136871	0.945465	0.255905
1525657256.989598	1525657256.989598	-0.116837	0.943604	0.242645
1525657256.999424	1525657256.999424	-0.088379	0.949036	0.235229
1525657257.009496	1525657257.009496	-0.062759	0.959976	0.240433
1525657257.019464	1525657257.019464	-0.049805	0.971893	0.240601
1525657257.030961	1525657257.030961	-0.060272	0.977692	0.238403
1525657257.039342	1525657257.039342	-0.086639	0.978851	0.245346
1525657257.049492	1525657257.049492	-0.106522	0.966949	0.242462
1525657257.059309	1525657257.059309	-0.110046	0.945709	0.234695
1525657257.069379	1525657257.069379	-0.095688	0.935318	0.219421
1525657257.079305	1525657257.079305	-0.081039	0.943604	0.223938
1525657257.089407	1525657257.089407	-0.078873	0.955704	0.245941
1525657257.099224	1525657257.099224	-0.083740	0.959152	0.248093
1525657257.109299	1525657257.109299	-0.091537	0.954163	0.225510
1525657257.119228	1525657257.119228	-0.102982	0.946899	0.223938
1525657257.129344	1525657257.129344	-0.114105	0.939651	0.264572
1525657257.139220	1525657257.139220	-0.131668	0.937210	0.314056
1525657257.149292	1525657257.149292	-0.157227	0.929077	0.344284
1525657257.159070	1525657257.159070	-0.190186	0.914520	0.358597
1525657257.169250	1525657257.169250	-0.228043	0.909897	0.366867
1525657257.179006	1525657257.179006	-0.261765	0.909622	0.348022
1525657257.189306	1525657257.189306	-0.277542	0.898270	0.329681
1525657257.199084	1525657257.199084	-0.264999	0.884903	0.322357
1525657257.209692	1525657257.209692	-0.220978	0.895691	0.300217
1525657257.219238	1525657257.219238	-0.168777	0.922897	0.283020
1525657257.229032	1525657257.229032	-0.124832	0.944000	0.286118
1525657257.238847	1525657257.238847	-0.102585	0.952011	0.307861
1525657257.248992	1525657257.248992	-0.112152	0.947128	0.341919
1525657257.258872	1525657257.258872	-0.142136	0.932724	0.353622
1525657257.269382	1525657257.269382	-0.182175	0.915176	0.355560
1525657257.278805	1525657257.278805	-0.221146	0.903824	0.368576
1525657257.289450	1525657257.289450	-0.244537	0.903641	0.370575
1525657257.298831	1525657257.298831	-0.245743	0.916428	0.352493
1525657257.309113	1525657257.309113	-0.233963	0.925339	0.350082
1525657257.318773	1525657257.318773	-0.221405	0.923111	0.342575
1525657257.329412	1525657257.329412	-0.218994	0.908157	0.340912
1525657257.338684	1525657257.338684	-0.231064	0.901199	0.343750
1525657257.348839	1525657257.348839	-0.256653	0.917572	0.342484
1525657257.358808	1525657257.358808	-0.283340	0.938431	0.339188
1525657257.368683	1525657257.368683	-0.293961	0.941635	0.338791
1525657257.378698	1525657257.378698	-0.266556	0.933197	0.354202
1525657257.388833	1525657257.388833	-0.204529	0.921906	0.399521
1525657257.398650	1525657257.398650	-0.142944	0.918274	0.433258
1525657257.408730	1525657257.408730	-0.122971	0.920532	0.421722
1525657257.418683	1525657257.418683	-0.153168	0.923645	0.376404
1525657257.428696	1525657257.428696	-0.215790	0.915634	0.329269
1525657257.438881	1525657257.438881	-0.286713	0.901749	0.307907
1525657257.448588	1525657257.448588	-0.353531	0.887039	0.320450
1525657257.458482	1525657257.458482	-0.395447	0.873779	0.348053
1525657257.468439	1525657257.468439	-0.396805	0.860382	0.376938
1525657257.478344	1525657257.478344	-0.350601	0.858841	0.412415
1525657257.488451	1525657257.488451	-0.279877	0.881073	0.429260
1525657257.498032	1525657257.498032	-0.211105	0.909149	0.401611
1525657257.508272	1525657257.508272	-0.163803	0.926422	0.372955
1525657257.518056	1525657257.518056	-0.140884	0.931763	0.354156
1525657257.528507	1525657257.528507	-0.137909	0.925461	0.323593
1525657257.538314	1525657257.538314	-0.140015	0.908737	0.305588
1525657257.548308	1525657257.548308	-0.139908	0.894806	0.303024
1525657257.558280	1525657257.558280	-0.140732	0.893036	0.321976
1525657257.568422	1525657257.568422	-0.146683	0.908615	0.371887
1525657257.578277	1525657257.578277	-0.162415	0.927383	0.411209
1525657257.588399	1525657257.588399	-0.186127	0.928680	0.395355
1525657257.598085	1525657257.598085	-0.215347	0.920822	0.379074
1525657257.608282	1525657257.608282	-0.254654	0.938263	0.337006
1525657257.618277	1525657257.618277	-0.318924	0.966660	0.281662
1525657257.628485	1525657257.628485	-0.403305	0.977570	0.284531
1525657257.638100	1525657257.638100	-0.474823	0.960220	0.343643
1525657257.648055	1525657257.648055	-0.491867	0.913086	0.377945
1525657257.657922	1525657257.657922	-0.452408	0.852951	0.393204
1525657257.668241	1525657257.668241	-0.382797	0.815979	0.414551
1525657257.678010	1525657257.678010	-0.302078	0.829498	0.429184
1525657257.688102	1525657257.688102	-0.238281	0.880524	0.435379
1525657257.698000	1525657257.698000	-0.207153	0.942963	0.422562
1525657257.708079	1525657257.708079	-0.203766	0.974060	0.401733
1525657257.717924	1525657257.717924	-0.210709	0.945007	0.388214
1525657257.728005	1525657257.728005	-0.216431	0.901871	0.374573
1525657257.737850	1525657257.737850	-0.220306	0.871567	0.415359
1525657257.747965	1525657257.747965	-0.227356	0.790146	0.611435
1525657257.757806	1525657257.757806	-0.255432	0.838120	0.737701
1525657257.767893	1525657257.767893	-0.344589	0.996643	0.426392
1525657257.778075	1525657257.778075	-0.406158	1.030945	0.196930
1525657257.788141	1525657257.788141	-0.418488	0.961060	0.322952
1525657257.797825	1525657257.797825	-0.396133	0.970932	0.360550
1525657257.807852	1525657257.807852	-0.369324	1.040146	0.288422
1525657257.817557	1525657257.817557	-0.328674	1.082169	0.338806
1525657257.827766	1525657257.827766	-0.272339	1.139206	0.448364
1525657257.837638	1525657257.837638	-0.223389	1.202377	0.429108
1525657257.847864	1525657257.847864	-0.211578	1.160583	0.377975
1525657257.857597	1525657257.857597	-0.233353	1.046616	0.394287
1525657257.867686	1525657257.867686	-0.277435	0.996338	0.376511
1525657257.877558	1525657257.877558	-0.333267	1.001877	0.348053
1525657257.887724	1525657257.887724	-0.376358	1.014816	0.341095
1525657257.897571	1525657257.897571	-0.402100	1.026520	0.347626
1525657257.907605	1525657257.907605	-0.426666	1.026489	0.362473
1525657257.917474	1525657257.917474	-0.444946	1.010834	0.364304
1525657257.927596	1525657257.927596	-0.443787	0.990601	0.347092
1525657257.937428	1525657257.937428	-0.414886	0.980927	0.315979
1525657257.947393	1525657257.947393	-0.362717	0.979874	0.291809
1525657257.957390	1525657257.957390	-0.292938	0.996490	0.272903
1525657257.967476	1525657257.967476	-0.213562	1.029022	0.226288
1525657257.978042	1525657257.978042	-0.117172	1.049057	0.173050
1525657257.987376	1525657257.987376	-0.006973	1.055267	0.145355
1525657257.997867	1525657257.997867	0.095276	1.058105	0.125809
1525657258.008202	1525657258.008202	0.174469	1.062119	0.113449
1525657258.018834	1525657258.018834	0.222168	1.069672	0.108994
1525657258.027448	1525657258.027448	0.232941	1.078812	0.097672
1525657258.037569	1525657258.037569	0.202133	1.098434	0.085312
1525657258.047303	1525657258.047303	0.144653	1.140564	0.081268
1525657258.057380	1525657258.057380	0.078522	1.204971	0.080032
1525657258.067268	1525657258.067268	-0.009155	1.278717	0.107895
1525657258.077181	1525657258.077181	-0.089966	1.327194	0.185104
1525657258.087305	1525657258.087305	-0.145035	1.314484	0.286392
1525657258.097082	1525657258.097082	-0.190369	1.244522	0.357071
1525657258.107057	1525657258.107057	-0.242065	1.108719	0.390381
1525657258.117056	1525657258.117056	-0.314560	0.915100	0.403519
1525657258.127147	1525657258.127147	-0.418900	0.719833	0.416443
1525657258.137092	1525657258.137092	-0.573044	0.571091	0.460861
1525657258.147097	1525657258.147097	-0.764374	0.448929	0.573669
1525657258.158039	1525657258.158039	-0.927979	0.324158	0.788589
1525657258.167014	1525657258.167014	-1.033539	0.263992	0.963455
1525657258.176947	1525657258.176947	-1.105392	0.284393	1.003784
1525657258.187101	1525657258.187101	-1.171402	0.336319	0.950241
1525657258.196897	1525657258.196897	-1.224869	0.364868	0.825226
1525657258.208036	1525657258.208036	-1.240540	0.336365	0.678040
1525657258.216868	1525657258.216868	-1.206100	0.269928	0.552490
1525657258.226897	1525657258.226897	-1.125778	0.197342	0.466171
1525657258.236780	1525657258.236780	-1.010757	0.130844	0.421600
1525657258.246865	1525657258.246865	-0.887650	0.073120	0.403091
1525657258.256773	1525657258.256773	-0.785751	0.026550	0.398163
1525657258.266687	1525657258.266687	-0.701813	0.003189	0.383514
1525657258.276732	1525657258.276732	-0.625412	0.018158	0.342590
1525657258.312648	1525657258.312648	-0.548645	0.070328	0.277084
1525657258.312773	1525657258.312773	-0.470779	0.145569	0.176834
1525657258.312850	1525657258.312850	-0.407349	0.215530	0.052780
1525657258.316648	1525657258.316648	-0.367340	0.271057	-0.058258
1525657258.326683	1525657258.326683	-0.358688	0.300354	-0.102997
1525657258.336562	1525657258.336562	-0.362762	0.312302	-0.070511
1525657258.346648	1525657258.346648	-0.358917	0.346786	-0.017502
1525657258.356568	1525657258.356568	-0.369583	0.426666	0.031769
1525657258.366606	1525657258.366606	-0.405197	0.543747	0.083954
1525657258.376501	1525657258.376501	-0.466263	0.674469	0.136230
1525657258.386674	1525657258.386674	-0.547348	0.770569	0.190231
1525657258.396483	1525657258.396483	-0.631149	0.820480	0.227921
1525657258.406524	1525657258.406524	-0.702972	0.843719	0.251846
1525657258.416440	1525657258.416440	-0.744995	0.845749	0.275635
1525657258.426352	1525657258.426352	-0.735596	0.853073	0.286575
1525657258.436418	1525657258.436418	-0.682205	0.888779	0.283722
1525657258.446441	1525657258.446441	-0.599167	0.956955	0.274231
1525657258.456436	1525657258.456436	-0.506256	1.059036	0.262070
1525657258.466428	1525657258.466428	-0.423462	1.162659	0.274994
1525657258.476338	1525657258.476338	-0.342743	1.229187	0.305771
1525657258.486733	1525657258.486733	-0.265274	1.254868	0.310730
1525657258.496298	1525657258.496298	-0.203903	1.250214	0.265320
1525657258.506338	1525657258.506338	-0.175766	1.210281	0.182892
1525657258.516260	1525657258.516260	-0.194977	1.164551	0.136551
1525657258.526302	1525657258.526302	-0.246567	1.142517	0.199341
1525657258.536216	1525657258.536216	-0.266098	1.133942	0.325912
1525657258.546254	1525657258.546254	-0.235641	1.120712	0.436249
1525657258.556171	1525657258.556171	-0.185913	1.088913	0.465393
1525657258.566216	1525657258.566216	-0.131500	1.051086	0.416916
1525657258.576134	1525657258.576134	-0.084427	1.026932	0.356476
1525657258.586124	1525657258.586124	-0.055374	1.013962	0.320038
1525657258.596090	1525657258.596090	-0.054321	1.003342	0.323059
1525657258.606129	1525657258.606129	-0.083542	0.995346	0.368088
1525657258.616128	1525657258.616128	-0.145981	0.972900	0.433990
1525657258.626086	1525657258.626086	-0.217560	0.959534	0.522049
1525657258.636008	1525657258.636008	-0.199249	1.073959	0.669037
1525657258.646045	1525657258.646045	-0.071426	1.350693	0.541168
1525657258.655967	1525657258.655967	0.024155	1.463379	-0.597656
1525657258.666005	1525657258.666005	0.060501	1.278793	-1.079880
1525657258.675924	1525657258.675924	0.197495	1.152451	-0.465698
1525657258.686631	1525657258.686631	0.402283	1.155075	0.216019
1525657258.695880	1525657258.695880	0.541122	1.198227	0.558777
1525657258.706336	1525657258.706336	0.598694	1.264847	0.378784
1525657258.715852	1525657258.715852	0.461517	1.191223	-0.051483
1525657258.726282	1525657258.726282	0.249710	1.032944	-0.407028
1525657258.735795	1525657258.735795	0.123489	0.920364	-0.401566
1525657258.746075	1525657258.746075	0.046295	0.824005	-0.097977
1525657258.755754	1525657258.755754	-0.066605	0.724609	0.309814
1525657258.765961	1525657258.765961	-0.212769	0.673279	0.660934
1525657258.775769	1525657258.775769	-0.334320	0.708023	0.703766
1525657258.785764	1525657258.785764	-0.344086	0.819656	0.455215
1525657258.795673	1525657258.795673	-0.226700	0.904144	0.269318
1525657258.805762	1525657258.805762	-0.074600	0.897675	0.246201
1525657258.815639	1525657258.815639	0.022919	0.869919	0.222977
1525657258.825720	1525657258.825720	0.066483	0.922958	0.167999
1525657258.835594	1525657258.835594	0.102051	1.051163	0.129242
1525657258.845680	1525657258.845680	0.103897	1.149338	0.154724
1525657258.855551	1525657258.855551	0.028259	1.119553	0.223190
1525657258.865638	1525657258.865638	-0.107605	0.980148	0.328751
1525657258.875507	1525657258.875507	-0.248032	0.871140	0.402542
1525657258.885672	1525657258.885672	-0.364960	0.819931	0.459274
1525657258.895469	1525657258.895469	-0.426788	0.812439	0.467850
1525657258.905648	1525657258.905648	-0.407135	0.840347	0.451645
1525657258.916032	1525657258.916032	-0.314835	0.886505	0.446716
1525657258.925440	1525657258.925440	-0.215500	0.936172	0.431000
1525657258.935538	1525657258.935538	-0.149628	0.971161	0.406815
1525657258.945732	1525657258.945732	-0.113480	0.983246	0.357544
1525657258.955346	1525657258.955346	-0.117615	0.967987	0.316772
1525657258.965430	1525657258.965430	-0.167145	0.943115	0.307861
1525657258.975304	1525657258.975304	-0.243759	0.923080	0.329971
1525657258.985474	1525657258.985474	-0.307175	0.905640	0.359894
1525657258.995260	1525657258.995260	-0.330414	0.883774	0.391098
1525657259.005344	1525657259.005344	-0.310104	0.865891	0.414261
1525657259.015219	1525657259.015219	-0.257019	0.855865	0.424271
1525657259.025305	1525657259.025305	-0.185577	0.869461	0.404755
1525657259.035054	1525657259.035054	-0.114716	0.902908	0.377411
1525657259.045264	1525657259.045264	-0.061356	0.935059	0.363083
1525657259.055133	1525657259.055133	-0.036499	0.955139	0.342133
1525657259.065327	1525657259.065327	-0.042862	0.951553	0.325760
1525657259.075086	1525657259.075086	-0.073746	0.931534	0.333893
1525657259.085248	1525657259.085248	-0.113464	0.922882	0.329407
1525657259.095044	1525657259.095044	-0.156769	0.927597	0.314804
1525657259.105127	1525657259.105127	-0.203217	0.928467	0.303284
1525657259.114958	1525657259.114958	-0.250366	0.929047	0.291550
1525657259.125086	1525657259.125086	-0.290390	0.923096	0.297211
1525657259.134963	1525657259.134963	-0.313507	0.906113	0.319702
1525657259.145050	1525657259.145050	-0.313126	0.894379	0.334824
1525657259.154922	1525657259.154922	-0.298813	0.904617	0.311996
1525657259.164964	1525657259.164964	-0.281738	0.921860	0.310791
1525657259.174876	1525657259.174876	-0.261246	0.947723	0.341583
1525657259.185042	1525657259.185042	-0.235992	0.967255	0.367279
1525657259.194711	1525657259.194711	-0.210724	0.982010	0.394562
1525657259.204922	1525657259.204922	-0.191559	0.992706	0.429428
1525657259.214829	1525657259.214829	-0.179916	0.991119	0.484818
1525657259.224959	1525657259.224959	-0.178482	0.956177	0.566345
1525657259.234754	1525657259.234754	-0.188644	0.930420	0.661697
1525657259.244716	1525657259.244716	-0.249283	1.075729	0.403671
1525657259.254711	1525657259.254711	-0.293823	1.120316	0.180786
1525657259.264833	1525657259.264833	-0.293686	1.040680	0.350479
1525657259.274670	1525657259.274670	-0.287308	1.054504	0.368744
1525657259.289392	1525657259.289392	-0.294815	1.092850	0.269058
1525657259.294575	1525657259.294575	-0.308716	1.067123	0.344452
1525657259.304669	1525657259.304669	-0.336029	1.053406	0.458771
1525657259.314832	1525657259.314832	-0.358887	1.108917	0.497925
1525657259.324718	1525657259.324718	-0.343414	1.217484	0.477707
1525657259.334311	1525657259.334311	-0.303818	1.266373	0.390335
1525657259.344442	1525657259.344442	-0.277832	1.156647	0.380371
1525657259.354213	1525657259.354213	-0.263763	1.038757	0.395538
1525657259.364640	1525657259.364640	-0.239075	1.028366	0.316360
1525657259.374522	1525657259.374522	-0.192459	1.045212	0.280869
1525657259.384665	1525657259.384665	-0.148819	1.062057	0.310287
1525657259.394731	1525657259.394731	-0.134186	1.089447	0.317856
1525657259.404535	1525657259.404535	-0.150208	1.090683	0.298538
1525657259.414530	1525657259.414530	-0.179932	1.055801	0.264938
1525657259.424494	1525657259.424494	-0.199265	1.028107	0.188629
1525657259.434710	1525657259.434710	-0.198914	1.009369	0.131073
1525657259.444467	1525657259.444467	-0.167770	0.996323	0.090775
1525657259.454399	1525657259.454399	-0.092148	0.999161	0.053741
1525657259.464481	1525657259.464481	0.016373	1.018311	0.032547
1525657259.474150	1525657259.474150	0.128189	1.049866	0.044128
1525657259.484415	1525657259.484415	0.208542	1.087494	0.073898
1525657259.494121	1525657259.494121	0.220001	1.123688	0.080475
1525657259.504293	1525657259.504293	0.152756	1.149857	0.100555
1525657259.513979	1525657259.513979	0.021622	1.170425	0.168289
1525657259.524255	1525657259.524255	-0.141495	1.200134	0.282135
1525657259.534083	1525657259.534083	-0.280701	1.215759	0.390961
1525657259.544294	1525657259.544294	-0.365234	1.173996	0.440689
1525657259.554082	1525657259.554082	-0.409500	1.049469	0.430725
1525657259.564165	1525657259.564165	-0.454651	0.861618	0.414124
1525657259.574041	1525657259.574041	-0.527023	0.647247	0.464249
1525657259.584214	1525657259.584214	-0.622314	0.451126	0.569138
1525657259.593999	1525657259.593999	-0.717682	0.302521	0.718231
1525657259.604086	1525657259.604086	-0.791367	0.208740	0.885269
1525657259.613955	1525657259.613955	-0.842682	0.178467	0.993179
1525657259.624187	1525657259.624187	-0.921021	0.221451	1.000549
1525657259.633921	1525657259.633921	-1.042038	0.310257	0.927078
1525657259.645160	1525657259.645160	-1.160919	0.388000	0.816864
1525657259.653889	1525657259.653889	-1.222809	0.396454	0.698273
1525657259.663957	1525657259.663957	-1.200302	0.322311	0.578629
1525657259.673792	1525657259.673792	-1.111328	0.208740	0.469620
1525657259.683957	1525657259.683957	-0.983551	0.103317	0.388733
1525657259.693844	1525657259.693844	-0.842789	0.041946	0.320023
1525657259.703876	1525657259.703876	-0.714157	0.023239	0.234192
1525657259.713762	1525657259.713762	-0.606232	0.030914	0.129379
1525657259.723834	1525657259.723834	-0.514191	0.049942	0.021118
1525657259.733765	1525657259.733765	-0.438782	0.077332	-0.082199
1525657259.743823	1525657259.743823	-0.379364	0.112213	-0.152588
1525657259.753677	1525657259.753677	-0.338852	0.155029	-0.170197
1525657259.763781	1525657259.763781	-0.309387	0.209869	-0.149612
1525657259.773590	1525657259.773590	-0.283478	0.310349	-0.136276
1525657259.783730	1525657259.783730	-0.288681	0.466400	-0.136124
1525657259.793596	1525657259.793596	-0.357925	0.654526	-0.073685
1525657259.803588	1525657259.803588	-0.468384	0.823486	0.059464
1525657259.813496	1525657259.813496	-0.591827	0.910904	0.187195
1525657259.823627	1525657259.823627	-0.716827	0.890427	0.270950
1525657259.833403	1525657259.833403	-0.825974	0.841034	0.281525
1525657259.843593	1525657259.843593	-0.900360	0.822205	0.256577
1525657259.853415	1525657259.853415	-0.889099	0.845352	0.218689
1525657259.863643	1525657259.863643	-0.773193	0.883652	0.171677
1525657259.873499	1525657259.873499	-0.587189	0.938995	0.110947
1525657259.883617	1525657259.883617	-0.388855	1.049911	0.065353
1525657259.893444	1525657259.893444	-0.219864	1.177475	0.100464
1525657259.903510	1525657259.903510	-0.102219	1.247223	0.205063
1525657259.913343	1525657259.913343	-0.051727	1.239151	0.302444
1525657259.927367	1525657259.927367	-0.059662	1.188995	0.346298
1525657259.933222	1525657259.933222	-0.100784	1.149200	0.320404
1525657259.943289	1525657259.943289	-0.152588	1.158661	0.235214
1525657259.953235	1525657259.953235	-0.210083	1.175369	0.202698
1525657259.963152	1525657259.963152	-0.223801	1.160614	0.271713
1525657259.973205	1525657259.973205	-0.143417	1.129211	0.317673
1525657259.983126	1525657259.983126	-0.025940	1.110977	0.270828
1525657259.993395	1525657259.993395	0.079391	1.094879	0.214981
1525657260.025740	1525657260.025740	0.166992	1.085556	0.210999
1525657260.026863	1525657260.026863	0.204590	1.079269	0.246841
1525657260.027016	1525657260.027016	0.170212	1.050430	0.291992
1525657260.033276	1525657260.033276	0.080200	1.008835	0.320343
1525657260.043054	1525657260.043054	-0.032867	0.990829	0.339020
1525657260.052915	1525657260.052915	-0.127563	1.001801	0.367035
1525657260.063146	1525657260.063146	-0.136322	1.092087	0.460419
1525657260.073076	1525657260.073076	-0.031174	1.313049	0.605331
1525657260.083534	1525657260.083534	0.023483	1.460083	-0.112839
1525657260.093003	1525657260.093003	0.043808	1.287933	-0.863800
1525657260.103189	1525657260.103189	0.140579	1.062592	-0.443665
1525657260.112924	1525657260.112924	0.307388	0.989700	0.244659
1525657260.123033	1525657260.123033	0.406082	0.996643	0.693130
1525657260.133114	1525657260.133114	0.385040	1.055740	0.595047
1525657260.143011	1525657260.143011	0.238281	1.073776	0.204727
1525657260.152967	1525657260.152967	0.049225	1.054779	-0.187164
1525657260.162924	1525657260.162924	-0.085342	1.069397	-0.269394
1525657260.172803	1525657260.172803	-0.113235	1.054626	-0.075500
1525657260.182899	1525657260.182899	-0.110672	0.956680	0.135193
1525657260.192867	1525657260.192867	-0.156693	0.852966	0.299683
1525657260.202917	1525657260.202917	-0.196213	0.826096	0.354584
1525657260.212775	1525657260.212775	-0.159790	0.868988	0.333466
1525657260.222855	1525657260.222855	-0.038620	0.910568	0.319672
1525657260.232645	1525657260.232645	0.102478	0.914520	0.321106
1525657260.242781	1525657260.242781	0.191010	0.896088	0.350571
1525657260.252750	1525657260.252750	0.205261	0.890594	0.390915
1525657260.262744	1525657260.262744	0.175095	0.923691	0.392212
1525657260.272665	1525657260.272665	0.128235	0.986374	0.343887
1525657260.282676	1525657260.282676	0.070786	1.044479	0.253143
1525657260.292714	1525657260.292714	-0.010452	1.054199	0.173889
1525657260.302752	1525657260.302752	-0.116989	1.017288	0.173477
1525657260.312735	1525657260.312735	-0.211456	0.954010	0.254868
1525657260.322621	1525657260.322621	-0.260010	0.890518	0.382370
1525657260.332661	1525657260.332661	-0.251236	0.854141	0.471832
1525657260.342989	1525657260.342989	-0.197266	0.851227	0.500214
1525657260.352456	1525657260.352456	-0.121429	0.880798	0.494186
1525657260.362538	1525657260.362538	-0.050461	0.921631	0.434509
1525657260.372411	1525657260.372411	-0.005966	0.959427	0.364441
1525657260.382679	1525657260.382679	0.031113	0.979706	0.310226
1525657260.392503	1525657260.392503	0.062637	0.980530	0.265518
1525657260.402452	1525657260.402452	0.084564	0.965271	0.235107
1525657260.412325	1525657260.412325	0.094696	0.940155	0.242249
1525657260.422411	1525657260.422411	0.088684	0.914383	0.289749
1525657260.432461	1525657260.432461	0.060852	0.897171	0.356964
1525657260.442244	1525657260.442244	0.008728	0.898239	0.391830
1525657260.452247	1525657260.452247	-0.072876	0.897507	0.404358
1525657260.462464	1525657260.462464	-0.160324	0.879211	0.384064
1525657260.472285	1525657260.472285	-0.222427	0.859680	0.317932
1525657260.482560	1525657260.482560	-0.262238	0.860306	0.273392
1525657260.492169	1525657260.492169	-0.288223	0.888916	0.273590
1525657260.502247	1525657260.502247	-0.303391	0.932434	0.279465
1525657260.512257	1525657260.512257	-0.311554	0.968948	0.281830
1525657260.522206	1525657260.522206	-0.317551	0.969269	0.284195
1525657260.532321	1525657260.532321	-0.322113	0.940079	0.302795
1525657260.542826	1525657260.542826	-0.331207	0.918274	0.319122
1525657260.552058	1525657260.552058	-0.344467	0.908829	0.323349
1525657260.562264	1525657260.562264	-0.355103	0.911987	0.318039
1525657260.571982	1525657260.571982	-0.358521	0.916214	0.310822
1525657260.582381	1525657260.582381	-0.354675	0.913452	0.313568
1525657260.592210	1525657260.592210	-0.340240	0.915894	0.314072
1525657260.601906	1525657260.601906	-0.318039	0.924850	0.308044
1525657260.612045	1525657260.612045	-0.279083	0.938553	0.294586
1525657260.621981	1525657260.621981	-0.230179	0.957947	0.287292
1525657260.632180	1525657260.632180	-0.179474	0.977524	0.287140
1525657260.641959	1525657260.641959	-0.139343	0.992065	0.302094
1525657260.651821	1525657260.651821	-0.108139	1.004929	0.329239
1525657260.662044	1525657260.662044	-0.084564	1.012863	0.335266
1525657260.671779	1525657260.671779	-0.066757	1.012466	0.344589
1525657260.682124	1525657260.682124	-0.061615	1.015121	0.397659
1525657260.691736	1525657260.691736	-0.075089	1.011734	0.477448
1525657260.701854	1525657260.701854	-0.108261	1.020096	0.524719
1525657260.711836	1525657260.711836	-0.170303	1.095505	0.402222
1525657260.721781	1525657260.721781	-0.218765	1.118576	0.294464
1525657260.731788	1525657260.731788	-0.246094	1.082230	0.369370
1525657260.742342	1525657260.742342	-0.273407	1.088303	0.391541
1525657260.751614	1525657260.751614	-0.307083	1.123749	0.364471
1525657260.761571	1525657260.761571	-0.322067	1.155930	0.425339
1525657260.771707	1525657260.771707	-0.301651	1.239151	0.531693
1525657260.781766	1525657260.781766	-0.247513	1.345032	0.442825
1525657260.792293	1525657260.792293	-0.202103	1.296066	0.349136
1525657260.801570	1525657260.801570	-0.172485	1.167221	0.344391
1525657260.812045	1525657260.812045	-0.161865	1.121231	0.284317
1525657260.821569	1525657260.821569	-0.163422	1.129074	0.254898
1525657260.832290	1525657260.832290	-0.154526	1.171707	0.222443
1525657260.841521	1525657260.841521	-0.147369	1.215118	0.135086
1525657260.851748	1525657260.851748	-0.162170	1.178513	0.148148
1525657260.861624	1525657260.861624	-0.182541	1.123444	0.192963
1525657260.871578	1525657260.871578	-0.201233	1.100052	0.196945
1525657260.881712	1525657260.881712	-0.195740	1.120682	0.173843
1525657260.891218	1525657260.891218	-0.146210	1.142792	0.157425
1525657260.901402	1525657260.901402	-0.065521	1.113937	0.170151
1525657260.911297	1525657260.911297	0.011139	1.065430	0.190338
1525657260.921573	1525657260.921573	0.052002	1.019104	0.190735
1525657260.931289	1525657260.931289	0.059433	1.008575	0.162598
1525657260.941457	1525657260.941457	0.032822	1.051254	0.142273
1525657260.951194	1525657260.951194	-0.035568	1.098907	0.164261
1525657260.961442	1525657260.961442	-0.142426	1.097275	0.207794
1525657260.971150	1525657260.971150	-0.284012	1.008377	0.237808
1525657260.981524	1525657260.981524	-0.450760	0.841049	0.259659
1525657260.991108	1525657260.991108	-0.621002	0.638046	0.305038
1525657261.001195	1525657261.001195	-0.777756	0.461334	0.345352
1525657261.011066	1525657261.011066	-0.906158	0.313934	0.384140
1525657261.021274	1525657261.021274	-0.992508	0.203476	0.423782
1525657261.031024	1525657261.031024	-1.049149	0.146240	0.435745
1525657261.041248	1525657261.041248	-1.087250	0.139511	0.429169
1525657261.050862	1525657261.050862	-1.118973	0.170898	0.420242
1525657261.062282	1525657261.062282	-1.129395	0.223251	0.421890
1525657261.070955	1525657261.070955	-1.107269	0.261429	0.441818
1525657261.081338	1525657261.081338	-1.044998	0.273560	0.449097
1525657261.090911	1525657261.090911	-0.950912	0.276459	0.417755
1525657261.100941	1525657261.100941	-0.851395	0.260956	0.364395
1525657261.110999	1525657261.110999	-0.752670	0.227676	0.292709
1525657261.121037	1525657261.121037	-0.655136	0.193863	0.192764
1525657261.130822	1525657261.130822	-0.555481	0.176636	0.054092
1525657261.140875	1525657261.140875	-0.467224	0.179718	-0.073212
1525657261.150788	1525657261.150788	-0.398163	0.208603	-0.139740
1525657261.160963	1525657261.160963	-0.353287	0.262634	-0.116241
1525657261.170882	1525657261.170882	-0.314957	0.340927	-0.034454
1525657261.181392	1525657261.181392	-0.272751	0.438919	0.026489
1525657261.219246	1525657261.219246	-0.241577	0.560226	0.028687
1525657261.219384	1525657261.219384	-0.268616	0.677582	0.037735
1525657261.219459	1525657261.219459	-0.352097	0.765793	0.080399
1525657261.220692	1525657261.220692	-0.472458	0.797012	0.155273
1525657261.230643	1525657261.230643	-0.614471	0.782852	0.239761
1525657261.240751	1525657261.240751	-0.768784	0.758087	0.311203
1525657261.250587	1525657261.250587	-0.911133	0.770004	0.337296
1525657261.260755	1525657261.260755	-1.013290	0.818604	0.339981
1525657261.270638	1525657261.270638	-1.009323	0.800812	0.349991
1525657261.280792	1525657261.280792	-0.872543	0.754456	0.291031
1525657261.290631	1525657261.290631	-0.677795	0.746109	0.189224
1525657261.300516	1525657261.300516	-0.472565	0.812302	0.088303
1525657261.310600	1525657261.310600	-0.286011	0.944382	0.040298
1525657261.320524	1525657261.320524	-0.127625	1.076233	0.058029
1525657261.330552	1525657261.330552	0.000641	1.159134	0.097122
1525657261.340587	1525657261.340587	0.079117	1.188660	0.135590
1525657261.350371	1525657261.350371	0.099792	1.214005	0.161957
1525657261.360453	1525657261.360453	0.056931	1.261993	0.187729
1525657261.370199	1525657261.370199	-0.035660	1.299606	0.280838
1525657261.380582	1525657261.380582	-0.134644	1.311340	0.410049
1525657261.390289	1525657261.390289	-0.218399	1.265610	0.522919
1525657261.400403	1525657261.400403	-0.226013	1.152710	0.494492
1525657261.410385	1525657261.410385	-0.143158	1.023758	0.346512
1525657261.420428	1525657261.420428	0.030365	0.960037	0.187714
1525657261.430205	1525657261.430205	0.246765	1.001007	0.093170
1525657261.440399	1525657261.440399	0.386780	1.080338	0.113190
1525657261.450190	1525657261.450190	0.399429	1.101532	0.190338
1525657261.460365	1525657261.460365	0.305359	1.054794	0.234451
1525657261.470323	1525657261.470323	0.146347	0.995407	0.233536
1525657261.480945	1525657261.480945	-0.027557	0.954254	0.198883
1525657261.490240	1525657261.490240	-0.175812	0.934555	0.181229
1525657261.500820	1525657261.500820	-0.225845	1.054962	0.306595
1525657261.510069	1525657261.510069	-0.141876	1.475021	0.503220
1525657261.520672	1525657261.520672	-0.107422	1.787018	-0.463287
1525657261.530030	1525657261.530030	-0.174515	1.516525	-1.086258
1525657261.540664	1525657261.540664	-0.158356	1.188751	-0.378265
1525657261.549893	1525657261.549893	-0.055298	0.967255	0.567505
1525657261.561310	1525657261.561310	0.082275	0.878799	1.147430
1525657261.570034	1525657261.570034	0.104965	0.931976	0.993866
1525657261.580207	1525657261.580207	-0.091644	0.988815	0.539963
1525657261.589958	1525657261.589958	-0.280136	1.098602	-0.027695
1525657261.600409	1525657261.600409	-0.345123	1.180695	-0.253510
1525657261.609951	1525657261.609951	-0.266937	1.069382	-0.020111
1525657261.620098	1525657261.620098	-0.137756	0.842133	0.291275
1525657261.630116	1525657261.630116	-0.058731	0.693451	0.471191
1525657261.639787	1525657261.639787	0.013229	0.715042	0.456604
1525657261.649950	1525657261.649950	0.152206	0.826767	0.393311
1525657261.659852	1525657261.659852	0.320755	0.891510	0.343002
1525657261.669865	1525657261.669865	0.387222	0.888351	0.303070
1525657261.680024	1525657261.680024	0.324997	0.905670	0.250443
1525657261.689755	1525657261.689755	0.222855	0.963837	0.228317
1525657261.699767	1525657261.699767	0.150558	1.002655	0.275345
1525657261.709779	1525657261.709779	0.119781	1.008713	0.299667
1525657261.719977	1525657261.719977	0.072021	1.001587	0.273117
1525657261.729734	1525657261.729734	-0.026947	0.971008	0.283936
1525657261.739822	1525657261.739822	-0.133179	0.920547	0.356110
1525657261.749506	1525657261.749506	-0.202286	0.875488	0.426239
1525657261.759786	1525657261.759786	-0.215576	0.854462	0.458710
1525657261.769659	1525657261.769659	-0.186554	0.850388	0.451263
1525657261.779818	1525657261.779818	-0.124115	0.865158	0.445358
1525657261.789628	1525657261.789628	-0.046539	0.915466	0.417496
1525657261.799562	1525657261.799562	0.024780	0.974899	0.360397
1525657261.809574	1525657261.809574	0.073517	0.994110	0.303360
1525657261.819535	1525657261.819535	0.092346	0.969986	0.256897
1525657261.829531	1525657261.829531	0.083466	0.943024	0.261383
1525657261.839614	1525657261.839614	0.059662	0.929108	0.291336
1525657261.849472	1525657261.849472	0.022903	0.920609	0.329453
1525657261.859573	1525657261.859573	-0.024338	0.910431	0.358994
1525657261.869456	1525657261.869456	-0.084351	0.901688	0.348495
1525657261.879689	1525657261.879689	-0.157700	0.898514	0.337967
1525657261.889407	1525657261.889407	-0.233856	0.900253	0.337387
1525657261.899298	1525657261.899298	-0.291290	0.893463	0.321533
1525657261.909365	1525657261.909365	-0.313568	0.880844	0.284988
1525657261.919456	1525657261.919456	-0.306503	0.876617	0.272659
1525657261.929379	1525657261.929379	-0.280533	0.888382	0.277542
1525657261.939412	1525657261.939412	-0.255356	0.909531	0.304169
1525657261.949127	1525657261.949127	-0.235992	0.939896	0.328369
1525657261.959363	1525657261.959363	-0.219345	0.953110	0.329117
1525657261.969243	1525657261.969243	-0.216431	0.942688	0.333710
1525657261.979275	1525657261.979275	-0.227600	0.933868	0.328217
1525657261.989180	1525657261.989180	-0.243088	0.928238	0.296982
1525657261.999097	1525657261.999097	-0.258286	0.924820	0.280609
1525657262.009229	1525657262.009229	-0.283142	0.925400	0.298981
1525657262.019240	1525657262.019240	-0.319519	0.930542	0.319656
1525657262.029160	1525657262.029160	-0.349899	0.938080	0.330185
1525657262.039243	1525657262.039243	-0.362778	0.941757	0.334854
1525657262.049086	1525657262.049086	-0.362946	0.930817	0.372833
1525657262.059013	1525657262.059013	-0.348892	0.922577	0.402527
1525657262.069033	1525657262.069033	-0.320114	0.929871	0.400177
1525657262.079232	1525657262.079232	-0.282913	0.952591	0.386780
1525657262.089026	1525657262.089026	-0.252594	0.983215	0.380798
1525657262.099104	1525657262.099104	-0.238907	1.010910	0.388901
1525657262.109190	1525657262.109190	-0.245422	1.000702	0.451599
1525657262.119053	1525657262.119053	-0.261322	0.994537	0.544998
1525657262.128940	1525657262.128940	-0.256271	1.060181	0.391647
1525657262.138868	1525657262.138868	-0.173035	1.061447	0.226532
1525657262.149039	1525657262.149039	-0.066360	1.016479	0.338593
1525657262.159217	1525657262.159217	0.003815	1.057312	0.403381
1525657262.169577	1525657262.169577	0.019012	1.122284	0.356720
1525657262.179023	1525657262.179023	-0.017548	1.123184	0.370453
1525657262.189383	1525657262.189383	-0.098114	1.097824	0.446381
1525657262.199040	1525657262.199040	-0.193954	1.137115	0.559479
1525657262.209235	1525657262.209235	-0.262512	1.281937	0.545593
1525657262.219072	1525657262.219072	-0.309723	1.320435	0.377670
1525657262.229114	1525657262.229114	-0.331543	1.154678	0.403275
1525657262.238631	1525657262.238631	-0.318222	1.077576	0.377258
1525657262.249454	1525657262.249454	-0.274292	1.147324	0.311218
1525657262.258747	1525657262.258747	-0.194092	1.243439	0.292511
1525657262.268902	1525657262.268902	-0.122406	1.288345	0.274765
1525657262.278789	1525657262.278789	-0.104187	1.266968	0.262924
1525657262.288699	1525657262.288699	-0.121902	1.236908	0.213654
1525657262.298764	1525657262.298764	-0.118774	1.217239	0.134659
1525657262.308983	1525657262.308983	-0.072601	1.184891	0.078842
1525657262.318734	1525657262.318734	-0.004074	1.136108	0.077255
1525657262.328589	1525657262.328589	0.060638	1.092880	0.105804
1525657262.338583	1525657262.338583	0.115692	1.059265	0.110443
1525657262.348716	1525657262.348716	0.144928	1.022247	0.074600
1525657262.358544	1525657262.358544	0.097549	0.987396	0.061386
1525657262.368418	1525657262.368418	-0.029846	0.969833	0.133804
1525657262.378467	1525657262.378467	-0.178543	0.983521	0.239914
1525657262.388399	1525657262.388399	-0.312653	1.004852	0.321121
1525657262.398649	1525657262.398649	-0.453644	0.983795	0.375793
1525657262.408337	1525657262.408337	-0.617767	0.885757	0.409241
1525657262.418408	1525657262.418408	-0.792786	0.699249	0.445999
1525657262.428296	1525657262.428296	-0.936752	0.464279	0.551453
1525657262.439808	1525657262.439808	-1.016373	0.263977	0.688766
1525657262.448530	1525657262.448530	-1.033447	0.159332	0.754379
1525657262.458051	1525657262.458051	-1.017776	0.166397	0.739960
1525657262.468049	1525657262.468049	-1.005890	0.245178	0.711197
1525657262.478406	1525657262.478406	-1.000946	0.313705	0.690216
1525657262.488266	1525657262.488266	-0.989548	0.323303	0.668869
1525657262.499419	1525657262.499419	-0.964584	0.290283	0.630936
1525657262.507979	1525657262.507979	-0.918610	0.241089	0.581177
1525657262.517972	1525657262.517972	-0.849045	0.201736	0.516495
1525657262.527880	1525657262.527880	-0.774963	0.181305	0.447723
1525657262.538325	1525657262.538325	-0.712936	0.159546	0.388977
1525657262.548001	1525657262.548001	-0.658676	0.129227	0.343018
1525657262.557993	1525657262.557993	-0.602600	0.101608	0.291855
1525657262.567881	1525657262.567881	-0.545898	0.088654	0.224838
1525657262.577976	1525657262.577976	-0.494614	0.094666	0.142609
1525657262.587837	1525657262.587837	-0.464127	0.115952	0.068161
1525657262.597874	1525657262.597874	-0.455719	0.143372	0.038467
1525657262.607796	1525657262.607796	-0.442245	0.192505	0.055267
1525657262.617958	1525657262.617958	-0.416595	0.275787	0.084579
1525657262.627718	1525657262.627718	-0.398849	0.388535	0.108948
1525657262.638013	1525657262.638013	-0.420792	0.519775	0.143463
1525657262.647740	1525657262.647740	-0.489349	0.633133	0.241776
1525657262.657722	1525657262.657722	-0.570282	0.692520	0.375061
1525657262.667644	1525657262.667644	-0.652786	0.698898	0.465866
1525657262.677756	1525657262.677756	-0.750076	0.689438	0.505219
1525657262.687596	1525657262.687596	-0.844193	0.680710	0.494629
1525657262.697641	1525657262.697641	-0.901962	0.686279	0.438156
1525657262.707555	1525657262.707555	-0.896835	0.717255	0.359238
1525657262.717595	1525657262.717595	-0.815659	0.780258	0.281326
1525657262.727605	1525657262.727605	-0.665665	0.865738	0.214508
1525657262.737553	1525657262.737553	-0.477722	0.951355	0.167618
1525657262.748792	1525657262.748792	-0.278397	1.029175	0.139999
1525657262.757517	1525657262.757517	-0.105209	1.116959	0.151306
1525657262.767435	1525657262.767435	0.005569	1.222900	0.243759
1525657262.778048	1525657262.778048	0.068954	1.346329	0.324997
1525657262.787357	1525657262.787357	0.045135	1.425415	0.327835
1525657262.797432	1525657262.797432	-0.076828	1.364151	0.322769
1525657262.807349	1525657262.807349	-0.179657	1.223404	0.261047
1525657262.817388	1525657262.817388	-0.225540	1.104950	0.172485
1525657262.827310	1525657262.827310	-0.171707	1.042648	0.151382
1525657262.837228	1525657262.837228	-0.001968	1.068405	0.172562
1525657262.847271	1525657262.847271	0.197556	1.142700	0.210754
1525657262.857336	1525657262.857336	0.318359	1.165558	0.233948
1525657262.867226	1525657262.867226	0.326324	1.109970	0.195679
1525657262.877339	1525657262.877339	0.251434	1.033661	0.123245
1525657262.887150	1525657262.887150	0.144348	0.992279	0.088593
1525657262.897845	1525657262.897845	0.045181	1.023880	0.207581
1525657262.907017	1525657262.907017	0.060913	1.213486	0.555939
1525657262.917629	1525657262.917629	0.055939	1.583923	0.434875
1525657262.927125	1525657262.927125	-0.079758	1.611969	-0.546921
1525657262.937670	1525657262.937670	-0.126495	1.283615	-0.483521
1525657262.947079	1525657262.947079	-0.057724	1.020569	0.134232
1525657262.957430	1525657262.957430	-0.037842	0.814575	0.793106
1525657262.967040	1525657262.967040	-0.027832	0.774734	0.894043
1525657262.977302	1525657262.977302	-0.097763	0.871521	0.497269
1525657262.987049	1525657262.987049	-0.241852	1.032028	0.000900
1525657262.997001	1525657262.997001	-0.320755	1.270889	-0.273666
1525657263.006967	1525657263.006967	-0.192963	1.372086	-0.168823
1525657263.016989	1525657263.016989	0.038925	1.180466	0.043533
1525657263.027047	1525657263.027047	0.183640	0.924240	0.242111
1525657263.036996	1525657263.036996	0.290787	0.807632	0.364151
1525657263.046972	1525657263.046972	0.423248	0.824661	0.411606
1525657263.056956	1525657263.056956	0.537796	0.866623	0.415131
1525657263.066706	1525657263.066706	0.538315	0.849762	0.380875
1525657263.076988	1525657263.076988	0.389786	0.798157	0.320389
1525657263.086790	1525657263.086790	0.179779	0.807205	0.258804
1525657263.096728	1525657263.096728	-0.009460	0.881836	0.215637
1525657263.106802	1525657263.106802	-0.147720	0.978378	0.234604
1525657263.116832	1525657263.116832	-0.228836	1.059509	0.290207
1525657263.126705	1525657263.126705	-0.271942	1.070923	0.328323
1525657263.136791	1525657263.136791	-0.289429	0.999146	0.363876
1525657263.146660	1525657263.146660	-0.277954	0.892487	0.400620
1525657263.156746	1525657263.156746	-0.229736	0.818787	0.446503
1525657263.166621	1525657263.166621	-0.153015	0.817688	0.477661
1525657263.176784	1525657263.176784	-0.071075	0.882767	0.465820
1525657263.186554	1525657263.186554	-0.001846	0.962112	0.422531
1525657263.196672	1525657263.196672	0.044449	1.004242	0.362534
1525657263.206536	1525657263.206536	0.067719	0.998077	0.314743
1525657263.216627	1525657263.216627	0.077194	0.973801	0.284637
1525657263.226373	1525657263.226373	0.070343	0.951355	0.262924
1525657263.236584	1525657263.236584	0.039932	0.939743	0.272614
1525657263.246388	1525657263.246388	-0.004135	0.942902	0.299423
1525657263.256621	1525657263.256621	-0.050430	0.937515	0.313354
1525657263.266416	1525657263.266416	-0.089127	0.918945	0.326553
1525657263.276567	1525657263.276567	-0.120316	0.897781	0.330292
1525657263.286374	1525657263.286374	-0.145844	0.889023	0.337296
1525657263.296462	1525657263.296462	-0.157654	0.894760	0.326828
1525657263.306335	1525657263.306335	-0.154922	0.903961	0.303772
1525657263.316418	1525657263.316418	-0.132278	0.902557	0.288010
1525657263.326291	1525657263.326291	-0.094269	0.902908	0.287872
1525657263.336377	1525657263.336377	-0.063980	0.919937	0.297989
1525657263.346209	1525657263.346209	-0.044525	0.942764	0.296921
1525657263.356335	1525657263.356335	-0.026474	0.947586	0.291840
1525657263.366210	1525657263.366210	-0.020966	0.932220	0.290573
1525657263.376366	1525657263.376366	-0.030243	0.928177	0.285904
1525657263.386042	1525657263.386042	-0.030716	0.927353	0.280090
1525657263.396252	1525657263.396252	-0.018951	0.903915	0.281158
1525657263.406125	1525657263.406125	-0.031265	0.899200	0.307083
1525657263.416289	1525657263.416289	-0.103882	0.958786	0.307632
1525657263.426083	1525657263.426083	-0.219910	1.029617	0.254486
1525657263.436169	1525657263.436169	-0.321579	1.031952	0.195389
1525657263.446044	1525657263.446044	-0.372986	0.968018	0.194794
1525657263.456127	1525657263.456127	-0.370804	0.903061	0.250458
1525657263.466002	1525657263.466002	-0.330109	0.882629	0.301025
1525657263.476158	1525657263.476158	-0.268494	0.912460	0.326706
1525657263.485957	1525657263.485957	-0.203766	0.948517	0.344635
1525657263.496424	1525657263.496424	-0.148087	0.964935	0.357208
1525657263.505909	1525657263.505909	-0.111328	0.964981	0.372986
1525657263.515996	1525657263.515996	-0.104050	0.967117	0.352798
1525657263.525869	1525657263.525869	-0.122604	0.985825	0.323914
1525657263.535953	1525657263.535953	-0.139206	1.007416	0.315826
1525657263.545702	1525657263.545702	-0.147110	1.018906	0.320770
1525657263.555919	1525657263.555919	-0.152084	1.023499	0.347992
1525657263.565790	1525657263.565790	-0.165482	1.027863	0.377167
1525657263.575904	1525657263.575904	-0.185013	1.028976	0.388031
1525657263.585744	1525657263.585744	-0.208115	1.014511	0.403595
1525657263.595828	1525657263.595828	-0.236023	0.979568	0.462692
1525657263.606336	1525657263.606336	-0.271835	1.003677	0.495895
1525657263.617227	1525657263.617227	-0.312927	1.069901	0.397903
1525657263.626213	1525657263.626213	-0.327621	1.079315	0.319656
1525657263.635745	1525657263.635745	-0.322510	1.061752	0.308899
1525657263.646028	1525657263.646028	-0.319489	1.071518	0.279526
1525657263.655699	1525657263.655699	-0.316788	1.106934	0.260941
1525657263.665955	1525657263.665955	-0.295303	1.223022	0.385437
1525657263.675737	1525657263.675737	-0.226395	1.417007	0.239731
1525657263.685731	1525657263.685731	-0.190857	1.351105	0.109833
1525657263.695622	1525657263.695622	-0.172455	1.157394	0.239731
1525657263.707353	1525657263.707353	-0.162933	1.188568	0.241470
1525657263.715646	1525657263.715646	-0.143356	1.333191	0.136734
1525657263.725442	1525657263.725442	-0.081512	1.411331	0.054596
1525657263.735626	1525657263.735626	-0.003448	1.364151	0.045029
1525657263.745406	1525657263.745406	0.070023	1.283844	0.075470
1525657263.755465	1525657263.755465	0.131805	1.246231	0.113770
1525657263.765408	1525657263.765408	0.184219	1.225204	0.145218
1525657263.775525	1525657263.775525	0.215012	1.184952	0.198151
1525657263.785328	1525657263.785328	0.178406	1.114838	0.220245
1525657263.795411	1525657263.795411	0.066086	1.053177	0.211014
1525657263.805377	1525657263.805377	-0.072037	1.028259	0.224365
1525657263.815420	1525657263.815420	-0.213547	1.017380	0.262711
1525657263.825243	1525657263.825243	-0.355652	0.982391	0.339615
1525657263.835202	1525657263.835202	-0.474182	0.906387	0.459503
1525657263.845198	1525657263.845198	-0.563416	0.780670	0.585541
1525657263.855376	1525657263.855376	-0.656189	0.627426	0.705154
1525657263.865297	1525657263.865297	-0.745972	0.459564	0.801376
1525657263.875351	1525657263.875351	-0.804855	0.295029	0.871140
1525657263.885118	1525657263.885118	-0.857224	0.166138	0.892822
1525657263.895430	1525657263.895430	-0.953003	0.063995	0.848404
1525657263.905256	1525657263.905256	-1.071732	0.026581	0.726578
1525657263.916266	1525657263.916266	-1.158630	0.060699	0.598648
1525657263.925050	1525657263.925050	-1.168228	0.123611	0.534378
1525657263.935074	1525657263.935074	-1.107407	0.161850	0.533157
1525657263.945002	1525657263.945002	-1.002945	0.163467	0.585724
1525657263.955245	1525657263.955245	-0.886017	0.153503	0.637573
1525657263.965008	1525657263.965008	-0.781113	0.144638	0.637924
1525657263.975068	1525657263.975068	-0.689606	0.139694	0.579468
1525657263.984912	1525657263.984912	-0.605148	0.136932	0.458649
1525657263.994825	1525657263.994825	-0.524155	0.135635	0.288269
1525657264.005111	1525657264.005111	-0.455383	0.134247	0.096771
1525657264.014906	1525657264.014906	-0.403000	0.130280	-0.055923
1525657264.024785	1525657264.024785	-0.370697	0.134933	-0.122604
1525657264.034867	1525657264.034867	-0.357864	0.167496	-0.109482
1525657264.044787	1525657264.044787	-0.352509	0.262589	-0.067535
1525657264.055044	1525657264.055044	-0.368149	0.435852	-0.013397
1525657264.064749	1525657264.064749	-0.421295	0.663345	0.084732
1525657264.074859	1525657264.074859	-0.494247	0.863129	0.215866
1525657264.084708	1525657264.084708	-0.566864	0.938049	0.308029
1525657264.094744	1525657264.094744	-0.637985	0.877792	0.332642
1525657264.104969	1525657264.104969	-0.692352	0.776093	0.300217
1525657264.114662	1525657264.114662	-0.711014	0.741516	0.226562
1525657264.124542	1525657264.124542	-0.687073	0.809113	0.180481
1525657264.134597	1525657264.134597	-0.617218	0.908997	0.209457
1525657264.144549	1525657264.144549	-0.483917	0.973633	0.251236
1525657264.154438	1525657264.154438	-0.314499	1.014862	0.244461
1525657264.164363	1525657264.164363	-0.150131	1.038651	0.222717
1525657264.174401	1525657264.174401	-0.010254	1.057510	0.203979
1525657264.184263	1525657264.184263	0.079620	1.088745	0.194901
1525657264.194288	1525657264.194288	0.110596	1.124985	0.193359
1525657264.204490	1525657264.204490	0.089310	1.160599	0.159531
1525657264.214539	1525657264.214539	0.014221	1.183319	0.119385
1525657264.224460	1525657264.224460	-0.077637	1.178360	0.138214
1525657264.234494	1525657264.234494	-0.126038	1.161667	0.181564
1525657264.244410	1525657264.244410	-0.140320	1.151413	0.208145
1525657264.254463	1525657264.254463	-0.119308	1.142807	0.220093
1525657264.264362	1525657264.264362	-0.047485	1.132111	0.193832
1525657264.274463	1525657264.274463	0.043396	1.113098	0.162048
1525657264.284313	1525657264.284313	0.125839	1.079865	0.169327
1525657264.294403	1525657264.294403	0.184174	1.052551	0.201630
1525657264.304297	1525657264.304297	0.187515	1.042221	0.244034
1525657264.314512	1525657264.314512	0.134109	1.041275	0.279724
1525657264.324244	1525657264.324244	0.042694	1.043488	0.308304
1525657264.334563	1525657264.334563	-0.054611	1.039352	0.320389
1525657264.344286	1525657264.344286	-0.137375	1.013519	0.299820
1525657264.354368	1525657264.354368	-0.207764	0.968277	0.271469
1525657264.364163	1525657264.364163	-0.251709	0.961777	0.306595
1525657264.374248	1525657264.374248	-0.186600	1.142715	0.514832
1525657264.384128	1525657264.384128	-0.053787	1.495758	0.489746
1525657264.394204	1525657264.394204	-0.005920	1.501129	-0.756989
1525657264.404048	1525657264.404048	0.010117	1.149017	-0.987473
1525657264.414125	1525657264.414125	0.222565	0.995743	-0.214630
1525657264.424062	1525657264.424062	0.501343	1.064224	0.500198
1525657264.434058	1525657264.434058	0.670929	1.197510	0.843719
1525657264.443981	1525657264.443981	0.647873	1.302261	0.577209
1525657264.454077	1525657264.454077	0.405396	1.257050	0.060272
1525657264.464074	1525657264.464074	0.214523	1.184738	-0.340652
1525657264.473975	1525657264.473975	0.189362	1.125778	-0.341293
1525657264.483898	1525657264.483898	0.192657	0.956451	-0.030396
1525657264.493981	1525657264.493981	0.136734	0.735367	0.359726
1525657264.503906	1525657264.503906	0.051865	0.607986	0.592102
1525657264.513938	1525657264.513938	-0.029007	0.597931	0.578278
1525657264.523808	1525657264.523808	-0.073257	0.684235	0.465775
1525657264.533898	1525657264.533898	-0.072021	0.807205	0.322632
1525657264.543645	1525657264.543645	-0.076462	0.893570	0.204849
1525657264.553871	1525657264.553871	-0.115952	0.946289	0.179245
1525657264.563979	1525657264.563979	-0.154572	0.996201	0.230774
1525657264.573901	1525657264.573901	-0.146622	1.045425	0.257828
1525657264.583717	1525657264.583717	-0.084518	1.073212	0.263367
1525657264.593781	1525657264.593781	-0.003418	1.049332	0.299149
1525657264.603646	1525657264.603646	0.028427	0.971893	0.356049
1525657264.613730	1525657264.613730	-0.017532	0.885422	0.412598
1525657264.623603	1525657264.623603	-0.098892	0.839493	0.461380
1525657264.633602	1525657264.633602	-0.164276	0.856934	0.449600
1525657264.643562	1525657264.643562	-0.194489	0.907806	0.376740
1525657264.653645	1525657264.653645	-0.189194	0.940659	0.321350
1525657264.663592	1525657264.663592	-0.157272	0.940277	0.328690
1525657264.673682	1525657264.673682	-0.113022	0.937607	0.341522
1525657264.683479	1525657264.683479	-0.069809	0.941910	0.331528
1525657264.693569	1525657264.693569	-0.039780	0.945343	0.306183
1525657264.703443	1525657264.703443	-0.027328	0.940872	0.307999
1525657264.713529	1525657264.713529	-0.031219	0.928406	0.342392
1525657264.723398	1525657264.723398	-0.045090	0.913773	0.354126
1525657264.733486	1525657264.733486	-0.066483	0.900665	0.346390
1525657264.743361	1525657264.743361	-0.083923	0.900330	0.335617
1525657264.754079	1525657264.754079	-0.103607	0.909821	0.362656
1525657264.763473	1525657264.763473	-0.121414	0.924957	0.366928
1525657264.773476	1525657264.773476	-0.135223	0.934998	0.337418
1525657264.783279	1525657264.783279	-0.136185	0.932434	0.318253
1525657264.793439	1525657264.793439	-0.123718	0.924896	0.332596
1525657264.803235	1525657264.803235	-0.100052	0.928467	0.350677
1525657264.813459	1525657264.813459	-0.076553	0.938171	0.332291
1525657264.823195	1525657264.823195	-0.066101	0.937057	0.316101
1525657264.833275	1525657264.833275	-0.070984	0.935013	0.317627
1525657264.843150	1525657264.843150	-0.087708	0.933258	0.324249
1525657264.853237	1525657264.853237	-0.114471	0.925949	0.330704
1525657264.863112	1525657264.863112	-0.153397	0.918625	0.339218
1525657264.873272	1525657264.873272	-0.194626	0.912689	0.347046
1525657264.883068	1525657264.883068	-0.232635	0.904343	0.326721
1525657264.893524	1525657264.893524	-0.263290	0.895798	0.304245
1525657264.903024	1525657264.903024	-0.272095	0.890915	0.307648
1525657264.913251	1525657264.913251	-0.257263	0.888626	0.333588
1525657264.922859	1525657264.922859	-0.229004	0.898514	0.363495
1525657264.933068	1525657264.933068	-0.199615	0.911911	0.361450
1525657264.942951	1525657264.942951	-0.174805	0.915237	0.347824
1525657264.953105	1525657264.953105	-0.154572	0.910797	0.346283
1525657264.963041	1525657264.963041	-0.142609	0.905533	0.366180
1525657264.973060	1525657264.973060	-0.145035	0.911072	0.408981
1525657264.982865	1525657264.982865	-0.169708	0.922180	0.439850
1525657264.992937	1525657264.992937	-0.211029	0.931671	0.416550
1525657265.002811	1525657265.002811	-0.255432	0.932220	0.391190
1525657265.013058	1525657265.013058	-0.291656	0.940857	0.392105
1525657265.023321	1525657265.023321	-0.322250	0.963303	0.403778
1525657265.032852	1525657265.032852	-0.349045	0.991776	0.410767
1525657265.043145	1525657265.043145	-0.370743	1.013474	0.410065
1525657265.052824	1525657265.052824	-0.381531	1.020950	0.406097
1525657265.063255	1525657265.063255	-0.381805	1.017563	0.426422
1525657265.072843	1525657265.072843	-0.373718	0.996414	0.492432
1525657265.082862	1525657265.082862	-0.367386	1.011902	0.516891
1525657265.092729	1525657265.092729	-0.363144	1.081665	0.355087
1525657265.102697	1525657265.102697	-0.319138	1.057098	0.339355
1525657265.112901	1525657265.112901	-0.244507	1.029877	0.478058
1525657265.122453	1525657265.122453	-0.169907	1.152832	0.554886
1525657265.132646	1525657265.132646	-0.097885	1.317017	0.384628
1525657265.142631	1525657265.142631	-0.066177	1.262360	0.356003
1525657265.152603	1525657265.152603	-0.071747	1.139435	0.416000
1525657265.162477	1525657265.162477	-0.115311	1.131775	0.288422
1525657265.172632	1525657265.172632	-0.168076	1.141556	0.174194
1525657265.182403	1525657265.182403	-0.206879	1.129868	0.168365
1525657265.192517	1525657265.192517	-0.238403	1.123032	0.201859
1525657265.202393	1525657265.202393	-0.252640	1.145050	0.191071
1525657265.212486	1525657265.212486	-0.234787	1.185196	0.122070
1525657265.222353	1525657265.222353	-0.182251	1.191940	0.054749
1525657265.232537	1525657265.232537	-0.105637	1.165405	0.031952
1525657265.242185	1525657265.242185	-0.018799	1.139084	-0.001541
1525657265.252392	1525657265.252392	0.065002	1.134598	-0.035950
1525657265.262265	1525657265.262265	0.138321	1.153030	-0.050049
1525657265.272459	1525657265.272459	0.180237	1.172699	-0.032272
1525657265.282272	1525657265.282272	0.164459	1.176514	0.014511
1525657265.292306	1525657265.292306	0.065170	1.156693	0.083969
1525657265.302185	1525657265.302185	-0.096893	1.103882	0.224976
1525657265.312403	1525657265.312403	-0.233597	1.042145	0.406189
1525657265.322111	1525657265.322111	-0.335434	0.991211	0.532181
1525657265.332398	1525657265.332398	-0.434555	0.931824	0.609863
1525657265.342096	1525657265.342096	-0.542328	0.840195	0.654739
1525657265.352184	1525657265.352184	-0.653870	0.707870	0.699966
1525657265.362056	1525657265.362056	-0.745926	0.558609	0.765244
1525657265.372181	1525657265.372181	-0.813797	0.425659	0.836609
1525657265.382074	1525657265.382074	-0.868744	0.315262	0.929825
1525657265.392129	1525657265.392129	-0.912216	0.260117	1.016846
1525657265.401847	1525657265.401847	-0.955246	0.261642	1.050430
1525657265.412193	1525657265.412193	-0.999496	0.279160	1.024551
1525657265.422026	1525657265.422026	-1.036560	0.278442	0.936920
1525657265.434612	1525657265.434612	-1.048767	0.248230	0.800934
1525657265.441893	1525657265.441893	-1.023575	0.187943	0.672699
1525657265.451935	1525657265.451935	-0.959473	0.109985	0.588562
1525657265.461854	1525657265.461854	-0.864502	0.037354	0.534409
1525657265.472204	1525657265.472204	-0.757568	-0.004120	0.477005
1525657265.481875	1525657265.481875	-0.655502	-0.010849	0.406235
1525657265.491848	1525657265.491848	-0.580109	-0.002167	0.338684
1525657265.501764	1525657265.501764	-0.534470	0.012894	0.264755
1525657265.511832	1525657265.511832	-0.514603	0.030533	0.185959
1525657265.521918	1525657265.521918	-0.511581	0.052948	0.113678
1525657265.531758	1525657265.531758	-0.513779	0.083908	0.048752
1525657265.541681	1525657265.541681	-0.511765	0.130234	-0.011261
1525657265.551818	1525657265.551818	-0.506363	0.192825	-0.057343
1525657265.561509	1525657265.561509	-0.511810	0.261810	-0.058319
1525657265.572048	1525657265.572048	-0.529617	0.334579	0.004776
1525657265.581597	1525657265.581597	-0.543900	0.414276	0.104340
1525657265.591729	1525657265.591729	-0.554230	0.498871	0.201782
1525657265.601564	1525657265.601564	-0.569199	0.575912	0.269272
1525657265.611742	1525657265.611742	-0.595947	0.627090	0.287979
1525657265.621733	1525657265.621733	-0.644180	0.643478	0.272552
1525657265.631563	1525657265.631563	-0.712875	0.640961	0.262695
1525657265.641482	1525657265.641482	-0.787674	0.633804	0.286530
1525657265.651388	1525657265.651388	-0.837296	0.641006	0.317490
1525657265.661487	1525657265.661487	-0.843704	0.683060	0.317566
1525657265.672568	1525657265.672568	-0.810028	0.759949	0.296844
1525657265.681399	1525657265.681399	-0.730835	0.841278	0.271881
1525657265.691349	1525657265.691349	-0.609085	0.911057	0.225464
1525657265.701355	1525657265.701355	-0.471497	0.967239	0.163712
1525657265.712081	1525657265.712081	-0.334839	1.012390	0.113632
1525657265.721609	1525657265.721609	-0.215179	1.051422	0.088181
1525657265.731968	1525657265.731968	-0.123123	1.087646	0.091461
1525657265.741273	1525657265.741273	-0.065765	1.121567	0.103531
1525657265.751721	1525657265.751721	-0.052429	1.146027	0.120743
1525657265.761370	1525657265.761370	-0.057327	1.161087	0.130829
1525657265.772010	1525657265.772010	-0.054977	1.176575	0.132523
1525657265.781331	1525657265.781331	-0.035172	1.195862	0.149460
1525657265.791284	1525657265.791284	-0.000595	1.211517	0.197067
1525657265.801147	1525657265.801147	0.045212	1.194077	0.281265
1525657265.811224	1525657265.811224	0.102020	1.130386	0.322922
1525657265.821277	1525657265.821277	0.136658	1.039734	0.297897
1525657265.831143	1525657265.831143	0.143204	0.966125	0.252518
1525657265.841065	1525657265.841065	0.137024	0.940552	0.221649
1525657265.850978	1525657265.850978	0.113800	0.949814	0.245285
1525657265.861167	1525657265.861167	0.069351	0.959335	0.307129
1525657265.871048	1525657265.871048	0.002121	0.946930	0.350693
1525657265.881222	1525657265.881222	-0.068237	0.925980	0.350113
1525657265.891051	1525657265.891051	-0.123901	0.928497	0.318985
1525657265.900998	1525657265.900998	-0.139969	0.975403	0.326157
1525657265.911000	1525657265.911000	-0.020782	1.141937	0.576355
1525657265.921004	1525657265.921004	0.187927	1.444229	0.509674
1525657265.930957	1525657265.930957	0.334686	1.432114	-0.933701
1525657265.940882	1525657265.940882	0.411652	1.134842	-1.143387
1525657265.950912	1525657265.950912	0.677261	1.087311	-0.317551
1525657265.960970	1525657265.960970	1.004700	1.195312	0.413666
1525657265.971140	1525657265.971140	1.135696	1.270340	0.835205
1525657265.980784	1525657265.980784	1.055008	1.347809	0.693741
1525657265.990877	1525657265.990877	0.727921	1.311310	0.278870
1525657266.000750	1525657266.000750	0.322235	1.252655	-0.118454
1525657266.010712	1525657266.010712	0.126709	1.216080	-0.429260
1525657266.020862	1525657266.020862	0.048843	1.035553	-0.404282
1525657266.030930	1525657266.030930	-0.066193	0.722870	0.095047
1525657266.040729	1525657266.040729	-0.212143	0.483109	0.643631
1525657266.050844	1525657266.050844	-0.380447	0.449844	0.788574
1525657266.060765	1525657266.060765	-0.513367	0.597946	0.482056
1525657266.070935	1525657266.070935	-0.529282	0.783615	0.101761
1525657266.080721	1525657266.080721	-0.405472	0.854752	-0.022278
1525657266.090865	1525657266.090865	-0.225464	0.852798	0.069229
1525657266.100539	1525657266.100539	-0.056274	0.933746	0.156097
1525657266.111274	1525657266.111274	0.109680	1.101913	0.160477
1525657266.120651	1525657266.120651	0.270065	1.242020	0.142807
1525657266.130721	1525657266.130721	0.375504	1.235168	0.153244
1525657266.140457	1525657266.140457	0.366318	1.070099	0.182526
1525657266.150544	1525657266.150544	0.246277	0.878403	0.228683
1525657266.160556	1525657266.160556	0.082855	0.786621	0.262207
1525657266.170448	1525657266.170448	-0.074524	0.801743	0.298264
1525657266.180523	1525657266.180523	-0.195343	0.871017	0.346542
1525657266.190501	1525657266.190501	-0.269089	0.921387	0.381393
1525657266.200471	1525657266.200471	-0.304489	0.915497	0.434067
1525657266.210563	1525657266.210563	-0.307007	0.869293	0.497681
1525657266.220436	1525657266.220436	-0.289001	0.836655	0.491699
1525657266.230519	1525657266.230519	-0.271469	0.846680	0.399948
1525657266.240256	1525657266.240256	-0.255585	0.890869	0.305328
1525657266.250339	1525657266.250339	-0.234085	0.939270	0.273392
1525657266.260218	1525657266.260218	-0.215134	0.973892	0.299133
1525657266.270508	1525657266.270508	-0.204437	0.989273	0.338654
1525657266.280338	1525657266.280338	-0.202377	0.987701	0.338242
1525657266.290258	1525657266.290258	-0.204468	0.949905	0.331741
1525657266.300131	1525657266.300131	-0.198792	0.895248	0.379700
1525657266.310356	1525657266.310356	-0.175644	0.874893	0.409332
1525657266.320230	1525657266.320230	-0.147797	0.882339	0.409805
1525657266.330052	1525657266.330052	-0.124634	0.900436	0.403244
1525657266.340048	1525657266.340048	-0.115128	0.922928	0.384872
1525657266.350134	1525657266.350134	-0.123596	0.939545	0.359756
1525657266.360223	1525657266.360223	-0.144547	0.941498	0.335938
1525657266.370302	1525657266.370302	-0.182266	0.927689	0.302704
1525657266.380109	1525657266.380109	-0.226395	0.902603	0.304840
1525657266.390050	1525657266.390050	-0.256332	0.889816	0.338776
1525657266.399923	1525657266.399923	-0.269272	0.893005	0.370499
1525657266.410151	1525657266.410151	-0.265305	0.906982	0.384445
1525657266.420558	1525657266.420558	-0.246063	0.918472	0.385361
1525657266.430099	1525657266.430099	-0.219208	0.924622	0.388718
1525657266.440253	1525657266.440253	-0.196060	0.934769	0.370834
1525657266.449921	1525657266.449921	-0.188354	0.937881	0.329315
1525657266.460239	1525657266.460239	-0.194611	0.930603	0.290802
1525657266.470084	1525657266.470084	-0.201782	0.927628	0.288254
1525657266.480122	1525657266.480122	-0.195694	0.930298	0.301392
1525657266.489708	1525657266.489708	-0.181488	0.926910	0.321350
1525657266.500113	1525657266.500113	-0.157562	0.924530	0.343872
1525657266.509928	1525657266.509928	-0.130875	0.921799	0.365524
1525657266.519803	1525657266.519803	-0.107529	0.919937	0.344131
1525657266.529792	1525657266.529792	-0.089630	0.914398	0.310120
1525657266.539723	1525657266.539723	-0.084320	0.910706	0.357788
1525657266.549632	1525657266.549632	-0.076828	0.914917	0.395264
1525657266.560538	1525657266.560538	-0.059311	0.918579	0.371811
1525657266.569789	1525657266.569789	-0.049347	0.913605	0.360229
1525657266.579681	1525657266.579681	-0.063843	0.904755	0.365051
1525657266.589621	1525657266.589621	-0.100937	0.904922	0.353348
1525657266.599595	1525657266.599595	-0.135651	0.927444	0.331314
1525657266.609626	1525657266.609626	-0.170013	0.946259	0.367447
1525657266.619805	1525657266.619805	-0.225967	0.946747	0.420670
1525657266.630031	1525657266.630031	-0.308701	0.944901	0.426498
1525657266.639353	1525657266.639353	-0.384552	0.942963	0.414078
1525657266.649378	1525657266.649378	-0.422119	0.937729	0.432114
1525657266.659413	1525657266.659413	-0.426086	0.940887	0.472717
1525657266.669528	1525657266.669528	-0.411682	0.962250	0.483749
1525657266.679412	1525657266.679412	-0.394791	0.991486	0.481461
1525657266.689448	1525657266.689448	-0.377533	1.021088	0.496002
1525657266.699302	1525657266.699302	-0.363464	1.052246	0.490829
1525657266.709404	1525657266.709404	-0.357925	1.061020	0.481155
1525657266.719281	1525657266.719281	-0.359146	1.077621	0.444443
1525657266.729359	1525657266.729359	-0.344986	1.124161	0.447418
1525657266.739241	1525657266.739241	-0.290726	1.231339	0.458130
1525657266.749284	1525657266.749284	-0.227921	1.292618	0.318268
1525657266.759570	1525657266.759570	-0.203690	1.160919	0.352341
1525657266.769457	1525657266.769457	-0.215698	1.047562	0.363297
1525657266.779130	1525657266.779130	-0.236130	1.044815	0.290298
1525657266.789204	1525657266.789204	-0.242615	1.062576	0.333298
1525657266.799261	1525657266.799261	-0.244308	1.082977	0.333542
1525657266.809374	1525657266.809374	-0.274292	1.055954	0.319199
1525657266.819177	1525657266.819177	-0.337433	0.984924	0.360794
1525657266.829306	1525657266.829306	-0.402390	0.932388	0.349167
1525657266.838944	1525657266.838944	-0.446259	0.909454	0.292725
1525657266.850249	1525657266.850249	-0.457031	0.897552	0.246048
1525657266.859092	1525657266.859092	-0.431213	0.897141	0.220154
1525657266.869251	1525657266.869251	-0.381439	0.915009	0.206146
1525657266.879100	1525657266.879100	-0.314850	0.941895	0.193405
1525657266.888947	1525657266.888947	-0.233475	0.963699	0.181961
1525657266.899111	1525657266.899111	-0.150543	0.971313	0.158691
1525657266.909021	1525657266.909021	-0.077820	0.964813	0.140076
1525657266.918953	1525657266.918953	-0.018295	0.960236	0.134262
1525657266.929038	1525657266.929038	0.009644	0.966415	0.154800
1525657266.938837	1525657266.938837	-0.001144	0.983612	0.195862
1525657266.949116	1525657266.949116	-0.053741	1.008865	0.231842
1525657266.959151	1525657266.959151	-0.152832	1.009857	0.259842
1525657266.969157	1525657266.969157	-0.266373	0.967087	0.285492
1525657266.978894	1525657266.978894	-0.382309	0.877655	0.278122
1525657266.988809	1525657266.988809	-0.513443	0.743179	0.264038
1525657266.998901	1525657266.998901	-0.651993	0.578613	0.286209
1525657267.008934	1525657267.008934	-0.787567	0.420364	0.339233
1525657267.018810	1525657267.018810	-0.916794	0.295410	0.415146
1525657267.028894	1525657267.028894	-1.020844	0.211472	0.518158
1525657267.038828	1525657267.038828	-1.081360	0.206207	0.591873
1525657267.048910	1525657267.048910	-1.113037	0.276047	0.636490
1525657267.058726	1525657267.058726	-1.130325	0.362808	0.666489
1525657267.093569	1525657267.093569	-1.121841	0.415237	0.649048
1525657267.093640	1525657267.093640	-1.080902	0.404648	0.583115
1525657267.093706	1525657267.093706	-1.006821	0.340683	0.487534
1525657267.098561	1525657267.098561	-0.907013	0.265762	0.399002
1525657267.108434	1525657267.108434	-0.792969	0.219696	0.327316
1525657267.118559	1525657267.118559	-0.678452	0.206970	0.262955
1525657267.128763	1525657267.128763	-0.583405	0.213867	0.199844
1525657267.138508	1525657267.138508	-0.510803	0.226700	0.145523
1525657267.149053	1525657267.149053	-0.445236	0.248260	0.102020
1525657267.158508	1525657267.158508	-0.390457	0.282333	0.056641
1525657267.168987	1525657267.168987	-0.363693	0.330048	0.022278
1525657267.178468	1525657267.178468	-0.371475	0.402649	0.016663
1525657267.190262	1525657267.190262	-0.409866	0.511856	0.045776
1525657267.198417	1525657267.198417	-0.478516	0.648605	0.118179
1525657267.208552	1525657267.208552	-0.577805	0.775787	0.218964
1525657267.218372	1525657267.218372	-0.685745	0.833099	0.304001
1525657267.229284	1525657267.229284	-0.775665	0.798874	0.325668
1525657267.238478	1525657267.238478	-0.824539	0.722046	0.290558
1525657267.248137	1525657267.248137	-0.822189	0.661758	0.237335
1525657267.258211	1525657267.258211	-0.775406	0.650146	0.188309
1525657267.268419	1525657267.268419	-0.707413	0.688522	0.169922
1525657267.278287	1525657267.278287	-0.629501	0.751770	0.183563
1525657267.288550	1525657267.288550	-0.550812	0.816971	0.206345
1525657267.298210	1525657267.298210	-0.475693	0.864548	0.214935
1525657267.308248	1525657267.308248	-0.412262	0.897446	0.193848
1525657267.318005	1525657267.318005	-0.377625	0.943512	0.162125
1525657267.328208	1525657267.328208	-0.364105	0.986862	0.159363
1525657267.337939	1525657267.337939	-0.346954	1.022919	0.159637
1525657267.348193	1525657267.348193	-0.322250	1.060318	0.153000
1525657267.357961	1525657267.357961	-0.288132	1.090866	0.141968
1525657267.368273	1525657267.368273	-0.244232	1.103622	0.126389
1525657267.377904	1525657267.377904	-0.196320	1.107132	0.111023
1525657267.387829	1525657267.387829	-0.151184	1.108170	0.098419
1525657267.397858	1525657267.397858	-0.112717	1.101883	0.096054
1525657267.407900	1525657267.407900	-0.075317	1.097198	0.095093
1525657267.417732	1525657267.417732	-0.036850	1.102615	0.079773
1525657267.427859	1525657267.427859	-0.008698	1.107010	0.085861
1525657267.437651	1525657267.437651	0.006866	1.096741	0.117599
1525657267.447777	1525657267.447777	0.019577	1.062042	0.139984
1525657267.457737	1525657267.457737	0.028198	1.031754	0.132294
1525657267.467848	1525657267.467848	0.019150	1.014679	0.124084
1525657267.477690	1525657267.477690	-0.006027	1.004883	0.135239
1525657267.487749	1525657267.487749	-0.043350	0.997162	0.156281
1525657267.497650	1525657267.497650	-0.087341	0.983170	0.183609
1525657267.507691	1525657267.507691	-0.114761	0.964279	0.187363
1525657267.517611	1525657267.517611	-0.129898	0.946396	0.163361
1525657267.527651	1525657267.527651	-0.148056	0.924927	0.151474
1525657267.537586	1525657267.537586	-0.152878	0.901642	0.158554
1525657267.547608	1525657267.547608	-0.136002	0.886307	0.144073
1525657267.557525	1525657267.557525	-0.104904	0.884888	0.114685
1525657267.567644	1525657267.567644	-0.057938	0.899612	0.092972
1525657267.577355	1525657267.577355	-0.015961	0.923462	0.093033
1525657267.587544	1525657267.587544	0.001221	0.926697	0.133957
1525657267.597445	1525657267.597445	-0.009399	0.902466	0.203522
1525657267.607595	1525657267.607595	-0.045929	0.884583	0.292130
1525657267.617890	1525657267.617890	-0.086304	0.928650	0.416977
1525657267.627484	1525657267.627484	-0.070480	1.156250	0.627609
1525657267.637356	1525657267.637356	0.045135	1.548737	0.760208
1525657267.648262	1525657267.648262	0.117416	1.664429	0.024384
1525657267.657252	1525657267.657252	0.114624	1.348175	-0.577515
1525657267.667477	1525657267.667477	0.161835	1.032059	-0.398056
1525657267.677319	1525657267.677319	0.259583	0.916122	0.009644
1525657267.687367	1525657267.687367	0.404083	1.028427	0.363037
1525657267.697241	1525657267.697241	0.483505	1.243546	0.437149
1525657267.710207	1525657267.710207	0.362335	1.330246	0.312988
1525657267.717206	1525657267.717206	0.135681	1.263382	0.091309
1525657267.727282	1525657267.727282	-0.065964	1.121796	-0.126205
1525657267.737219	1525657267.737219	-0.190292	0.947189	-0.196228
1525657267.747239	1525657267.747239	-0.247482	0.782288	-0.088531
1525657267.757115	1525657267.757115	-0.254959	0.688782	0.121628
1525657267.767404	1525657267.767404	-0.237000	0.696915	0.326950
1525657267.777459	1525657267.777459	-0.218552	0.773651	0.464188
1525657267.787157	1525657267.787157	-0.190491	0.865219	0.518539
1525657267.796990	1525657267.796990	-0.148575	0.930954	0.480164
1525657267.807115	1525657267.807115	-0.109711	0.950165	0.382294
1525657267.817606	1525657267.817606	-0.073349	0.945053	0.276825
1525657267.827355	1525657267.827355	-0.025360	0.950012	0.204803
1525657267.837360	1525657267.837360	0.036209	0.984955	0.160172
1525657267.847047	1525657267.847047	0.109436	1.033035	0.125900
1525657267.857266	1525657267.857266	0.194595	1.080826	0.093063
1525657267.866945	1525657267.866945	0.278244	1.105545	0.068604
1525657267.877134	1525657267.877134	0.338333	1.084549	0.078476
1525657267.886950	1525657267.886950	0.360260	1.044083	0.118103
1525657267.897037	1525657267.897037	0.329834	1.005432	0.187744
1525657267.906908	1525657267.906908	0.258362	0.956909	0.302979
1525657267.916799	1525657267.916799	0.172852	0.903198	0.438416
1525657267.926871	1525657267.926871	0.074738	0.864517	0.561630
1525657267.936741	1525657267.936741	-0.040909	0.856644	0.607391
1525657267.946820	1525657267.946820	-0.170364	0.873489	0.556351
1525657267.956693	1525657267.956693	-0.288879	0.905396	0.439514
1525657267.966855	1525657267.966855	-0.372894	0.939651	0.279892
1525657267.976655	1525657267.976655	-0.404175	0.940399	0.170822
1525657267.986735	1525657267.986735	-0.375336	0.918640	0.155090
1525657267.996609	1525657267.996609	-0.299332	0.907623	0.196472
1525657268.006694	1525657268.006694	-0.206848	0.929260	0.255569
1525657268.016567	1525657268.016567	-0.125549	0.966293	0.290268
1525657268.026565	1525657268.026565	-0.073471	0.985245	0.307816
1525657268.036524	1525657268.036524	-0.060608	0.975220	0.321136
1525657268.046646	1525657268.046646	-0.084702	0.951569	0.318863
1525657268.056560	1525657268.056560	-0.128967	0.936691	0.298233
1525657268.066640	1525657268.066640	-0.171967	0.936935	0.279739
1525657268.076441	1525657268.076441	-0.198166	0.950775	0.252731
1525657268.086526	1525657268.086526	-0.200684	0.967224	0.224365
1525657268.096398	1525657268.096398	-0.171631	0.972488	0.236130
1525657268.106484	1525657268.106484	-0.125549	0.972580	0.256958
1525657268.116359	1525657268.116359	-0.072403	0.967682	0.263580
1525657268.126439	1525657268.126439	-0.027832	0.960495	0.306091
1525657268.136316	1525657268.136316	-0.002060	0.966583	0.340134
1525657268.146405	1525657268.146405	0.011520	1.002655	0.297989
1525657268.156270	1525657268.156270	0.020096	1.039108	0.229233
1525657268.166429	1525657268.166429	0.025360	1.030533	0.205505
1525657268.176233	1525657268.176233	0.012985	0.988251	0.232864
1525657268.186190	1525657268.186190	-0.009811	0.938873	0.277924
1525657268.196192	1525657268.196192	-0.029312	0.917480	0.299911
1525657268.206144	1525657268.206144	-0.040329	0.922012	0.319351
1525657268.216181	1525657268.216181	-0.052841	0.931366	0.339737
1525657268.226185	1525657268.226185	-0.071045	0.940292	0.344986
1525657268.236061	1525657268.236061	-0.091110	0.945831	0.324936
1525657268.246327	1525657268.246327	-0.119064	0.937454	0.291229
1525657268.256098	1525657268.256098	-0.141083	0.920212	0.280396
1525657268.266222	1525657268.266222	-0.157104	0.910904	0.297943
1525657268.276056	1525657268.276056	-0.184265	0.908524	0.325912
1525657268.286388	1525657268.286388	-0.223373	0.908157	0.333588
1525657268.299883	1525657268.299883	-0.258209	0.913437	0.320999
1525657268.306102	1525657268.306102	-0.281448	0.917801	0.309555
1525657268.316010	1525657268.316010	-0.295181	0.919357	0.294678
1525657268.326057	1525657268.326057	-0.299591	0.914642	0.298935
1525657268.335930	1525657268.335930	-0.296463	0.910690	0.315491
1525657268.345855	1525657268.345855	-0.298035	0.912155	0.334732
1525657268.355854	1525657268.355854	-0.307602	0.919525	0.350525
1525657268.366066	1525657268.366066	-0.325195	0.919479	0.323608
1525657268.375893	1525657268.375893	-0.347794	0.899307	0.300491
1525657268.386778	1525657268.386778	-0.353714	0.893692	0.299408
1525657268.395771	1525657268.395771	-0.338760	0.901596	0.291748
1525657268.405863	1525657268.405863	-0.310959	0.911209	0.301651
1525657268.415709	1525657268.415709	-0.279572	0.924042	0.332596
1525657268.425769	1525657268.425769	-0.252335	0.933136	0.345398
1525657268.435640	1525657268.435640	-0.235519	0.930618	0.339462
1525657268.445714	1525657268.445714	-0.224457	0.923096	0.321884
1525657268.455564	1525657268.455564	-0.210297	0.924988	0.302856
1525657268.465602	1525657268.465602	-0.191071	0.942184	0.297363
1525657268.475361	1525657268.475361	-0.176102	0.960175	0.295227
1525657268.485452	1525657268.485452	-0.183273	0.950928	0.303909
1525657268.495596	1525657268.495596	-0.200729	0.935349	0.319366
1525657268.505547	1525657268.505547	-0.217316	0.931183	0.322922
1525657268.515596	1525657268.515596	-0.239517	0.921021	0.309158
1525657268.525717	1525657268.525717	-0.253525	0.908386	0.274887
1525657268.535578	1525657268.535578	-0.254990	0.915512	0.258286
1525657268.545667	1525657268.545667	-0.266281	0.923767	0.239594
1525657268.555495	1525657268.555495	-0.310913	0.912369	0.244965
1525657268.565602	1525657268.565602	-0.360535	0.908493	0.258865
1525657268.575440	1525657268.575440	-0.383377	0.925995	0.242264
1525657268.585475	1525657268.585475	-0.371094	0.937454	0.231705
1525657268.595407	1525657268.595407	-0.331131	0.945267	0.230408
1525657268.605374	1525657268.605374	-0.280075	0.960022	0.232101
1525657268.615324	1525657268.615324	-0.240112	0.966583	0.258820
1525657268.625394	1525657268.625394	-0.223480	0.956436	0.290131
1525657268.635153	1525657268.635153	-0.224396	0.939240	0.288376
1525657268.645445	1525657268.645445	-0.234024	0.918274	0.257339
1525657268.655939	1525657268.655939	-0.247559	0.906326	0.223709
1525657268.665498	1525657268.665498	-0.264267	0.909729	0.202454
1525657268.675262	1525657268.675262	-0.287567	0.922974	0.195328
1525657268.685320	1525657268.685320	-0.305328	0.936310	0.196671
1525657268.695155	1525657268.695155	-0.304382	0.943420	0.196365
1525657268.705328	1525657268.705328	-0.281448	0.949783	0.192017
1525657268.715112	1525657268.715112	-0.252518	0.954834	0.210068
1525657268.725195	1525657268.725195	-0.234039	0.952957	0.246216
1525657268.735070	1525657268.735070	-0.218765	0.945038	0.258743
1525657268.745389	1525657268.745389	-0.211456	0.934128	0.245087
1525657268.755213	1525657268.755213	-0.211533	0.930939	0.218307
1525657268.765859	1525657268.765859	-0.217133	0.935638	0.188309
1525657268.774983	1525657268.774983	-0.237411	0.937836	0.176834
1525657268.785077	1525657268.785077	-0.261536	0.943695	0.169495
1525657268.794814	1525657268.794814	-0.281281	0.965057	0.149124
1525657268.806322	1525657268.806322	-0.308365	0.975174	0.117371
1525657268.814909	1525657268.814909	-0.325745	0.958725	0.133255
1525657268.825100	1525657268.825100	-0.322235	0.936142	0.180832
1525657268.834768	1525657268.834768	-0.316910	0.920700	0.226624
1525657268.844963	1525657268.844963	-0.312683	0.923004	0.259506
1525657268.855016	1525657268.855016	-0.298615	0.940887	0.239761
1525657268.865009	1525657268.865009	-0.261826	0.959686	0.211533
1525657268.874797	1525657268.874797	-0.229080	0.958603	0.227646
1525657268.884887	1525657268.884887	-0.226822	0.938370	0.249893
1525657268.894760	1525657268.894760	-0.239868	0.931137	0.212982
1525657268.904953	1525657268.904953	-0.243607	0.947845	0.162842
1525657268.914717	1525657268.914717	-0.227844	0.971741	0.139572
1525657268.924805	1525657268.924805	-0.224106	0.976685	0.184570
1525657268.934711	1525657268.934711	-0.244308	0.955978	0.231445
1525657268.944763	1525657268.944763	-0.265030	0.928299	0.224747
1525657268.954505	1525657268.954505	-0.286087	0.911331	0.200104
1525657268.964790	1525657268.964790	-0.301941	0.911224	0.165543
1525657268.974595	1525657268.974595	-0.308731	0.929779	0.144424
1525657268.984757	1525657268.984757	-0.308243	0.951263	0.143600
1525657268.994554	1525657268.994554	-0.292404	0.958832	0.158905
1525657269.004943	1525657269.004943	-0.262131	0.948181	0.175568
1525657269.014512	1525657269.014512	-0.226303	0.934235	0.176666
1525657269.024595	1525657269.024595	-0.192032	0.937134	0.171234
1525657269.034468	1525657269.034468	-0.173431	0.947601	0.164017
1525657269.044551	1525657269.044551	-0.163208	0.953293	0.151230
1525657269.054440	1525657269.054440	-0.150543	0.962402	0.144379
1525657269.064615	1525657269.064615	-0.145248	0.980484	0.138947
1525657269.074384	1525657269.074384	-0.159256	0.978394	0.160736
1525657269.084470	1525657269.084470	-0.179413	0.960205	0.194504
1525657269.094345	1525657269.094345	-0.190308	0.956482	0.193405
1525657269.104443	1525657269.104443	-0.193237	0.963898	0.180832
1525657269.114174	1525657269.114174	-0.196960	0.958832	0.176910
1525657269.124403	1525657269.124403	-0.195114	0.953278	0.162720
1525657269.134265	1525657269.134265	-0.186172	0.964325	0.136139
1525657269.144428	1525657269.144428	-0.177292	0.977753	0.125061
1525657269.154224	1525657269.154224	-0.182968	0.977020	0.135223
1525657269.164382	1525657269.164382	-0.208176	0.965988	0.150101
1525657269.174184	1525657269.174184	-0.244354	0.954895	0.156464
1525657269.184267	1525657269.184267	-0.278915	0.953033	0.152115
1525657269.194175	1525657269.194175	-0.302124	0.950073	0.135513
1525657269.204582	1525657269.204582	-0.302399	0.953903	0.139786
1525657269.214100	1525657269.214100	-0.281158	0.967529	0.159454
1525657269.224187	1525657269.224187	-0.241562	0.970322	0.167191
1525657269.234585	1525657269.234585	-0.178528	0.958755	0.165665
1525657269.244144	1525657269.244144	-0.179214	0.968536	0.178650
1525657269.254435	1525657269.254435	-0.198410	0.969269	0.173920
1525657269.264174	1525657269.264174	-0.210205	0.970154	0.150497
1525657269.274309	1525657269.274309	-0.232224	0.970688	0.124390
1525657269.284059	1525657269.284059	-0.242844	0.964798	0.097916
1525657269.294249	1525657269.294249	-0.231918	0.961273	0.071457
1525657269.304095	1525657269.304095	-0.211273	0.963486	0.059631
1525657269.314079	1525657269.314079	-0.195587	0.968094	0.067322
1525657269.323980	1525657269.323980	-0.180634	0.974197	0.086075
1525657269.333892	1525657269.333892	-0.164948	0.980606	0.103622
1525657269.343962	1525657269.343962	-0.149979	0.982056	0.114014
1525657269.353808	1525657269.353808	-0.137177	0.983780	0.113251
1525657269.364105	1525657269.364105	-0.130569	0.987671	0.107681
1525657269.373770	1525657269.373770	-0.129715	0.988846	0.103897
1525657269.383851	1525657269.383851	-0.130890	0.985489	0.108841
1525657269.393728	1525657269.393728	-0.129242	0.983078	0.102600
1525657269.403810	1525657269.403810	-0.132874	0.982162	0.095154
1525657269.413672	1525657269.413672	-0.149200	0.981491	0.083588
1525657269.423760	1525657269.423760	-0.164749	0.974457	0.098511
1525657269.433511	1525657269.433511	-0.179062	0.970764	0.122711
1525657269.443720	1525657269.443720	-0.199341	0.969788	0.117584
1525657269.453594	1525657269.453594	-0.214554	0.970795	0.110565
1525657269.463837	1525657269.463837	-0.215958	0.972092	0.107529
1525657269.473554	1525657269.473554	-0.208496	0.968246	0.111374
1525657269.483636	1525657269.483636	-0.205978	0.966949	0.119064
1525657269.493512	1525657269.493512	-0.215652	0.971878	0.121719
1525657269.503593	1525657269.503593	-0.220184	0.976273	0.121033
1525657269.513468	1525657269.513468	-0.216049	0.972214	0.109711
1525657269.523552	1525657269.523552	-0.207153	0.967453	0.082108
1525657269.533424	1525657269.533424	-0.190170	0.965668	0.062820
1525657269.543510	1525657269.543510	-0.168945	0.967407	0.072220
1525657269.553386	1525657269.553386	-0.146240	0.973038	0.095276
1525657269.563543	1525657269.563543	-0.122162	0.981812	0.112473
1525657269.573381	1525657269.573381	-0.115067	0.988892	0.110062
1525657269.583428	1525657269.583428	-0.128616	0.992630	0.101196
1525657269.593381	1525657269.593381	-0.149628	0.995224	0.097000
1525657269.603386	1525657269.603386	-0.166824	0.991852	0.086426
1525657269.614457	1525657269.614457	-0.188324	0.986435	0.058517
1525657269.623408	1525657269.623408	-0.204758	0.982147	0.049347
1525657269.633218	1525657269.633218	-0.209274	0.975037	0.067337
1525657269.643298	1525657269.643298	-0.206345	0.965485	0.087799
1525657269.653176	1525657269.653176	-0.194809	0.961304	0.112274
1525657269.663741	1525657269.663741	-0.179123	0.964996	0.122269
1525657269.673134	1525657269.673134	-0.161469	0.979858	0.114090
1525657269.683209	1525657269.683209	-0.143967	0.982681	0.118332
1525657269.693092	1525657269.693092	-0.135605	0.978882	0.120270
1525657269.703181	1525657269.703181	-0.136948	0.979599	0.125198
1525657269.713189	1525657269.713189	-0.148483	0.972931	0.138290
1525657269.723010	1525657269.723010	-0.164780	0.980728	0.125488
1525657269.733120	1525657269.733120	-0.173218	0.990265	0.116318
1525657269.743093	1525657269.743093	-0.185898	0.989166	0.116364
1525657269.753047	1525657269.753047	-0.197998	0.979355	0.115219
1525657269.763260	1525657269.763260	-0.201157	0.970398	0.117462
1525657269.807031	1525657269.807031	-0.193909	0.977356	0.135422
1525657269.807176	1525657269.807176	-0.179764	0.983856	0.134521
1525657269.807432	1525657269.807432	-0.174789	0.976761	0.119217
1525657269.807560	1525657269.807560	-0.178375	0.963486	0.103760
1525657269.812847	1525657269.812847	-0.189484	0.955093	0.101334
1525657269.823000	1525657269.823000	-0.193726	0.953720	0.112305
1525657269.832892	1525657269.832892	-0.186798	0.964264	0.115189
1525657269.842967	1525657269.842967	-0.179016	0.980988	0.124390
1525657269.852953	1525657269.852953	-0.176498	0.993820	0.130402
1525657269.862919	1525657269.862919	-0.176163	0.991226	0.129120
1525657269.872753	1525657269.872753	-0.171738	0.983170	0.126373
1525657269.882699	1525657269.882699	-0.165924	0.979233	0.117401
1525657269.892707	1525657269.892707	-0.161285	0.978226	0.117371
1525657269.902794	1525657269.902794	-0.157196	0.980804	0.119247
1525657269.912740	1525657269.912740	-0.165146	0.981445	0.109344
1525657269.923732	1525657269.923732	-0.177811	0.979416	0.102448
1525657269.932903	1525657269.932903	-0.186340	0.978729	0.099487
1525657269.942811	1525657269.942811	-0.192184	0.977615	0.105865
1525657269.952622	1525657269.952622	-0.195786	0.976044	0.113159
1525657269.962941	1525657269.962941	-0.203873	0.971680	0.107574
1525657269.974834	1525657269.974834	-0.214615	0.969284	0.102539
1525657269.982800	1525657269.982800	-0.218613	0.975632	0.098358
1525657269.992540	1525657269.992540	-0.217545	0.982742	0.097076
1525657270.002575	1525657270.002575	-0.211945	0.990555	0.101654
1525657270.013665	1525657270.013665	-0.206375	0.990402	0.109146
1525657270.022436	1525657270.022436	-0.193192	0.983826	0.114212
1525657270.032540	1525657270.032540	-0.180450	0.977310	0.109940
1525657270.042399	1525657270.042399	-0.175598	0.972839	0.088379
1525657270.052385	1525657270.052385	-0.168198	0.968475	0.070435
1525657270.065033	1525657270.065033	-0.158035	0.969452	0.063660
1525657270.072418	1525657270.072418	-0.152863	0.978302	0.072220
1525657270.082490	1525657270.082490	-0.148865	0.984909	0.094162
1525657270.092358	1525657270.092358	-0.155243	0.989563	0.107285
1525657270.103716	1525657270.103716	-0.162842	0.992462	0.096054
1525657270.112260	1525657270.112260	-0.175018	0.987915	0.084717
1525657270.122251	1525657270.122251	-0.188660	0.971924	0.072006
1525657270.132280	1525657270.132280	-0.192444	0.952576	0.060944
1525657270.146229	1525657270.146229	-0.182129	0.945877	0.060150
1525657270.152369	1525657270.152369	-0.173248	0.955124	0.063599
1525657270.162334	1525657270.162334	-0.173737	0.965347	0.076065
1525657270.172152	1525657270.172152	-0.176346	0.977722	0.095764
1525657270.182207	1525657270.182207	-0.177933	0.990128	0.097168
1525657270.193920	1525657270.193920	-0.187180	0.991852	0.098480
1525657270.202113	1525657270.202113	-0.194305	0.993256	0.101395
1525657270.212079	1525657270.212079	-0.191925	0.994644	0.094955
1525657270.222131	1525657270.222131	-0.185272	0.988342	0.081177
1525657270.232817	1525657270.232817	-0.184799	0.975800	0.072952
1525657270.242222	1525657270.242222	-0.191269	0.967209	0.068466
1525657270.251987	1525657270.251987	-0.197906	0.964432	0.064865
1525657270.262133	1525657270.262133	-0.201309	0.967667	0.068024
1525657270.272171	1525657270.272171	-0.196701	0.970169	0.070221
1525657270.284340	1525657270.284340	-0.182983	0.973541	0.071564
1525657270.291897	1525657270.291897	-0.170944	0.976883	0.078598
