1525657255.497002	1525657255.497002	0.008162	-0.003219	0.029902
1525657255.508063	1525657255.508063	0.001664	0.005340	0.039401
1525657255.516154	1525657255.516154	-0.003761	0.021355	0.049978
1525657255.526168	1525657255.526168	-0.015509	0.021405	0.050899
1525657255.536204	1525657255.536204	-0.029323	0.027857	0.047537
1525657255.546697	1525657255.546697	-0.037763	0.050273	0.044240
1525657255.556165	1525657255.556165	-0.037603	0.061992	0.033598
1525657255.566052	1525657255.566052	-0.034313	0.076897	0.029380
1525657255.576068	1525657255.576068	-0.027951	0.082201	0.033715
1525657255.586093	1525657255.586093	-0.023783	0.068330	0.039088
1525657255.595893	1525657255.595893	-0.013141	0.057627	0.039219
1525657255.606042	1525657255.606042	-0.006798	0.055470	0.043554
1525657255.616118	1525657255.616118	-0.006863	0.044814	0.046746
1525657255.625942	1525657255.625942	-0.018649	0.035273	0.048731
1525657255.638084	1525657255.638084	-0.027171	0.035308	0.047563
1525657255.645892	1525657255.645892	-0.019606	0.037405	0.040205
1525657255.656078	1525657255.656078	-0.016387	0.039522	0.039180
1525657255.665804	1525657255.665804	-0.011084	0.037369	0.041373
1525657255.675640	1525657255.675640	-0.010004	0.037364	0.040322
1525657255.687664	1525657255.687664	-0.014303	0.045910	0.044527
1525657255.695605	1525657255.695605	-0.027228	0.049168	0.055012
1525657255.705599	1525657255.705599	-0.036735	0.055600	0.048509
1525657255.715630	1525657255.715630	-0.047255	0.063100	0.037737
1525657255.726152	1525657255.726152	-0.041789	0.084391	0.031417
1525657255.735828	1525657255.735828	-0.033102	0.087546	0.019815
1525657255.745569	1525657255.745569	-0.026717	0.086453	0.020958
1525657255.755539	1525657255.755539	-0.025585	0.081117	0.014586
1525657255.765544	1525657255.765544	-0.030787	0.071541	0.001750
1525657255.775486	1525657255.775486	-0.040402	0.055593	-0.000496
1525657255.785926	1525657255.785926	-0.057624	0.036486	0.007809
1525657255.795599	1525657255.795599	-0.068393	0.017349	0.011935
1525657255.805608	1525657255.805608	-0.071665	-0.000755	0.014024
1525657255.815950	1525657255.815950	-0.077122	-0.002859	0.023537
1525657255.825837	1525657255.825837	-0.082385	0.020610	0.022408
1525657255.836082	1525657255.836082	-0.085448	0.054727	0.018112
1525657255.845806	1525657255.845806	-0.081167	0.070697	0.020292
1525657255.857090	1525657255.857090	-0.075845	0.081334	0.023550
1525657255.865725	1525657255.865725	-0.066112	0.091947	0.015154
1525657255.875673	1525657255.875673	-0.055356	0.111085	0.012092
1525657255.885831	1525657255.885831	-0.047935	0.129175	0.019633
1525657255.895795	1525657255.895795	-0.038329	0.146189	0.022943
1525657255.905703	1525657255.905703	-0.034078	0.145106	0.024059
1525657255.915672	1525657255.915672	-0.039455	0.122746	0.022930
1525657255.925620	1525657255.925620	-0.054279	0.115343	0.012105
1525657255.937926	1525657255.937926	-0.061443	0.143076	-0.007142
1525657255.949012	1525657255.949012	-0.057918	0.204872	-0.020938
1525657255.955596	1525657255.955596	-0.053300	0.277321	-0.034720
1525657255.965630	1525657255.965630	-0.046635	0.325249	-0.046348
1525657255.975664	1525657255.975664	-0.047807	0.325258	-0.037847
1525657255.988296	1525657255.988296	-0.055609	0.275205	-0.020911
1525657256.000593	1525657256.000593	-0.054945	0.202736	-0.002807
1525657256.005442	1525657256.005442	-0.054233	0.154780	0.016362
1525657256.015406	1525657256.015406	-0.053327	0.121739	0.022760
1525657256.026619	1525657256.026619	-0.079876	0.118649	0.011792
1525657256.040215	1525657256.040215	-0.130692	0.140169	-0.016504
1525657256.045362	1525657256.045362	-0.175028	0.204294	-0.042593
1525657256.055340	1525657256.055340	-0.193847	0.274710	-0.059855
1525657256.065563	1525657256.065563	-0.181751	0.319413	-0.079931
1525657256.077724	1525657256.077724	-0.155681	0.349131	-0.111544
1525657256.091495	1525657256.091495	-0.120101	0.352164	-0.140911
1525657256.095246	1525657256.095246	-0.039885	0.312378	-0.164409
1525657256.105277	1525657256.105277	0.069381	0.204280	-0.134331
1525657256.115264	1525657256.115264	-0.007846	0.138537	-0.115051
1525657256.125314	1525657256.125314	-0.175142	0.157360	-0.129870
1525657256.135157	1525657256.135157	-0.290527	0.154658	-0.118509
1525657256.145129	1525657256.145129	-0.323864	0.148413	-0.098694
1525657256.154990	1525657256.154990	-0.299617	0.131267	-0.078174
1525657256.165189	1525657256.165189	-0.275313	0.105590	-0.064039
1525657256.175068	1525657256.175068	-0.258808	0.083157	-0.022327
1525657256.185135	1525657256.185135	-0.253238	0.053318	0.039475
1525657256.195032	1525657256.195032	-0.249425	0.049055	0.075710
1525657256.205011	1525657256.205011	-0.219124	0.105404	0.052663
1525657256.214927	1525657256.214927	-0.213783	0.133056	-0.029228
1525657256.224969	1525657256.224969	-0.221973	0.175675	-0.135765
1525657256.234952	1525657256.234952	-0.244868	0.160828	-0.186070
1525657256.244921	1525657256.244921	-0.248468	0.116090	-0.162697
1525657256.254901	1525657256.254901	-0.247090	0.022312	-0.120102
1525657256.264824	1525657256.264824	-0.263455	-0.070339	-0.109656
1525657256.275565	1525657256.275565	-0.289967	-0.116066	-0.132331
1525657256.285624	1525657256.285624	-0.322592	-0.140460	-0.174239
1525657256.294825	1525657256.294825	-0.353183	-0.168056	-0.208672
1525657256.305322	1525657256.305322	-0.385125	-0.194571	-0.219705
1525657256.314750	1525657256.314750	-0.405508	-0.203007	-0.212504
1525657256.325174	1525657256.325174	-0.424804	-0.218911	-0.208482
1525657256.334738	1525657256.334738	-0.422580	-0.245571	-0.221226
1525657256.345104	1525657256.345104	-0.387081	-0.248930	-0.245272
1525657256.354580	1525657256.354580	-0.343072	-0.267247	-0.270278
1525657256.365343	1525657256.365343	-0.311095	-0.263118	-0.266694
1525657256.374654	1525657256.374654	-0.284736	-0.205660	-0.229121
1525657256.384678	1525657256.384678	-0.265740	-0.132185	-0.196960
1525657256.394616	1525657256.394616	-0.224151	-0.076934	-0.183680
1525657256.404501	1525657256.404501	-0.183483	-0.041936	-0.186377
1525657256.414767	1525657256.414767	-0.157988	-0.038843	-0.176486
1525657256.424547	1525657256.424547	-0.159360	-0.087857	-0.161600
1525657256.434535	1525657256.434535	-0.177826	-0.157051	-0.149052
1525657256.444511	1525657256.444511	-0.188691	-0.225216	-0.147054
1525657256.454494	1525657256.454494	-0.195036	-0.285947	-0.164159
1525657256.464659	1525657256.464659	-0.196912	-0.313662	-0.190790
1525657256.474325	1525657256.474325	-0.192378	-0.295571	-0.208830
1525657256.484427	1525657256.484427	-0.179528	-0.245530	-0.202288
1525657256.494406	1525657256.494406	-0.171227	-0.172009	-0.168129
1525657256.504446	1525657256.504446	-0.187773	-0.106898	-0.110858
1525657256.514620	1525657256.514620	-0.225613	-0.035304	-0.055976
1525657256.524341	1525657256.524341	-0.249369	0.059673	-0.013696
1525657256.534322	1525657256.534322	-0.253736	0.155627	0.013921
1525657256.544547	1525657256.544547	-0.243083	0.206745	0.025758
1525657256.555547	1525657256.555547	-0.241951	0.201409	0.019386
1525657256.564738	1525657256.564738	-0.243899	0.166235	-0.002988
1525657256.574324	1525657256.574324	-0.231889	0.119274	-0.034771
1525657256.584218	1525657256.584218	-0.217774	0.065910	-0.065463
1525657256.594259	1525657256.594259	-0.202659	-0.008774	-0.095078
1525657256.604119	1525657256.604119	-0.185557	-0.089856	-0.114025
1525657256.614355	1525657256.614355	-0.179342	-0.153830	-0.111818
1525657256.624322	1525657256.624322	-0.177398	-0.203929	-0.106471
1525657256.634314	1525657256.634314	-0.167814	-0.242342	-0.112739
1525657256.644048	1525657256.644048	-0.149550	-0.238160	-0.122094
1525657256.654070	1525657256.654070	-0.133563	-0.244623	-0.121899
1525657256.664368	1525657256.664368	-0.128421	-0.243572	-0.105871
1525657256.674026	1525657256.674026	-0.143479	-0.229647	-0.093283
1525657256.683946	1525657256.683946	-0.171093	-0.179437	-0.093622
1525657256.693981	1525657256.693981	-0.198648	-0.111108	-0.095026
1525657256.703968	1525657256.703968	-0.218680	-0.052407	-0.102723
1525657256.713947	1525657256.713947	-0.221696	-0.004435	-0.108083
1525657256.723926	1525657256.723926	-0.215389	0.036046	-0.092042
1525657256.733906	1525657256.733906	-0.208227	0.080794	-0.057896
1525657256.743885	1525657256.743885	-0.210683	0.103201	-0.027060
1525657256.753864	1525657256.753864	-0.203380	0.141548	-0.005685
1525657256.763840	1525657256.763840	-0.207467	0.151152	-0.018508
1525657256.773819	1525657256.773819	-0.221741	0.139464	-0.075093
1525657256.783802	1525657256.783802	-0.219936	0.121309	-0.138932
1525657256.793658	1525657256.793658	-0.216313	0.112751	-0.175075
1525657256.803761	1525657256.803761	-0.228117	0.095749	-0.173091
1525657256.813743	1525657256.813743	-0.234875	0.068077	-0.149756
1525657256.823756	1525657256.823756	-0.229929	0.069136	-0.117765
1525657256.833697	1525657256.833697	-0.225846	0.094707	-0.097493
1525657256.843687	1525657256.843687	-0.227887	0.126690	-0.098584
1525657256.853655	1525657256.853655	-0.230820	0.139483	-0.117778
1525657256.863637	1525657256.863637	-0.216657	0.131951	-0.143149
1525657256.873616	1525657256.873616	-0.189791	0.094523	-0.166236
1525657256.883546	1525657256.883546	-0.165381	0.048590	-0.164871
1525657256.893630	1525657256.893630	-0.165753	0.019826	-0.140395
1525657256.903650	1525657256.903650	-0.182164	0.002856	-0.110793
1525657256.913460	1525657256.913460	-0.186575	0.002880	-0.099139
1525657256.923537	1525657256.923537	-0.183267	0.009257	-0.106549
1525657256.933464	1525657256.933464	-0.180971	0.011374	-0.119293
1525657256.943221	1525657256.943221	-0.183126	0.013515	-0.117191
1525657256.953396	1525657256.953396	-0.190627	0.031669	-0.110897
1525657256.963455	1525657256.963455	-0.191688	0.049793	-0.107718
1525657256.973440	1525657256.973440	-0.179977	0.065733	-0.102253
1525657256.983421	1525657256.983421	-0.178918	0.078520	-0.099047
1525657256.993424	1525657256.993424	-0.192818	0.076448	-0.097089
1525657257.003375	1525657257.003375	-0.199127	0.056219	-0.108873
1525657257.013870	1525657257.013870	-0.191337	0.017802	-0.142836
1525657257.023311	1525657257.023311	-0.186476	-0.021679	-0.199187
1525657257.033405	1525657257.033405	-0.191116	-0.062189	-0.264168
1525657257.043300	1525657257.043300	-0.173774	-0.099579	-0.293757
1525657257.053432	1525657257.053432	-0.168741	-0.120908	-0.273472
1525657257.063255	1525657257.063255	-0.198050	-0.129292	-0.234449
1525657257.073170	1525657257.073170	-0.237595	-0.131254	-0.229611
1525657257.083096	1525657257.083096	-0.241424	-0.144044	-0.267974
1525657257.093093	1525657257.093093	-0.210943	-0.171909	-0.322947
1525657257.103084	1525657257.103084	-0.211543	-0.225219	-0.371913
1525657257.113194	1525657257.113194	-0.249789	-0.296479	-0.400052
1525657257.123145	1525657257.123145	-0.263741	-0.340118	-0.402350
1525657257.133108	1525657257.133108	-0.255277	-0.347613	-0.397989
1525657257.143084	1525657257.143084	-0.296745	-0.322926	-0.404883
1525657257.153077	1525657257.153077	-0.293411	-0.258991	-0.402716
1525657257.163046	1525657257.163046	-0.272078	-0.198325	-0.389684
1525657257.173026	1525657257.173026	-0.290419	-0.143878	-0.362237
1525657257.183006	1525657257.183006	-0.351834	-0.113750	-0.307642
1525657257.192984	1525657257.192984	-0.382771	-0.127437	-0.223936
1525657257.202978	1525657257.202978	-0.325196	-0.192661	-0.146596
1525657257.212827	1525657257.212827	-0.302200	-0.288673	-0.127153
1525657257.222860	1525657257.222860	-0.307176	-0.333433	-0.165530
1525657257.232782	1525657257.232782	-0.292460	-0.354844	-0.238790
1525657257.242722	1525657257.242722	-0.246735	-0.406235	-0.323378
1525657257.252739	1525657257.252739	-0.216324	-0.477800	-0.381543
1525657257.262581	1525657257.262581	-0.220578	-0.530012	-0.393301
1525657257.272916	1525657257.272916	-0.214501	-0.534289	-0.367682
1525657257.282824	1525657257.282824	-0.189305	-0.525854	-0.332251
1525657257.292734	1525657257.292734	-0.166257	-0.522739	-0.296845
1525657257.302813	1525657257.302813	-0.166604	-0.520593	-0.268112
1525657257.312777	1525657257.312777	-0.177500	-0.533329	-0.252279
1525657257.322735	1525657257.322735	-0.178625	-0.540783	-0.249100
1525657257.332621	1525657257.332621	-0.170832	-0.504588	-0.268164
1525657257.342721	1525657257.342721	-0.160617	-0.416183	-0.299972
1525657257.352677	1525657257.352677	-0.154771	-0.310702	-0.320127
1525657257.362653	1525657257.362653	-0.173997	-0.236006	-0.303335
1525657257.372632	1525657257.372632	-0.201430	-0.222005	-0.238745
1525657257.382612	1525657257.382612	-0.176881	-0.231664	-0.154360
1525657257.392592	1525657257.392592	-0.133492	-0.195594	-0.117642
1525657257.402452	1525657257.402452	-0.109146	-0.116853	-0.172693
1525657257.412550	1525657257.412550	-0.097850	-0.065799	-0.300280
1525657257.422525	1525657257.422525	-0.093156	-0.006183	-0.409853
1525657257.432492	1525657257.432492	-0.126660	0.122911	-0.435811
1525657257.442523	1525657257.442523	-0.153585	0.282920	-0.382928
1525657257.452491	1525657257.452491	-0.194956	0.425957	-0.286581
1525657257.462372	1525657257.462372	-0.229290	0.527410	-0.163539
1525657257.472322	1525657257.472322	-0.234908	0.561593	-0.046529
1525657257.482311	1525657257.482311	-0.210138	0.572177	0.024021
1525657257.492061	1525657257.492061	-0.175019	0.542186	0.025516
1525657257.502096	1525657257.502096	-0.165826	0.497355	-0.037167
1525657257.512051	1525657257.512051	-0.163803	0.451477	-0.124419
1525657257.522322	1525657257.522322	-0.164179	0.346995	-0.202118
1525657257.532303	1525657257.532303	-0.174636	0.232979	-0.242688
1525657257.542275	1525657257.542275	-0.201438	0.133969	-0.252592
1525657257.552263	1525657257.552263	-0.220656	0.060503	-0.266662
1525657257.562122	1525657257.562122	-0.219069	0.064741	-0.308152
1525657257.572219	1525657257.572219	-0.197741	0.143489	-0.378142
1525657257.582196	1525657257.582196	-0.185038	0.222277	-0.440786
1525657257.592230	1525657257.592230	-0.191877	0.327807	-0.470675
1525657257.602158	1525657257.602158	-0.166979	0.430016	-0.478888
1525657257.612128	1525657257.612128	-0.161946	0.548282	-0.517147
1525657257.622113	1525657257.622113	-0.191762	0.674144	-0.583506
1525657257.632095	1525657257.632095	-0.196535	0.778603	-0.608048
1525657257.642070	1525657257.642070	-0.184798	0.780724	-0.520627
1525657257.652001	1525657257.652001	-0.211770	0.746818	-0.329371
1525657257.662086	1525657257.662086	-0.252532	0.718298	-0.143606
1525657257.672027	1525657257.672027	-0.242950	0.695913	-0.059404
1525657257.681991	1525657257.681991	-0.217860	0.681929	-0.106993
1525657257.691965	1525657257.691965	-0.182934	0.676384	-0.258769
1525657257.702248	1525657257.702248	-0.193725	0.614533	-0.435582
1525657257.711944	1525657257.711944	-0.221662	0.492041	-0.531713
1525657257.721903	1525657257.721903	-0.259405	0.315276	-0.535362
1525657257.731846	1525657257.731846	-0.376304	0.160172	-0.518693
1525657257.742161	1525657257.742161	-0.477942	0.129702	-0.502905
1525657257.751768	1525657257.751768	-0.165978	0.534472	-0.452270
1525657257.762222	1525657257.762222	-0.097371	0.642853	-0.542969
1525657257.771956	1525657257.771956	-0.245364	0.553895	-0.674628
1525657257.788067	1525657257.788067	-0.297487	0.630855	-0.672075
1525657257.791771	1525657257.791771	-0.196111	0.651781	-0.581430
1525657257.801666	1525657257.801666	-0.218251	0.570896	-0.532738
1525657257.811688	1525657257.811688	-0.240576	0.534747	-0.546846
1525657257.821658	1525657257.821658	-0.185579	0.482263	-0.604712
1525657257.831607	1525657257.831607	-0.103372	0.441368	-0.703755
1525657257.841941	1525657257.841941	-0.145440	0.500111	-0.828801
1525657257.851740	1525657257.851740	-0.158791	0.622688	-0.933275
1525657257.861579	1525657257.861579	-0.103264	0.672509	-1.013489
1525657257.871697	1525657257.871697	-0.104462	0.712985	-1.081624
1525657257.881449	1525657257.881449	-0.146612	0.755781	-1.116200
1525657257.891657	1525657257.891657	-0.157324	0.780343	-1.107817
1525657257.901493	1525657257.901493	-0.152290	0.821903	-1.074762
1525657257.911706	1525657257.911706	-0.138730	0.901800	-1.033088
1525657257.921453	1525657257.921453	-0.130468	1.032881	-0.984031
1525657257.931609	1525657257.931609	-0.159476	1.213150	-0.931173
1525657257.941407	1525657257.941407	-0.224569	1.431937	-0.886208
1525657257.951533	1525657257.951533	-0.240405	1.692080	-0.847029
1525657257.961370	1525657257.961370	-0.267593	1.907488	-0.848432
1525657257.971489	1525657257.971489	-0.304109	2.049378	-0.887200
1525657257.981265	1525657257.981265	-0.339441	2.128371	-0.948303
1525657257.991872	1525657257.991872	-0.383967	2.193531	-1.045706
1525657258.001463	1525657258.001463	-0.446001	2.269401	-1.192285
1525657258.011153	1525657258.011153	-0.504375	2.383611	-1.368621
1525657258.021183	1525657258.021183	-0.553065	2.488184	-1.553354
1525657258.031404	1525657258.031404	-0.590278	2.510644	-1.733687
1525657258.041266	1525657258.041266	-0.598072	2.341132	-1.915782
1525657258.051324	1525657258.051324	-0.547722	1.931564	-2.102481
1525657258.061159	1525657258.061159	-0.511121	1.277957	-2.348945
1525657258.071287	1525657258.071287	-0.549128	0.340068	-2.660174
1525657258.081180	1525657258.081180	-0.580950	-0.601038	-2.954297
1525657258.091239	1525657258.091239	-0.551748	-1.319597	-3.132730
1525657258.101077	1525657258.101077	-0.504901	-1.863365	-3.148106
1525657258.111196	1525657258.111196	-0.447728	-2.333578	-3.033506
1525657258.121034	1525657258.121034	-0.356998	-2.770869	-2.864214
1525657258.131073	1525657258.131073	-0.201911	-3.107185	-2.701589
1525657258.141136	1525657258.141136	-0.184070	-3.400296	-2.562995
1525657258.151119	1525657258.151119	-0.146685	-3.368362	-2.298578
1525657258.160901	1525657258.160901	0.056707	-2.909650	-1.823528
1525657258.170830	1525657258.170830	0.394066	-2.199897	-1.171229
1525657258.180974	1525657258.180974	0.794654	-1.422165	-0.440460
1525657258.191028	1525657258.191028	1.125126	-0.776319	0.238365
1525657258.200941	1525657258.200941	1.308226	-0.308954	0.803637
1525657258.210863	1525657258.210863	1.364462	0.105612	1.261986
1525657258.220961	1525657258.220961	1.346824	0.566296	1.663019
1525657258.231255	1525657258.231255	1.292025	1.026065	2.048697
1525657258.240929	1525657258.240929	1.238043	1.374986	2.432260
1525657258.250907	1525657258.250907	1.215890	1.595869	2.804508
1525657258.260884	1525657258.260884	1.242771	1.705692	3.158201
1525657258.270863	1525657258.270863	1.299588	1.684279	3.480332
1525657258.280896	1525657258.280896	1.384291	1.585997	3.775134
1525657258.312922	1525657258.312922	1.456217	1.435539	4.057010
1525657258.312992	1525657258.312992	1.438571	1.120244	4.300541
1525657258.313058	1525657258.313058	1.332374	0.606000	4.502551
1525657258.320764	1525657258.320764	1.179616	-0.058353	4.642262
1525657258.330476	1525657258.330476	1.086227	-0.722983	4.726289
1525657258.340569	1525657258.340569	1.071790	-1.246221	4.752738
1525657258.350696	1525657258.350696	1.084186	-1.607601	4.712454
1525657258.360748	1525657258.360748	1.128352	-1.834842	4.632111
1525657258.370657	1525657258.370657	1.217483	-1.941832	4.564021
1525657258.380634	1525657258.380634	1.348722	-2.025530	4.547534
1525657258.391239	1525657258.391239	1.497284	-2.126327	4.594057
1525657258.400594	1525657258.400594	1.631427	-2.253690	4.679787
1525657258.411111	1525657258.411111	1.730451	-2.372379	4.759764
1525657258.420552	1525657258.420552	1.786588	-2.415239	4.784933
1525657258.431004	1525657258.431004	1.765151	-2.341635	4.720806
1525657258.440512	1525657258.440512	1.673706	-2.159067	4.557899
1525657258.450786	1525657258.450786	1.536663	-1.918795	4.296513
1525657258.460467	1525657258.460467	1.401372	-1.712664	3.972351
1525657258.470684	1525657258.470684	1.319466	-1.563255	3.633942
1525657258.480427	1525657258.480427	1.257536	-1.448028	3.312809
1525657258.490230	1525657258.490230	1.115385	-1.399606	2.993890
1525657258.500386	1525657258.500386	0.842102	-1.470012	2.641440
1525657258.510271	1525657258.510271	0.504458	-1.556160	2.226470
1525657258.520419	1525657258.520419	0.228793	-1.514704	1.743071
1525657258.530172	1525657258.530172	0.088509	-1.237227	1.231519
1525657258.540294	1525657258.540294	0.041477	-0.775760	0.723231
1525657258.550143	1525657258.550143	-0.029807	-0.335519	0.186973
1525657258.560299	1525657258.560299	-0.149056	-0.060291	-0.387119
1525657258.570124	1525657258.570124	-0.282868	0.021029	-0.944354
1525657258.580220	1525657258.580220	-0.409554	-0.064977	-1.420605
1525657258.590051	1525657258.590051	-0.558032	-0.242502	-1.791748
1525657258.600046	1525657258.600046	-0.717264	-0.390095	-2.062974
1525657258.610152	1525657258.610152	-0.846397	-0.430128	-2.243364
1525657258.620007	1525657258.620007	-0.947294	-0.263435	-2.247797
1525657258.630171	1525657258.630171	-0.604183	0.916343	-1.533709
1525657258.640102	1525657258.640102	0.661163	3.614733	0.420948
1525657258.649951	1525657258.649951	0.230219	2.684555	1.699322
1525657258.660048	1525657258.660048	-0.978821	0.482400	1.693116
1525657258.670044	1525657258.670044	-1.479298	0.078145	1.004752
1525657258.680103	1525657258.680103	-1.472147	0.814082	-0.124467
1525657258.690228	1525657258.690228	-1.240672	1.290003	-1.413782
1525657258.699793	1525657258.699793	-0.522552	1.004096	-2.342690
1525657258.709949	1525657258.709949	0.124802	-0.292653	-2.579535
1525657258.719942	1525657258.719942	0.170965	-2.109916	-2.276637
1525657258.729903	1525657258.729903	-0.198058	-2.826463	-1.740434
1525657258.739887	1525657258.739887	-0.760640	-2.262174	-1.256663
1525657258.749727	1525657258.749727	-1.157654	-1.427973	-0.993326
1525657258.759878	1525657258.759878	-1.125503	-0.671361	-0.937610
1525657258.769851	1525657258.769851	-0.763942	-0.346802	-1.032182
1525657258.779835	1525657258.779835	-0.475145	-0.494084	-1.119116
1525657258.789809	1525657258.789809	-0.592455	-0.485021	-1.035402
1525657258.799792	1525657258.799792	-0.869166	-0.184235	-0.771642
1525657258.809646	1525657258.809646	-0.965944	-0.067535	-0.513126
1525657258.819750	1525657258.819750	-0.864717	-0.378099	-0.477819
1525657258.829723	1525657258.829723	-0.717832	-0.752921	-0.698462
1525657258.839795	1525657258.839795	-0.695799	-0.922636	-1.050490
1525657258.849707	1525657258.849707	-0.713508	-0.917364	-1.345534
1525657258.859666	1525657258.859666	-0.648233	-0.850535	-1.434144
1525657258.869647	1525657258.869647	-0.619207	-0.708862	-1.335872
1525657258.879626	1525657258.879626	-0.635910	-0.449712	-1.139178
1525657258.889603	1525657258.889603	-0.622093	-0.222652	-0.914436
1525657258.899584	1525657258.899584	-0.607038	-0.010527	-0.706708
1525657258.909532	1525657258.909532	-0.605180	0.230409	-0.548104
1525657258.920101	1525657258.920101	-0.591628	0.359337	-0.495788
1525657258.929631	1525657258.929631	-0.503514	0.350413	-0.547928
1525657258.939710	1525657258.939710	-0.417262	0.246621	-0.641598
1525657258.949505	1525657258.949505	-0.384600	0.169713	-0.710379
1525657258.959448	1525657258.959448	-0.385281	0.151582	-0.745511
1525657258.969519	1525657258.969519	-0.369172	0.183487	-0.747444
1525657258.979418	1525657258.979418	-0.359979	0.249549	-0.700501
1525657258.989393	1525657258.989393	-0.374975	0.331728	-0.592123
1525657258.999375	1525657258.999375	-0.374537	0.394677	-0.440980
1525657259.009353	1525657259.009353	-0.368595	0.400037	-0.315313
1525657259.019332	1525657259.019332	-0.348140	0.360544	-0.251201
1525657259.029311	1525657259.029311	-0.344998	0.284854	-0.261803
1525657259.039151	1525657259.039151	-0.327174	0.231455	-0.333960
1525657259.049272	1525657259.049272	-0.314222	0.174863	-0.444493
1525657259.059223	1525657259.059223	-0.308639	0.132155	-0.560439
1525657259.069212	1525657259.069212	-0.299142	0.104366	-0.644406
1525657259.079216	1525657259.079216	-0.285949	0.082977	-0.680432
1525657259.089203	1525657259.089203	-0.297599	0.070233	-0.690154
1525657259.099600	1525657259.099600	-0.309432	0.062825	-0.683912
1525657259.108988	1525657259.108988	-0.336198	0.056547	-0.677853
1525657259.119623	1525657259.119623	-0.357733	0.060909	-0.661087
1525657259.129232	1525657259.129232	-0.374190	0.067391	-0.622971
1525657259.139535	1525657259.139535	-0.382399	0.115418	-0.552826
1525657259.149062	1525657259.149062	-0.426637	0.204095	-0.494830
1525657259.159456	1525657259.159456	-0.477846	0.330089	-0.469915
1525657259.169081	1525657259.169081	-0.489013	0.463354	-0.489214
1525657259.179315	1525657259.179315	-0.514739	0.586007	-0.541686
1525657259.189034	1525657259.189034	-0.542632	0.679892	-0.597377
1525657259.199056	1525657259.199056	-0.572767	0.730088	-0.653094
1525657259.208988	1525657259.208988	-0.578550	0.779122	-0.693612
1525657259.218851	1525657259.218851	-0.731734	0.785085	-0.730609
1525657259.228933	1525657259.228933	-0.533457	0.981442	-0.674972
1525657259.238999	1525657259.238999	-0.437620	0.970344	-0.748305
1525657259.248831	1525657259.248831	-0.613684	0.789849	-0.871790
1525657259.258728	1525657259.258728	-0.543171	0.761833	-0.884763
1525657259.268867	1525657259.268867	-0.409049	0.697320	-0.871413
1525657259.283367	1525657259.283367	-0.433352	0.592956	-0.912152
1525657259.289506	1525657259.289506	-0.432682	0.589731	-0.967491
1525657259.298512	1525657259.298512	-0.349816	0.625594	-1.017568
1525657259.308552	1525657259.308552	-0.270454	0.561288	-1.063427
1525657259.318621	1525657259.318621	-0.226820	0.455582	-1.075662
1525657259.328475	1525657259.328475	-0.298539	0.516651	-1.044610
1525657259.338347	1525657259.338347	-0.438588	0.719778	-0.981404
1525657259.348293	1525657259.348293	-0.391625	0.890123	-0.947839
1525657259.358329	1525657259.358329	-0.357725	0.985881	-0.995324
1525657259.368573	1525657259.368573	-0.424542	1.148128	-1.082359
1525657259.378483	1525657259.378483	-0.428273	1.325026	-1.177138
1525657259.388465	1525657259.388465	-0.377617	1.455860	-1.278701
1525657259.398395	1525657259.398395	-0.347252	1.599571	-1.376255
1525657259.408428	1525657259.408428	-0.339621	1.767907	-1.442157
1525657259.418284	1525657259.418284	-0.440273	1.985753	-1.456167
1525657259.428384	1525657259.428384	-0.608528	2.282778	-1.423110
1525657259.438242	1525657259.438242	-0.779229	2.621394	-1.356025
1525657259.448446	1525657259.448446	-0.924636	2.987628	-1.257765
1525657259.458322	1525657259.458322	-1.096895	3.276172	-1.160896
1525657259.468300	1525657259.468300	-1.238014	3.420679	-1.109408
1525657259.478283	1525657259.478283	-1.270725	3.356850	-1.152381
1525657259.488773	1525657259.488773	-1.180758	2.999338	-1.339661
1525657259.498432	1525657259.498432	-1.063913	2.362398	-1.687322
1525657259.508332	1525657259.508332	-0.994942	1.600906	-2.159030
1525657259.518302	1525657259.518302	-0.958542	0.846996	-2.670519
1525657259.528652	1525657259.528652	-0.906382	0.153823	-3.062608
1525657259.538269	1525657259.538269	-0.809398	-0.440295	-3.174225
1525657259.548535	1525657259.548535	-0.718346	-1.060896	-2.981508
1525657259.558516	1525657259.558516	-0.660044	-1.727125	-2.650823
1525657259.568045	1525657259.568045	-0.545645	-2.370166	-2.365221
1525657259.577901	1525657259.577901	-0.416197	-2.948293	-2.162456
1525657259.588003	1525657259.588003	-0.229622	-3.178133	-1.935587
1525657259.598046	1525657259.598046	0.023776	-2.963759	-1.585513
1525657259.608032	1525657259.608032	0.378385	-2.350056	-1.054337
1525657259.617897	1525657259.617897	0.815074	-1.491502	-0.379540
1525657259.627914	1525657259.627914	1.198323	-0.692408	0.290347
1525657259.637898	1525657259.637898	1.525685	-0.121205	0.859509
1525657259.647949	1525657259.647949	1.818011	0.256107	1.287752
1525657259.657856	1525657259.657856	2.040838	0.570792	1.627869
1525657259.667903	1525657259.667903	2.118687	0.958570	1.971533
1525657259.677815	1525657259.677815	2.036133	1.437644	2.362193
1525657259.687852	1525657259.687852	1.875285	1.872297	2.776376
1525657259.697777	1525657259.697777	1.741948	2.126704	3.172808
1525657259.707770	1525657259.707770	1.646768	2.118745	3.536719
1525657259.717800	1525657259.717800	1.565284	1.848521	3.861425
1525657259.727771	1525657259.727771	1.444137	1.346105	4.153721
1525657259.737639	1525657259.737639	1.270834	0.672296	4.400682
1525657259.747776	1525657259.747776	1.090426	-0.033474	4.611369
1525657259.757717	1525657259.757717	0.989597	-0.643673	4.791095
1525657259.767785	1525657259.767785	0.956957	-1.140146	4.915241
1525657259.778038	1525657259.778038	0.932267	-1.518393	4.937302
1525657259.787657	1525657259.787657	0.923072	-1.789109	4.848856
1525657259.797626	1525657259.797626	0.992761	-1.877926	4.716666
1525657259.808388	1525657259.808388	1.165824	-1.761458	4.636824
1525657259.817591	1525657259.817591	1.365618	-1.583245	4.652034
1525657259.828028	1525657259.828028	1.504299	-1.414315	4.776127
1525657259.837472	1525657259.837472	1.548011	-1.303567	4.975694
1525657259.847975	1525657259.847975	1.526386	-1.196796	5.194683
1525657259.857483	1525657259.857483	1.441618	-1.039691	5.352232
1525657259.867822	1525657259.867822	1.258322	-0.863047	5.369143
1525657259.877436	1525657259.877436	0.985732	-0.731947	5.175283
1525657259.887559	1525657259.887559	0.713428	-0.661693	4.771752
1525657259.897503	1525657259.897503	0.529172	-0.559896	4.242638
1525657259.907420	1525657259.907420	0.428573	-0.396647	3.691129
1525657259.917277	1525657259.917277	0.372932	-0.250610	3.211482
1525657259.927638	1525657259.927638	0.316986	-0.178069	2.828691
1525657259.937195	1525657259.937195	0.249512	-0.199247	2.496851
1525657259.947192	1525657259.947192	0.174382	-0.368547	2.150020
1525657259.957321	1525657259.957321	0.150179	-0.396326	1.768685
1525657259.967131	1525657259.967131	0.169628	-0.231397	1.347431
1525657259.977136	1525657259.977136	0.117707	-0.034231	0.835898
1525657259.986926	1525657259.986926	-0.054645	0.070668	0.206879
1525657259.997134	1525657259.997134	-0.270024	0.127758	-0.490783
1525657260.026243	1525657260.026243	-0.431273	0.098291	-1.182459
1525657260.026947	1525657260.026947	-0.503368	-0.057276	-1.774055
1525657260.027208	1525657260.027208	-0.507454	-0.350545	-2.196647
1525657260.041182	1525657260.041182	-0.515853	-0.737517	-2.460699
1525657260.046811	1525657260.046811	-0.614758	-1.108044	-2.563011
1525657260.056750	1525657260.056750	-0.720809	-0.915598	-2.229041
1525657260.067054	1525657260.067054	0.341190	1.547997	-0.533375
1525657260.076990	1525657260.076990	0.599623	1.861008	1.166364
1525657260.086906	1525657260.086906	-0.514045	-0.568409	1.515763
1525657260.096929	1525657260.096929	-1.317524	-1.509504	1.063191
1525657260.106886	1525657260.106886	-1.454781	-0.501096	0.105687
1525657260.116980	1525657260.116980	-1.275544	0.991880	-1.067219
1525657260.126915	1525657260.126915	-0.781795	1.439136	-1.996764
1525657260.136842	1525657260.136842	-0.204256	0.755480	-2.332403
1525657260.146894	1525657260.146894	0.048275	-0.685384	-2.074888
1525657260.156832	1525657260.156832	-0.055500	-1.463799	-1.515217
1525657260.166889	1525657260.166889	-0.427365	-0.926919	-0.926934
1525657260.176841	1525657260.176841	-0.896796	0.034467	-0.562308
1525657260.186679	1525657260.186679	-1.092032	0.697184	-0.516820
1525657260.196815	1525657260.196815	-0.912054	0.845542	-0.718980
1525657260.206754	1525657260.206754	-0.608315	0.588330	-1.002634
1525657260.216783	1525657260.216783	-0.495268	0.398081	-1.123647
1525657260.226701	1525657260.226701	-0.617263	0.417838	-1.003803
1525657260.236612	1525657260.236612	-0.813050	0.472062	-0.776298
1525657260.246655	1525657260.246655	-0.830930	0.368814	-0.644533
1525657260.256633	1525657260.256633	-0.624946	0.075879	-0.707994
1525657260.266616	1525657260.266616	-0.387383	-0.223648	-0.911565
1525657260.276593	1525657260.276593	-0.281711	-0.382997	-1.121011
1525657260.286590	1525657260.286590	-0.324122	-0.404183	-1.234351
1525657260.296551	1525657260.296551	-0.407309	-0.361195	-1.228984
1525657260.306524	1525657260.306524	-0.438288	-0.307728	-1.128250
1525657260.316507	1525657260.316507	-0.413411	-0.242748	-0.968294
1525657260.326490	1525657260.326490	-0.386509	-0.137268	-0.791285
1525657260.336524	1525657260.336524	-0.377222	0.040750	-0.642166
1525657260.346324	1525657260.346324	-0.423448	0.281854	-0.565041
1525657260.356425	1525657260.356425	-0.380293	0.447934	-0.569840
1525657260.366404	1525657260.366404	-0.313154	0.427361	-0.654167
1525657260.376459	1525657260.376459	-0.253504	0.362052	-0.746034
1525657260.386442	1525657260.386442	-0.218831	0.267019	-0.808404
1525657260.396341	1525657260.396341	-0.210158	0.155057	-0.842354
1525657260.406320	1525657260.406320	-0.215618	0.005858	-0.862639
1525657260.416299	1525657260.416299	-0.221096	-0.156131	-0.883989
1525657260.426279	1525657260.426279	-0.206054	-0.291568	-0.919989
1525657260.436346	1525657260.436346	-0.168167	-0.359967	-0.978063
1525657260.446231	1525657260.446231	-0.168350	-0.324824	-1.042992
1525657260.456216	1525657260.456216	-0.238230	-0.262724	-1.074715
1525657260.466200	1525657260.466200	-0.257921	-0.248766	-1.032382
1525657260.477281	1525657260.477281	-0.244163	-0.287154	-0.943871
1525657260.486252	1525657260.486252	-0.255739	-0.263622	-0.865251
1525657260.496890	1525657260.496890	-0.264558	-0.199620	-0.829172
1525657260.505998	1525657260.505998	-0.236584	-0.136859	-0.835218
1525657260.516654	1525657260.516654	-0.241709	-0.120856	-0.849118
1525657260.526072	1525657260.526072	-0.243934	-0.079273	-0.833181
1525657260.536675	1525657260.536675	-0.245427	-0.035549	-0.789562
1525657260.551036	1525657260.551036	-0.248007	0.020972	-0.741699
1525657260.556367	1525657260.556367	-0.250485	0.081751	-0.701286
1525657260.565981	1525657260.565981	-0.256106	0.139345	-0.666232
1525657260.576390	1525657260.576390	-0.276607	0.214053	-0.632426
1525657260.585951	1525657260.585951	-0.287478	0.295116	-0.599566
1525657260.596062	1525657260.596062	-0.295068	0.371898	-0.574117
1525657260.605901	1525657260.605901	-0.297261	0.436929	-0.556052
1525657260.616113	1525657260.616113	-0.312030	0.493479	-0.558363
1525657260.625862	1525657260.625862	-0.338225	0.558593	-0.584230
1525657260.635842	1525657260.635842	-0.347033	0.573524	-0.646071
1525657260.645819	1525657260.645819	-0.317182	0.558436	-0.734047
1525657260.655798	1525657260.655798	-0.352286	0.514840	-0.838782
1525657260.665815	1525657260.665815	-0.402438	0.468115	-0.935186
1525657260.675759	1525657260.675759	-0.444204	0.419227	-1.019780
1525657260.685737	1525657260.685737	-0.488115	0.407656	-1.095886
1525657260.695731	1525657260.695731	-0.371035	0.489205	-1.142353
1525657260.705695	1525657260.705695	-0.274782	0.477024	-1.249740
1525657260.715773	1525657260.715773	-0.347133	0.402671	-1.368766
1525657260.725655	1525657260.725655	-0.359311	0.469852	-1.406170
1525657260.735632	1525657260.735632	-0.296189	0.525005	-1.408592
1525657260.745612	1525657260.745612	-0.281953	0.551578	-1.432899
1525657260.755589	1525657260.755589	-0.268739	0.544046	-1.467861
1525657260.765769	1525657260.765769	-0.175799	0.482890	-1.489074
1525657260.775550	1525657260.775550	-0.061433	0.499452	-1.501513
1525657260.785528	1525657260.785528	-0.196497	0.639643	-1.509555
1525657260.795503	1525657260.795503	-0.248354	0.828513	-1.505938
1525657260.805486	1525657260.805486	-0.210165	0.938108	-1.552306
1525657260.815705	1525657260.815705	-0.265071	1.076849	-1.658353
1525657260.825321	1525657260.825321	-0.242109	1.256830	-1.753870
1525657260.835421	1525657260.835421	-0.307944	1.463845	-1.824929
1525657260.845396	1525657260.845396	-0.459543	1.760775	-1.844887
1525657260.855377	1525657260.855377	-0.494371	2.121185	-1.802749
1525657260.865558	1525657260.865558	-0.513353	2.528434	-1.738068
1525657260.875339	1525657260.875339	-0.610849	3.120401	-1.672224
1525657260.885322	1525657260.885322	-0.840325	3.753422	-1.625026
1525657260.895299	1525657260.895299	-1.081995	4.150946	-1.588612
1525657260.905292	1525657260.905292	-1.184774	4.148197	-1.561132
1525657260.915686	1525657260.915686	-1.124668	3.777033	-1.578479
1525657260.925237	1525657260.925237	-0.989533	3.122006	-1.681113
1525657260.935486	1525657260.935486	-0.893789	2.268846	-1.918333
1525657260.945194	1525657260.945194	-0.840836	1.383856	-2.240159
1525657260.955049	1525657260.955049	-0.746366	0.624470	-2.528486
1525657260.965487	1525657260.965487	-0.644547	-0.045368	-2.701775
1525657260.975132	1525657260.975132	-0.585809	-0.657411	-2.743612
1525657260.985189	1525657260.985189	-0.504939	-1.157578	-2.653201
1525657260.995086	1525657260.995086	-0.442600	-1.495595	-2.410819
1525657261.005066	1525657261.005066	-0.366184	-1.617223	-1.967107
1525657261.015085	1525657261.015085	-0.254378	-1.495903	-1.314356
1525657261.025024	1525657261.025024	-0.108831	-1.193469	-0.504736
1525657261.035010	1525657261.035010	0.071508	-0.774984	0.362780
1525657261.045000	1525657261.045000	0.239916	-0.362875	1.157775
1525657261.054966	1525657261.054966	0.369722	-0.005035	1.783066
1525657261.065009	1525657261.065009	0.487140	0.364490	2.202784
1525657261.074923	1525657261.074923	0.593974	0.739308	2.442496
1525657261.084907	1525657261.084907	0.695660	1.108773	2.578902
1525657261.094857	1525657261.094857	0.775097	1.394120	2.685236
1525657261.104861	1525657261.104861	0.844060	1.487680	2.823379
1525657261.114776	1525657261.114776	0.903328	1.367076	3.012499
1525657261.124818	1525657261.124818	0.924931	1.039898	3.272477
1525657261.134893	1525657261.134893	0.843179	0.526659	3.569513
1525657261.144838	1525657261.144838	0.671265	-0.147130	3.877159
1525657261.154756	1525657261.154756	0.513611	-0.899870	4.137086
1525657261.164792	1525657261.164792	0.469111	-1.585979	4.319633
1525657261.174709	1525657261.174709	0.549062	-2.100005	4.395132
1525657261.184694	1525657261.184694	0.660730	-2.476731	4.348613
1525657261.219539	1525657261.219539	0.716645	-2.804256	4.159851
1525657261.219662	1525657261.219662	0.746940	-2.977155	3.916488
1525657261.219740	1525657261.219740	0.820736	-2.959432	3.732192
1525657261.224952	1525657261.224952	0.962605	-2.814043	3.678576
1525657261.234625	1525657261.234625	1.142089	-2.634637	3.784009
1525657261.244683	1525657261.244683	1.315516	-2.450876	4.036249
1525657261.254543	1525657261.254543	1.433439	-2.260444	4.378280
1525657261.265052	1525657261.265052	1.482049	-1.988710	4.733298
1525657261.274383	1525657261.274383	1.454961	-1.567469	5.026717
1525657261.284821	1525657261.284821	1.283223	-1.184042	5.187451
1525657261.294461	1525657261.294461	1.001130	-0.937710	5.182929
1525657261.304575	1525657261.304575	0.681339	-0.826652	5.005524
1525657261.314424	1525657261.314424	0.405739	-0.855471	4.676460
1525657261.324310	1525657261.324310	0.230999	-0.989198	4.280514
1525657261.334381	1525657261.334381	0.141338	-1.194692	3.893061
1525657261.344417	1525657261.344417	0.074748	-1.372555	3.544207
1525657261.354259	1525657261.354259	-0.013364	-1.530069	3.214247
1525657261.364319	1525657261.364319	-0.047838	-1.574834	2.883875
1525657261.374298	1525657261.374298	0.003907	-1.344994	2.539649
1525657261.384277	1525657261.384277	0.133249	-0.964153	2.163372
1525657261.394251	1525657261.394251	0.285414	-0.405418	1.789497
1525657261.404235	1525657261.404235	0.196723	0.141540	1.389261
1525657261.414208	1525657261.414208	-0.175467	0.609707	0.858901
1525657261.424191	1525657261.424191	-0.600730	0.979949	0.111830
1525657261.434050	1525657261.434050	-0.865317	1.058454	-0.832301
1525657261.444160	1525657261.444160	-0.859781	0.796886	-1.772055
1525657261.454128	1525657261.454128	-0.660517	0.210594	-2.478462
1525657261.464174	1525657261.464174	-0.443103	-0.537638	-2.870657
1525657261.474084	1525657261.474084	-0.330099	-1.266128	-3.010813
1525657261.484070	1525657261.484070	-0.413050	-1.857285	-2.979878
1525657261.494040	1525657261.494040	-0.578373	-1.755129	-2.529551
1525657261.504029	1525657261.504029	0.895316	1.347449	-0.427606
1525657261.514008	1525657261.514008	0.547639	1.324119	1.293468
1525657261.523987	1525657261.523987	-0.980922	-1.149494	1.357867
1525657261.533967	1525657261.533967	-1.727806	-1.997187	0.572840
1525657261.543900	1525657261.543900	-1.850499	-0.761945	-0.655905
1525657261.555753	1525657261.555753	-1.470943	1.432583	-1.749747
1525657261.564239	1525657261.564239	-0.837113	2.147959	-2.388082
1525657261.573978	1525657261.573978	-0.101862	1.263367	-2.486562
1525657261.583862	1525657261.583862	0.556675	-0.222828	-2.020788
1525657261.593681	1525657261.593681	0.460894	-0.938290	-1.230054
1525657261.603866	1525657261.603866	-0.370297	-0.205406	-0.473905
1525657261.614791	1525657261.614791	-1.154962	0.840477	-0.054598
1525657261.623828	1525657261.623828	-1.186281	1.266947	-0.024128
1525657261.634052	1525657261.634052	-0.616970	0.873241	-0.325816
1525657261.643682	1525657261.643682	-0.182946	0.445954	-0.739852
1525657261.653659	1525657261.653659	-0.292039	0.479352	-0.973218
1525657261.663694	1525657261.663694	-0.598960	0.609617	-0.978040
1525657261.673670	1525657261.673670	-0.656713	0.381803	-0.926586
1525657261.683650	1525657261.683650	-0.501949	-0.164561	-0.954478
1525657261.693629	1525657261.693629	-0.378654	-0.668175	-1.017881
1525657261.703620	1525657261.703620	-0.326494	-0.798433	-1.034268
1525657261.713589	1525657261.713589	-0.337863	-0.724850	-1.049311
1525657261.723569	1525657261.723569	-0.374330	-0.646916	-1.105106
1525657261.733575	1525657261.733575	-0.355335	-0.538306	-1.152773
1525657261.743553	1525657261.743553	-0.283792	-0.382990	-1.125294
1525657261.753406	1525657261.753406	-0.234847	-0.209411	-0.991655
1525657261.763513	1525657261.763513	-0.256204	-0.115442	-0.797142
1525657261.773494	1525657261.773494	-0.269790	-0.067351	-0.636591
1525657261.783543	1525657261.783543	-0.234040	0.004998	-0.578681
1525657261.793451	1525657261.793451	-0.194679	0.094332	-0.637806
1525657261.803392	1525657261.803392	-0.194223	0.124120	-0.755945
1525657261.813409	1525657261.813409	-0.213299	0.037819	-0.871127
1525657261.823383	1525657261.823383	-0.214823	-0.078381	-0.944583
1525657261.833366	1525657261.833366	-0.208169	-0.196734	-0.989201
1525657261.843342	1525657261.843342	-0.214470	-0.265994	-1.011627
1525657261.853343	1525657261.853343	-0.227291	-0.289389	-1.014977
1525657261.863305	1525657261.863305	-0.231583	-0.304293	-1.016093
1525657261.873283	1525657261.873283	-0.236763	-0.300013	-1.027864
1525657261.883265	1525657261.883265	-0.267484	-0.264716	-1.038885
1525657261.893244	1525657261.893244	-0.321981	-0.226109	-1.024652
1525657261.903222	1525657261.903222	-0.331282	-0.214316	-0.959840
1525657261.913900	1525657261.913900	-0.346267	-0.185432	-0.863167
1525657261.923180	1525657261.923180	-0.371610	-0.105352	-0.781524
1525657261.933568	1525657261.933568	-0.383438	-0.032817	-0.759319
1525657261.943135	1525657261.943135	-0.362659	0.013976	-0.790997
1525657261.953508	1525657261.953508	-0.339465	0.063946	-0.844998
1525657261.963025	1525657261.963025	-0.331435	0.126780	-0.877896
1525657261.973424	1525657261.973424	-0.339822	0.159853	-0.883322
1525657261.983054	1525657261.983054	-0.360435	0.142899	-0.859093
1525657261.994381	1525657261.994381	-0.395069	0.117482	-0.824392
1525657262.003036	1525657262.003036	-0.409117	0.145262	-0.804342
1525657262.013079	1525657262.013079	-0.410952	0.217740	-0.813946
1525657262.022851	1525657262.022851	-0.410447	0.310453	-0.836294
1525657262.033038	1525657262.033038	-0.428223	0.423502	-0.842901
1525657262.042804	1525657262.042804	-0.438823	0.591957	-0.814298
1525657262.052907	1525657262.052907	-0.418871	0.699541	-0.766161
1525657262.062886	1525657262.062886	-0.382044	0.718590	-0.719944
1525657262.072942	1525657262.072942	-0.355592	0.708892	-0.703655
1525657262.082847	1525657262.082847	-0.355153	0.717402	-0.737709
1525657262.092820	1525657262.092820	-0.381848	0.759047	-0.814671
1525657262.102805	1525657262.102805	-0.484054	0.879881	-0.895752
1525657262.112780	1525657262.112780	-0.405287	1.124673	-0.917147
1525657262.122761	1525657262.122761	-0.307969	1.040045	-0.952142
1525657262.132711	1525657262.132711	-0.403629	0.777198	-0.949047
1525657262.142720	1525657262.142720	-0.462976	0.697531	-0.911454
1525657262.152700	1525657262.152700	-0.355749	0.621377	-0.969744
1525657262.162676	1525657262.162676	-0.346017	0.435786	-1.192070
1525657262.172654	1525657262.172654	-0.372546	0.373953	-1.477641
1525657262.182608	1525657262.182608	-0.348236	0.430234	-1.708311
1525657262.192612	1525657262.192612	-0.326270	0.414091	-1.849602
1525657262.202470	1525657262.202470	-0.157168	0.351531	-1.903942
1525657262.212568	1525657262.212568	-0.180691	0.419851	-1.886138
1525657262.222991	1525657262.222991	-0.361739	0.742550	-1.761704
1525657262.232629	1525657262.232629	-0.329790	0.976955	-1.621889
1525657262.242459	1525657262.242459	-0.389790	1.073150	-1.582180
1525657262.252410	1525657262.252410	-0.499737	1.330463	-1.613335
1525657262.262467	1525657262.262467	-0.635713	1.698717	-1.674614
1525657262.272444	1525657262.272444	-0.785135	2.162945	-1.750960
1525657262.282534	1525657262.282534	-0.884394	2.687715	-1.816052
1525657262.292406	1525657262.292406	-0.973708	3.282819	-1.807584
1525657262.302325	1525657262.302325	-1.172986	3.823005	-1.718503
1525657262.312656	1525657262.312656	-1.387463	4.134134	-1.567868
1525657262.322342	1525657262.322342	-1.460733	4.075886	-1.434653
1525657262.332485	1525657262.332485	-1.398527	3.525680	-1.398752
1525657262.342299	1525657262.342299	-1.289655	2.591522	-1.504892
1525657262.352282	1525657262.352282	-1.208847	1.487938	-1.793375
1525657262.362134	1525657262.362134	-1.220902	0.431571	-2.243714
1525657262.372234	1525657262.372234	-1.214942	-0.340310	-2.713000
1525657262.382422	1525657262.382422	-1.125973	-0.849218	-3.023753
1525657262.392262	1525657262.392262	-0.977555	-1.244238	-3.112396
1525657262.402176	1525657262.402176	-0.736428	-1.627844	-3.014707
1525657262.412153	1525657262.412153	-0.475554	-2.136186	-2.812466
1525657262.422134	1525657262.422134	-0.282029	-2.593035	-2.502485
1525657262.432285	1525657262.432285	-0.046022	-2.713193	-2.020633
1525657262.442097	1525657262.442097	0.233613	-2.486007	-1.371154
1525657262.452072	1525657262.452072	0.521432	-2.070177	-0.654526
1525657262.462043	1525657262.462043	0.806188	-1.579766	-0.020957
1525657262.472029	1525657262.472029	1.075812	-1.112810	0.449580
1525657262.482276	1525657262.482276	1.337590	-0.669336	0.772076
1525657262.491997	1525657262.491997	1.575678	-0.215133	1.027227
1525657262.501979	1525657262.501979	1.806056	0.288143	1.312085
1525657262.511934	1525657262.511934	2.009902	0.728677	1.659417
1525657262.521743	1525657262.521743	2.157615	1.006390	2.026290
1525657262.531954	1525657262.531954	2.243268	1.086115	2.366866
1525657262.541826	1525657262.541826	2.298985	1.019939	2.682600
1525657262.551929	1525657262.551929	2.361108	0.892980	2.985641
1525657262.561879	1525657262.561879	2.413366	0.681866	3.292822
1525657262.571848	1525657262.571848	2.422779	0.355821	3.589904
1525657262.581891	1525657262.581891	2.351055	-0.102049	3.863645
1525657262.591815	1525657262.591815	2.228219	-0.692944	4.101641
1525657262.601795	1525657262.601795	2.128271	-1.273294	4.302665
1525657262.611804	1525657262.611804	2.082562	-1.719604	4.458580
1525657262.622330	1525657262.622330	2.051988	-2.014665	4.542299
1525657262.631878	1525657262.631878	1.995901	-2.269156	4.539492
1525657262.642228	1525657262.642228	1.928959	-2.489525	4.471625
1525657262.651654	1525657262.651654	1.939053	-2.506640	4.428111
1525657262.662129	1525657262.662129	1.990313	-2.288349	4.469177
1525657262.671611	1525657262.671611	2.008481	-1.955825	4.621592
1525657262.681944	1525657262.681944	1.965878	-1.605952	4.860541
1525657262.691712	1525657262.691712	1.870243	-1.281408	5.155253
1525657262.701698	1525657262.701698	1.714790	-1.001375	5.446042
1525657262.711753	1525657262.711753	1.483307	-0.731708	5.669910
1525657262.721594	1525657262.721594	1.168890	-0.470264	5.781008
1525657262.731771	1525657262.731771	0.807921	-0.299279	5.754236
1525657262.741458	1525657262.741458	0.461074	-0.247783	5.595659
1525657262.751455	1525657262.751455	0.177458	-0.292537	5.308008
1525657262.761418	1525657262.761418	0.040805	-0.362499	4.864630
1525657262.771628	1525657262.771628	0.114224	-0.314044	4.282258
1525657262.781376	1525657262.781376	0.257033	-0.291507	3.604943
1525657262.791361	1525657262.791361	0.311985	-0.334670	2.943585
1525657262.801339	1525657262.801339	0.238896	-0.205638	2.404122
1525657262.811195	1525657262.811195	0.047871	0.057153	1.937717
1525657262.821298	1525657262.821298	-0.167879	0.484167	1.432687
1525657262.831291	1525657262.831291	-0.387796	0.953753	0.754115
1525657262.841330	1525657262.841330	-0.578755	1.272839	-0.141227
1525657262.851254	1525657262.851254	-0.626341	1.239554	-1.140177
1525657262.861215	1525657262.861215	-0.531189	0.722893	-2.043702
1525657262.871336	1525657262.871336	-0.402861	-0.128451	-2.675400
1525657262.881173	1525657262.881173	-0.386290	-1.098555	-3.006183
1525657262.891148	1525657262.891148	-0.725235	-1.886886	-3.023077
1525657262.901130	1525657262.901130	-0.294564	-0.763781	-1.890688
1525657262.911247	1525657262.911247	0.835919	1.317167	0.407190
1525657262.921090	1525657262.921090	-0.067184	-0.541638	1.278554
1525657262.931213	1525657262.931213	-0.983514	-1.749688	1.011937
1525657262.941049	1525657262.941049	-1.308120	-1.102829	0.118143
1525657262.951027	1525657262.951027	-1.276838	0.850167	-0.990596
1525657262.961141	1525657262.961141	-0.936545	2.378858	-1.802844
1525657262.970861	1525657262.970861	-0.526210	2.600816	-2.067115
1525657262.981104	1525657262.981104	-0.236860	1.534974	-1.777230
1525657262.990935	1525657262.990935	-0.087020	0.485859	-1.158037
1525657263.001001	1525657263.001001	-0.320074	0.550027	-0.499923
1525657263.011044	1525657263.011044	-0.858467	0.899940	-0.118028
1525657263.021021	1525657263.021021	-1.102972	1.048079	-0.075256
1525657263.031001	1525657263.031001	-0.872445	0.796532	-0.304459
1525657263.040982	1525657263.040982	-0.486548	0.285247	-0.726531
1525657263.050819	1525657263.050819	-0.275041	0.026234	-1.146486
1525657263.060939	1525657263.060939	-0.364873	0.113910	-1.373232
1525657263.070918	1525657263.070918	-0.554505	0.180791	-1.384068
1525657263.080752	1525657263.080752	-0.611138	0.015859	-1.324088
1525657263.090755	1525657263.090755	-0.525950	-0.319152	-1.291104
1525657263.100612	1525657263.100612	-0.407370	-0.542397	-1.260910
1525657263.110880	1525657263.110880	-0.349438	-0.506375	-1.192083
1525657263.120744	1525657263.120744	-0.347272	-0.283572	-1.062212
1525657263.130530	1525657263.130530	-0.354000	-0.062850	-0.903711
1525657263.140626	1525657263.140626	-0.346964	0.073611	-0.753555
1525657263.150609	1525657263.150609	-0.326766	0.207871	-0.633039
1525657263.160805	1525657263.160805	-0.309290	0.355982	-0.548746
1525657263.170637	1525657263.170637	-0.275151	0.501867	-0.518530
1525657263.180549	1525657263.180549	-0.217020	0.615653	-0.536981
1525657263.190555	1525657263.190555	-0.167321	0.609024	-0.588527
1525657263.200505	1525657263.200505	-0.129566	0.508653	-0.642344
1525657263.210655	1525657263.210655	-0.101736	0.404073	-0.670738
1525657263.220637	1525657263.220637	-0.104944	0.317748	-0.687805
1525657263.230898	1525657263.230898	-0.124977	0.256002	-0.719979
1525657263.240486	1525657263.240486	-0.125549	0.245327	-0.762560
1525657263.250433	1525657263.250433	-0.116530	0.261260	-0.798638
1525657263.260554	1525657263.260554	-0.124904	0.299662	-0.804063
1525657263.270556	1525657263.270556	-0.132493	0.340203	-0.786063
1525657263.280531	1525657263.280531	-0.129641	0.404158	-0.744520
1525657263.290227	1525657263.290227	-0.122777	0.428667	-0.690155
1525657263.300328	1525657263.300328	-0.125657	0.386070	-0.638035
1525657263.311090	1525657263.311090	-0.143514	0.295573	-0.592484
1525657263.320502	1525657263.320502	-0.150457	0.225273	-0.562764
1525657263.330954	1525657263.330954	-0.161109	0.184813	-0.572473
1525657263.340382	1525657263.340382	-0.166974	0.148577	-0.623632
1525657263.350631	1525657263.350631	-0.157880	0.105882	-0.677802
1525657263.360341	1525657263.360341	-0.162873	0.049398	-0.717243
1525657263.370676	1525657263.370676	-0.146575	0.010945	-0.748973
1525657263.380301	1525657263.380301	-0.143297	-0.062619	-0.770218
1525657263.390545	1525657263.390545	-0.194879	-0.164714	-0.761266
1525657263.400120	1525657263.400120	-0.234381	-0.191193	-0.764942
1525657263.410267	1525657263.410267	-0.206417	-0.092229	-0.849752
1525657263.420221	1525657263.420221	-0.174369	0.010948	-1.005823
1525657263.430136	1525657263.430136	-0.210197	0.072867	-1.116957
1525657263.440179	1525657263.440179	-0.263808	0.148784	-1.080362
1525657263.449795	1525657263.449795	-0.298692	0.243864	-0.913688
1525657263.460134	1525657263.460134	-0.315749	0.325023	-0.724443
1525657263.469974	1525657263.469974	-0.342537	0.363552	-0.620465
1525657263.480170	1525657263.480170	-0.362665	0.389214	-0.627098
1525657263.489928	1525657263.489928	-0.343438	0.433861	-0.706691
1525657263.499912	1525657263.499912	-0.328085	0.494498	-0.815069
1525657263.509891	1525657263.509891	-0.290400	0.490023	-0.930624
1525657263.520009	1525657263.520009	-0.257123	0.445067	-1.043037
1525657263.529844	1525657263.529844	-0.256246	0.399197	-1.123916
1525657263.539969	1525657263.539969	-0.240842	0.367138	-1.168430
1525657263.549809	1525657263.549809	-0.236311	0.362845	-1.190726
1525657263.559936	1525657263.559936	-0.241203	0.341532	-1.231231
1525657263.569909	1525657263.569909	-0.253273	0.315974	-1.296304
1525657263.579743	1525657263.579743	-0.315371	0.331129	-1.363054
1525657263.589724	1525657263.589724	-0.377885	0.399597	-1.385108
1525657263.599704	1525657263.599704	-0.316552	0.592247	-1.387556
1525657263.609556	1525657263.609556	-0.315740	0.703068	-1.431189
1525657263.619663	1525657263.619663	-0.415245	0.812184	-1.473919
1525657263.629780	1525657263.629780	-0.441379	0.964700	-1.487016
1525657263.640034	1525657263.640034	-0.423581	1.125549	-1.513412
1525657263.649599	1525657263.649599	-0.461963	1.249317	-1.577747
1525657263.659714	1525657263.659714	-0.456639	1.238597	-1.666023
1525657263.670152	1525657263.670152	-0.246267	1.264305	-1.761372
1525657263.679679	1525657263.679679	-0.536067	1.366743	-1.862840
1525657263.689511	1525657263.689511	-0.632111	1.699675	-1.881055
1525657263.699388	1525657263.699388	-0.504149	1.882431	-1.924199
1525657263.709421	1525657263.709421	-0.523121	1.947484	-2.017032
1525657263.719454	1525657263.719454	-0.641263	2.210149	-2.074896
1525657263.729574	1525657263.729574	-0.841222	2.596833	-2.048616
1525657263.739412	1525657263.739412	-0.963096	2.883023	-1.971353
1525657263.749335	1525657263.749335	-1.017402	2.925925	-1.884741
1525657263.759507	1525657263.759507	-0.972892	2.724329	-1.813943
1525657263.769567	1525657263.769567	-0.884775	2.374393	-1.761765
1525657263.779469	1525657263.779469	-0.812994	1.832636	-1.808767
1525657263.789306	1525657263.789306	-0.752504	1.044648	-2.029389
1525657263.799285	1525657263.799285	-0.670421	0.132875	-2.382789
1525657263.809407	1525657263.809407	-0.606097	-0.747926	-2.760887
1525657263.819386	1525657263.819386	-0.597723	-1.541067	-3.083261
1525657263.829361	1525657263.829361	-0.583599	-2.243569	-3.246978
1525657263.839202	1525657263.839202	-0.399946	-2.760174	-3.188305
1525657263.849200	1525657263.849200	-0.119518	-3.091672	-2.978379
1525657263.859301	1525657263.859301	0.202505	-3.307123	-2.656190
1525657263.869283	1525657263.869283	0.614647	-3.319309	-2.158351
1525657263.879264	1525657263.879264	1.112785	-2.881994	-1.446601
1525657263.889026	1525657263.889026	1.500783	-2.074293	-0.553140
1525657263.899057	1525657263.899057	1.651315	-1.279419	0.385312
1525657263.909178	1525657263.909178	1.648915	-0.728014	1.215466
1525657263.919166	1525657263.919166	1.645590	-0.315255	1.831676
1525657263.929235	1525657263.929235	1.643735	0.088877	2.239291
1525657263.938953	1525657263.938953	1.635190	0.578242	2.513776
1525657263.949048	1525657263.949048	1.660726	1.152698	2.723749
1525657263.959091	1525657263.959091	1.734415	1.633145	2.903448
1525657263.969125	1525657263.969125	1.864921	1.894870	3.104072
1525657263.979104	1525657263.979104	2.017485	1.925251	3.373091
1525657263.988903	1525657263.988903	2.109937	1.773669	3.721207
1525657263.999042	1525657263.999042	2.006227	1.414036	4.099926
1525657264.009042	1525657264.009042	1.722963	0.848392	4.460489
1525657264.019645	1525657264.019645	1.391281	0.191260	4.748086
1525657264.029000	1525657264.029000	1.141067	-0.454545	4.920665
1525657264.039404	1525657264.039404	1.015440	-1.003951	4.959591
1525657264.048979	1525657264.048979	0.957875	-1.398093	4.874814
1525657264.059222	1525657264.059222	0.925072	-1.610118	4.722216
1525657264.068918	1525657264.068918	0.947131	-1.599618	4.578797
1525657264.079189	1525657264.079189	1.037945	-1.397525	4.523491
1525657264.088919	1525657264.088919	1.127520	-1.174064	4.573540
1525657264.099425	1525657264.099425	1.135977	-1.047215	4.692848
1525657264.108886	1525657264.108886	1.076636	-1.008527	4.841132
1525657264.118675	1525657264.118675	0.981097	-1.017654	4.973008
1525657264.128544	1525657264.128544	0.881013	-1.003341	5.045224
1525657264.138651	1525657264.138651	0.791935	-0.876140	5.026036
1525657264.148602	1525657264.148602	0.672415	-0.697703	4.889395
1525657264.158415	1525657264.158415	0.511486	-0.571367	4.638363
1525657264.168196	1525657264.168196	0.352466	-0.515419	4.304337
1525657264.178230	1525657264.178230	0.232332	-0.534267	3.916505
1525657264.188253	1525657264.188253	0.135866	-0.584134	3.506613
1525657264.198311	1525657264.198311	0.052098	-0.623392	3.107520
1525657264.208572	1525657264.208572	-0.048253	-0.785137	2.730578
1525657264.218341	1525657264.218341	-0.088449	-0.980157	2.401206
1525657264.228435	1525657264.228435	-0.042655	-1.022036	2.138871
1525657264.238524	1525657264.238524	0.022471	-0.991520	1.881027
1525657264.248512	1525657264.248512	0.077530	-0.944994	1.577293
1525657264.258339	1525657264.258339	0.079100	-0.842848	1.209041
1525657264.268321	1525657264.268321	-0.039957	-0.728502	0.760550
1525657264.278226	1525657264.278226	-0.246726	-0.607419	0.243932
1525657264.288410	1525657264.288410	-0.430623	-0.487516	-0.310723
1525657264.298307	1525657264.298307	-0.532463	-0.461757	-0.876080
1525657264.308265	1525657264.308265	-0.539213	-0.556815	-1.389180
1525657264.318247	1525657264.318247	-0.494051	-0.744775	-1.803722
1525657264.328228	1525657264.328228	-0.449343	-0.956128	-2.099061
1525657264.338405	1525657264.338405	-0.452962	-1.152302	-2.278975
1525657264.348224	1525657264.348224	-0.537598	-1.352359	-2.378990
1525657264.358112	1525657264.358112	-0.754254	-1.447368	-2.394409
1525657264.368191	1525657264.368191	-0.505583	-0.208583	-1.711280
1525657264.377990	1525657264.377990	0.974653	3.167938	0.521653
1525657264.388290	1525657264.388290	0.019905	1.401192	1.794710
1525657264.398090	1525657264.398090	-1.265142	-1.268524	1.800360
1525657264.408106	1525657264.408106	-1.468063	-1.119806	1.149679
1525657264.418029	1525657264.418029	-1.356797	0.735816	-0.062386
1525657264.428004	1525657264.428004	-1.193768	2.087024	-1.421748
1525657264.437951	1525657264.437951	-0.593767	2.047832	-2.326563
1525657264.447927	1525657264.447927	-0.091349	0.419169	-2.558784
1525657264.457908	1525657264.457908	0.111995	-1.711046	-2.259276
1525657264.467888	1525657264.467888	-0.020386	-2.420062	-1.702085
1525657264.477863	1525657264.477863	-0.593697	-1.880241	-1.218445
1525657264.487842	1525657264.487842	-1.079098	-1.022221	-0.964705
1525657264.497823	1525657264.497823	-1.102066	-0.273915	-0.940528
1525657264.507831	1525657264.507831	-0.800528	-0.051457	-1.120981
1525657264.517783	1525657264.517783	-0.525547	-0.101763	-1.366676
1525657264.527765	1525657264.527765	-0.487868	-0.025229	-1.465203
1525657264.537620	1525657264.537620	-0.668383	0.172776	-1.322664
1525657264.547588	1525657264.547588	-0.849610	0.285577	-1.052408
1525657264.557701	1525657264.557701	-0.839525	0.185439	-0.851118
1525657264.567746	1525657264.567746	-0.668118	-0.176578	-0.806436
1525657264.577603	1525657264.577603	-0.479318	-0.551511	-0.877556
1525657264.587646	1525657264.587646	-0.409161	-0.624320	-0.957587
1525657264.597615	1525657264.597615	-0.459606	-0.485566	-0.992267
1525657264.607594	1525657264.607594	-0.495462	-0.323412	-0.993775
1525657264.617574	1525657264.617574	-0.445053	-0.154157	-0.980392
1525657264.627555	1525657264.627555	-0.353325	0.029857	-0.939894
1525657264.637463	1525657264.637463	-0.343115	0.190782	-0.869526
1525657264.647509	1525657264.647509	-0.415542	0.292385	-0.772494
1525657264.657490	1525657264.657490	-0.429424	0.361767	-0.670488
1525657264.667471	1525657264.667471	-0.387478	0.368011	-0.609307
1525657264.677446	1525657264.677446	-0.349163	0.351864	-0.604580
1525657264.687356	1525657264.687356	-0.331740	0.320865	-0.639490
1525657264.697312	1525657264.697312	-0.337628	0.285697	-0.688521
1525657264.707415	1525657264.707415	-0.324606	0.253656	-0.712841
1525657264.717395	1525657264.717395	-0.299241	0.199196	-0.704014
1525657264.728083	1525657264.728083	-0.313621	0.125728	-0.677579
1525657264.737360	1525657264.737360	-0.342896	0.057652	-0.653455
1525657264.747735	1525657264.747735	-0.329177	0.028820	-0.646900
1525657264.757320	1525657264.757320	-0.284161	0.059532	-0.656994
1525657264.767682	1525657264.767682	-0.282810	0.105350	-0.670815
1525657264.777677	1525657264.777677	-0.302955	0.160858	-0.669999
1525657264.787550	1525657264.787550	-0.312701	0.202475	-0.649897
1525657264.797227	1525657264.797227	-0.295805	0.221596	-0.631597
1525657264.807389	1525657264.807389	-0.285203	0.205565	-0.629338
1525657264.817189	1525657264.817189	-0.293465	0.178942	-0.657111
1525657264.827137	1525657264.827137	-0.293965	0.139485	-0.711398
1525657264.837134	1525657264.837134	-0.293355	0.111747	-0.766737
1525657264.848453	1525657264.848453	-0.287531	0.098913	-0.809240
1525657264.857177	1525657264.857177	-0.277608	0.112716	-0.832534
1525657264.867084	1525657264.867084	-0.271061	0.155319	-0.835649
1525657264.877060	1525657264.877060	-0.266909	0.197942	-0.817505
1525657264.887075	1525657264.887075	-0.291790	0.227906	-0.783751
1525657264.897012	1525657264.897012	-0.335028	0.232373	-0.737448
1525657264.906919	1525657264.906919	-0.368779	0.221882	-0.684643
1525657264.916964	1525657264.916964	-0.365968	0.212291	-0.654806
1525657264.926957	1525657264.926957	-0.346790	0.175970	-0.659892
1525657264.936935	1525657264.936935	-0.333642	0.152452	-0.692726
1525657264.946909	1525657264.946909	-0.342758	0.148209	-0.733283
1525657264.956895	1525657264.956895	-0.347626	0.141817	-0.772723
1525657264.966872	1525657264.966872	-0.344922	0.155642	-0.816329
1525657264.976857	1525657264.976857	-0.322977	0.158724	-0.865022
1525657264.986712	1525657264.986712	-0.299926	0.140482	-0.921150
1525657264.996810	1525657264.996810	-0.307090	0.126645	-0.948911
1525657265.006790	1525657265.006790	-0.319959	0.136295	-0.941618
1525657265.016848	1525657265.016848	-0.334031	0.165142	-0.919439
1525657265.026747	1525657265.026747	-0.334134	0.197123	-0.904541
1525657265.036728	1525657265.036728	-0.335075	0.252549	-0.903489
1525657265.046705	1525657265.046705	-0.362603	0.336865	-0.903829
1525657265.056685	1525657265.056685	-0.421120	0.463950	-0.891776
1525657265.066665	1525657265.066665	-0.494749	0.625215	-0.858622
1525657265.076646	1525657265.076646	-0.388928	0.904026	-0.816891
1525657265.086622	1525657265.086622	-0.381796	0.961528	-0.864701
1525657265.096528	1525657265.096528	-0.509026	1.049443	-0.913092
1525657265.106579	1525657265.106579	-0.498213	1.133598	-0.907640
1525657265.116559	1525657265.116559	-0.372295	1.008352	-0.933770
1525657265.126537	1525657265.126537	-0.260470	0.855421	-1.034576
1525657265.136518	1525657265.136518	-0.422843	0.910401	-1.182381
1525657265.146375	1525657265.146375	-0.361093	1.085940	-1.309354
1525657265.156475	1525657265.156475	-0.271511	1.105735	-1.475363
1525657265.166457	1525657265.166457	-0.395245	1.159477	-1.641854
1525657265.176511	1525657265.176511	-0.507822	1.336837	-1.735835
1525657265.186414	1525657265.186414	-0.559326	1.541682	-1.757759
1525657265.196391	1525657265.196391	-0.586685	1.772020	-1.742135
1525657265.206301	1525657265.206301	-0.685583	2.004795	-1.722065
1525657265.216352	1525657265.216352	-0.851693	2.269833	-1.696431
1525657265.226326	1525657265.226326	-1.049807	2.597895	-1.658419
1525657265.236309	1525657265.236309	-1.237422	2.900337	-1.611762
1525657265.246283	1525657265.246283	-1.417779	3.060990	-1.576721
1525657265.256267	1525657265.256267	-1.550625	2.975236	-1.550670
1525657265.266249	1525657265.266249	-1.597295	2.584275	-1.566130
1525657265.276221	1525657265.276221	-1.582419	1.891376	-1.702164
1525657265.286206	1525657265.286206	-1.527114	0.989313	-2.045248
1525657265.296183	1525657265.296183	-1.506140	0.044689	-2.555855
1525657265.306043	1525657265.306043	-1.512825	-0.669586	-3.026362
1525657265.316143	1525657265.316143	-1.462897	-1.061055	-3.262027
1525657265.326121	1525657265.326121	-1.300895	-1.255692	-3.199371
1525657265.336175	1525657265.336175	-1.036142	-1.438936	-2.899171
1525657265.346076	1525657265.346076	-0.773830	-1.759621	-2.514912
1525657265.356061	1525657265.356061	-0.508120	-2.095250	-2.149770
1525657265.366039	1525657265.366039	-0.290635	-2.325181	-1.833117
1525657265.376284	1525657265.376284	-0.112774	-2.271446	-1.533987
1525657265.385995	1525657265.385995	0.183104	-1.838774	-1.210009
1525657265.395971	1525657265.395971	0.536944	-1.197443	-0.871492
1525657265.405947	1525657265.405947	0.891880	-0.502823	-0.524448
1525657265.415930	1525657265.415930	1.218949	0.130098	-0.179872
1525657265.425909	1525657265.425909	1.442144	0.550292	0.151732
1525657265.436519	1525657265.436519	1.567684	0.789718	0.491726
1525657265.445869	1525657265.445869	1.646742	0.969673	0.868406
1525657265.456256	1525657265.456256	1.704983	1.155065	1.290599
1525657265.465736	1525657265.465736	1.739587	1.316048	1.721019
1525657265.476756	1525657265.476756	1.741554	1.427056	2.105273
1525657265.485787	1525657265.485787	1.719754	1.444337	2.407284
1525657265.496135	1525657265.496135	1.685841	1.366779	2.633579
1525657265.505740	1525657265.505740	1.645980	1.209286	2.806587
1525657265.515904	1525657265.515904	1.587957	0.974060	2.965539
1525657265.525700	1525657265.525700	1.505071	0.697381	3.142281
1525657265.535658	1525657265.535658	1.412030	0.371734	3.354025
1525657265.545657	1525657265.545657	1.301429	-0.029500	3.590036
1525657265.555647	1525657265.555647	1.218437	-0.529975	3.816809
1525657265.565652	1525657265.565652	1.198779	-1.078700	4.002848
1525657265.575598	1525657265.575598	1.267611	-1.480741	4.137812
1525657265.585577	1525657265.585577	1.398513	-1.640066	4.220309
1525657265.595556	1525657265.595556	1.523052	-1.581959	4.256954
1525657265.605480	1525657265.605480	1.608769	-1.424582	4.260127
1525657265.615571	1525657265.615571	1.647612	-1.260614	4.258468
1525657265.625364	1525657265.625364	1.655146	-1.134871	4.278779
1525657265.635473	1525657265.635473	1.650202	-1.003719	4.360671
1525657265.645323	1525657265.645323	1.654052	-0.824609	4.518237
1525657265.656315	1525657265.656315	1.665698	-0.617791	4.741888
1525657265.665495	1525657265.665495	1.651656	-0.438575	4.966291
1525657265.675386	1525657265.675386	1.600049	-0.282680	5.116794
1525657265.685369	1525657265.685369	1.500897	-0.156485	5.135800
1525657265.695341	1525657265.695341	1.355262	-0.119685	5.011616
1525657265.705389	1525657265.705389	1.173434	-0.181902	4.773107
1525657265.715358	1525657265.715358	0.996475	-0.296391	4.475054
1525657265.725279	1525657265.725279	0.826088	-0.368278	4.171759
1525657265.735262	1525657265.735262	0.636391	-0.383586	3.888448
1525657265.745241	1525657265.745241	0.436933	-0.410572	3.615662
1525657265.755276	1525657265.755276	0.268259	-0.494175	3.344319
1525657265.765259	1525657265.765259	0.170195	-0.603668	3.052552
1525657265.775216	1525657265.775216	0.128328	-0.723018	2.700806
1525657265.785234	1525657265.785234	0.126048	-0.782889	2.265457
1525657265.795131	1525657265.795131	0.144197	-0.718180	1.755849
1525657265.805262	1525657265.805262	0.158557	-0.524498	1.233419
1525657265.815095	1525657265.815095	0.096064	-0.372059	0.704728
1525657265.826108	1525657265.826108	-0.054101	-0.305580	0.172838
1525657265.835325	1525657265.835325	-0.240497	-0.290111	-0.373330
1525657265.845031	1525657265.845031	-0.404634	-0.296050	-0.911774
1525657265.855236	1525657265.855236	-0.485431	-0.298044	-1.371501
1525657265.864987	1525657265.864987	-0.499439	-0.358893	-1.720780
1525657265.874969	1525657265.874969	-0.482022	-0.467780	-1.945143
1525657265.884961	1525657265.884961	-0.507280	-0.596699	-2.087008
1525657265.894928	1525657265.894928	-0.701026	-0.698219	-2.144722
1525657265.905129	1525657265.905129	-0.327260	0.811870	-1.339798
1525657265.914759	1525657265.914759	1.207869	4.391885	1.243974
1525657265.924866	1525657265.924866	-0.033523	1.780131	2.574219
1525657265.934854	1525657265.934854	-1.232256	-1.578523	2.448967
1525657265.944900	1525657265.944900	-1.364361	-1.730784	1.530942
1525657265.955024	1525657265.955024	-1.288224	-0.140543	-0.002980
1525657265.964727	1525657265.964727	-1.312327	0.951277	-1.643485
1525657265.974763	1525657265.974763	-0.749647	0.824799	-2.655190
1525657265.984749	1525657265.984749	-0.098784	-0.655272	-2.867507
1525657265.994718	1525657265.994718	0.275227	-2.498494	-2.678741
1525657266.004921	1525657266.004921	0.358135	-3.496288	-2.333909
1525657266.014677	1525657266.014677	-0.216753	-3.454259	-1.997154
1525657266.024665	1525657266.024665	-0.900041	-2.597473	-1.617047
1525657266.034637	1525657266.034637	-1.050357	-1.255891	-1.267688
1525657266.044613	1525657266.044613	-0.630147	-0.236570	-1.130599
1525657266.054593	1525657266.054593	-0.290674	0.052895	-1.258436
1525657266.064572	1525657266.064572	-0.386664	0.150221	-1.416074
1525657266.074429	1525657266.074429	-0.783532	0.520748	-1.259157
1525657266.084530	1525657266.084530	-1.101390	0.832468	-0.770256
1525657266.094507	1525657266.094507	-1.119769	0.783718	-0.325578
1525657266.104566	1525657266.104566	-0.947752	0.427044	-0.242571
1525657266.114384	1525657266.114384	-0.793627	0.058557	-0.530181
1525657266.125094	1525657266.125094	-0.746984	-0.177391	-0.988341
1525657266.134429	1525657266.134429	-0.738439	-0.345997	-1.371401
1525657266.144984	1525657266.144984	-0.708895	-0.453844	-1.540269
1525657266.154356	1525657266.154356	-0.672751	-0.484904	-1.535569
1525657266.164778	1525657266.164778	-0.641668	-0.421048	-1.446849
1525657266.174377	1525657266.174377	-0.631068	-0.311263	-1.331772
1525657266.184719	1525657266.184719	-0.628204	-0.235545	-1.201887
1525657266.194332	1525657266.194332	-0.609319	-0.189740	-1.079256
1525657266.204548	1525657266.204548	-0.548651	-0.057781	-0.952924
1525657266.214292	1525657266.214292	-0.485662	0.112534	-0.834015
1525657266.224324	1525657266.224324	-0.453376	0.183841	-0.754860
1525657266.234129	1525657266.234129	-0.456118	0.180677	-0.705933
1525657266.244261	1525657266.244261	-0.487627	0.161646	-0.663743
1525657266.254218	1525657266.254218	-0.501815	0.201156	-0.629858
1525657266.264257	1525657266.264257	-0.462319	0.283062	-0.614477
1525657266.274168	1525657266.274168	-0.418453	0.316981	-0.617134
1525657266.284018	1525657266.284018	-0.428175	0.310631	-0.608738
1525657266.294126	1525657266.294126	-0.432926	0.357569	-0.559837
1525657266.304119	1525657266.304119	-0.408070	0.407588	-0.488223
1525657266.314083	1525657266.314083	-0.389590	0.405404	-0.429457
1525657266.324061	1525657266.324061	-0.363351	0.357343	-0.403590
1525657266.334044	1525657266.334044	-0.317483	0.270810	-0.420056
1525657266.344016	1525657266.344016	-0.278739	0.175768	-0.466411
1525657266.353994	1525657266.353994	-0.244166	0.135101	-0.509625
1525657266.363978	1525657266.363978	-0.253639	0.092500	-0.528898
1525657266.373958	1525657266.373958	-0.274130	0.061684	-0.517440
1525657266.383848	1525657266.383848	-0.274652	0.061705	-0.474872
1525657266.393793	1525657266.393793	-0.272010	0.120339	-0.417366
1525657266.403895	1525657266.403895	-0.262944	0.198131	-0.357654
1525657266.413870	1525657266.413870	-0.268701	0.258928	-0.310894
1525657266.423889	1525657266.423889	-0.262445	0.320729	-0.286339
1525657266.433833	1525657266.433833	-0.251602	0.364379	-0.291530
1525657266.443813	1525657266.443813	-0.250022	0.397397	-0.326635
1525657266.453793	1525657266.453793	-0.266574	0.375064	-0.373669
1525657266.463768	1525657266.463768	-0.284378	0.341018	-0.407945
1525657266.473750	1525657266.473750	-0.292943	0.308013	-0.412306
1525657266.483730	1525657266.483730	-0.304889	0.292082	-0.398615
1525657266.493710	1525657266.493710	-0.308225	0.289970	-0.388012
1525657266.503686	1525657266.503686	-0.310119	0.328342	-0.399745
1525657266.513665	1525657266.513665	-0.365899	0.373318	-0.453646
1525657266.523642	1525657266.523642	-0.424466	0.416160	-0.541641
1525657266.533629	1525657266.533629	-0.391284	0.453283	-0.629578
1525657266.543513	1525657266.543513	-0.334002	0.445552	-0.690610
1525657266.555284	1525657266.555284	-0.333683	0.416759	-0.722536
1525657266.563464	1525657266.563464	-0.333421	0.422078	-0.742756
1525657266.573626	1525657266.573626	-0.323209	0.410287	-0.794784
1525657266.583600	1525657266.583600	-0.304122	0.320636	-0.890341
1525657266.593601	1525657266.593601	-0.315984	0.179952	-0.995853
1525657266.603543	1525657266.603543	-0.341991	0.101161	-1.066416
1525657266.613722	1525657266.613722	-0.324640	0.088286	-1.091748
1525657266.623426	1525657266.623426	-0.303209	0.042358	-1.108514
1525657266.633674	1525657266.633674	-0.286262	-0.017400	-1.110434
1525657266.643370	1525657266.643370	-0.284634	-0.005664	-1.066776
1525657266.653438	1525657266.653438	-0.290691	0.112704	-0.983833
1525657266.663384	1525657266.663384	-0.297647	0.276903	-0.905161
1525657266.673367	1525657266.673367	-0.329599	0.413473	-0.882140
1525657266.683226	1525657266.683226	-0.333289	0.534981	-0.904541
1525657266.693324	1525657266.693324	-0.341079	0.666093	-0.938699
1525657266.703301	1525657266.703301	-0.313899	0.817317	-0.949015
1525657266.713345	1525657266.713345	-0.230261	0.918208	-0.961832
1525657266.723261	1525657266.723261	-0.212938	0.821128	-1.002063
1525657266.733238	1525657266.733238	-0.100581	0.709785	-1.050710
1525657266.743216	1525657266.743216	-0.106329	0.725774	-1.100805
1525657266.753200	1525657266.753200	-0.200318	0.907341	-1.143471
1525657266.763143	1525657266.763143	-0.073474	0.922757	-1.216425
1525657266.773123	1525657266.773123	-0.024120	0.750887	-1.360569
1525657266.783104	1525657266.783104	-0.034469	0.652817	-1.493737
1525657266.793073	1525657266.793073	-0.078621	0.565576	-1.565586
1525657266.803058	1525657266.803058	-0.153060	0.594663	-1.580334
1525657266.813037	1525657266.813037	-0.204183	0.707863	-1.564998
1525657266.823015	1525657266.823015	-0.194561	0.857048	-1.536147
1525657266.833612	1525657266.833612	-0.230990	1.087444	-1.476996
1525657266.842850	1525657266.842850	-0.359530	1.398187	-1.373206
1525657266.853371	1525657266.853371	-0.515055	1.766615	-1.232495
1525657266.862932	1525657266.862932	-0.661956	2.139266	-1.098065
1525657266.873387	1525657266.873387	-0.798896	2.499072	-0.995444
1525657266.882892	1525657266.882892	-0.906428	2.833148	-0.946745
1525657266.893503	1525657266.893503	-1.013693	3.060623	-0.941678
1525657266.902851	1525657266.902851	-1.121796	3.081308	-0.997283
1525657266.913003	1525657266.913003	-1.188216	2.808689	-1.118360
1525657266.922801	1525657266.922801	-1.210371	2.254464	-1.338936
1525657266.932839	1525657266.932839	-1.166607	1.518725	-1.664072
1525657266.942762	1525657266.942762	-1.083317	0.787040	-2.079195
1525657266.952747	1525657266.952747	-0.998500	0.176845	-2.507076
1525657266.962741	1525657266.962741	-0.877526	-0.243728	-2.799346
1525657266.972704	1525657266.972704	-0.752557	-0.561904	-2.874442
1525657266.982645	1525657266.982645	-0.673818	-0.909638	-2.753195
1525657266.992663	1525657266.992663	-0.638597	-1.295489	-2.484534
1525657267.002519	1525657267.002519	-0.565827	-1.570615	-2.122818
1525657267.012620	1525657267.012620	-0.464582	-1.617746	-1.687320
1525657267.022600	1525657267.022600	-0.347748	-1.438955	-1.171811
1525657267.032691	1525657267.032691	-0.201459	-1.071609	-0.583571
1525657267.042560	1525657267.042560	0.001568	-0.554218	0.020259
1525657267.052540	1525657267.052540	0.248437	-0.002947	0.536283
1525657267.092354	1525657267.092354	0.536377	0.487335	0.910186
1525657267.093421	1525657267.093421	0.800103	0.876408	1.149688
1525657267.093500	1525657267.093500	0.957772	1.141196	1.311262
1525657267.094068	1525657267.094068	1.003190	1.320132	1.472530
1525657267.102471	1525657267.102471	1.007387	1.435312	1.675871
1525657267.112362	1525657267.112362	1.032164	1.445974	1.919912
1525657267.122424	1525657267.122424	1.063801	1.271162	2.175750
1525657267.132427	1525657267.132427	1.068204	0.891832	2.435519
1525657267.142352	1525657267.142352	1.066915	0.416608	2.704801
1525657267.152329	1525657267.152329	1.088055	-0.033131	2.977549
1525657267.162190	1525657267.162190	1.085193	-0.477458	3.207429
1525657267.172272	1525657267.172272	1.032295	-0.932274	3.338776
1525657267.182323	1525657267.182323	0.987330	-1.296578	3.363782
1525657267.192315	1525657267.192315	1.014014	-1.474698	3.326861
1525657267.202225	1525657267.202225	1.111530	-1.490051	3.289738
1525657267.212204	1525657267.212204	1.249212	-1.416023	3.302063
1525657267.222130	1525657267.222130	1.379683	-1.279048	3.393061
1525657267.232990	1525657267.232990	1.446268	-1.137503	3.560975
1525657267.242086	1525657267.242086	1.418250	-1.016848	3.782016
1525657267.252058	1525657267.252058	1.317681	-0.928929	3.995783
1525657267.262122	1525657267.262122	1.204730	-0.886806	4.165762
1525657267.272083	1525657267.272083	1.121380	-0.860827	4.267984
1525657267.282100	1525657267.282100	1.079458	-0.829726	4.299402
1525657267.292077	1525657267.292077	1.054323	-0.782737	4.270355
1525657267.302016	1525657267.302016	1.018041	-0.745315	4.191148
1525657267.311985	1525657267.311985	0.954408	-0.756823	4.070097
1525657267.322007	1525657267.322007	0.894052	-0.794995	3.937380
1525657267.331953	1525657267.331953	0.861224	-0.818353	3.825221
1525657267.341931	1525657267.341931	0.852726	-0.831149	3.732518
1525657267.351989	1525657267.351989	0.838717	-0.862034	3.650392
1525657267.361900	1525657267.361900	0.812978	-0.906727	3.564930
1525657267.372023	1525657267.372023	0.760965	-0.922544	3.452537
1525657267.381984	1525657267.381984	0.687000	-0.924427	3.305815
1525657267.391826	1525657267.391826	0.601847	-0.900701	3.119574
1525657267.401806	1525657267.401806	0.522571	-0.873822	2.889766
1525657267.411927	1525657267.411927	0.458728	-0.872608	2.614381
1525657267.421917	1525657267.421917	0.427240	-0.930169	2.298947
1525657267.431885	1525657267.431885	0.447141	-0.999680	1.967113
1525657267.441722	1525657267.441722	0.497893	-1.057594	1.645235
1525657267.451702	1525657267.451702	0.499603	-1.034292	1.336591
1525657267.461676	1525657267.461676	0.417130	-0.933891	1.034366
1525657267.471880	1525657267.471880	0.285742	-0.758675	0.733668
1525657267.481518	1525657267.481518	0.172596	-0.525981	0.436386
1525657267.491580	1525657267.491580	0.105131	-0.287079	0.156691
1525657267.501596	1525657267.501596	0.067171	-0.065343	-0.096033
1525657267.511800	1525657267.511800	0.011681	0.113848	-0.320233
1525657267.521552	1525657267.521552	-0.053086	0.215295	-0.499840
1525657267.531572	1525657267.531572	-0.075343	0.231333	-0.595905
1525657267.542060	1525657267.542060	-0.064689	0.141753	-0.612802
1525657267.551497	1525657267.551497	-0.066601	-0.055401	-0.584082
1525657267.562024	1525657267.562024	-0.079306	-0.286613	-0.552299
1525657267.571877	1525657267.571877	-0.128612	-0.509170	-0.579504
1525657267.581897	1525657267.581897	-0.189648	-0.699739	-0.687745
1525657267.591430	1525657267.591430	-0.266915	-0.799667	-0.846213
1525657267.601744	1525657267.601744	-0.415258	-0.800180	-1.018324
1525657267.611363	1525657267.611363	-0.751758	-0.721003	-1.144844
1525657267.621884	1525657267.621884	-0.950581	0.054768	-0.957844
1525657267.631462	1525657267.631462	0.074969	2.729222	0.011477
1525657267.641859	1525657267.641859	0.216729	2.884560	0.751871
1525657267.651244	1525657267.651244	-0.486117	1.152435	0.807189
1525657267.661207	1525657267.661207	-0.847754	0.421613	0.477094
1525657267.671284	1525657267.671284	-1.065102	0.354073	-0.085415
1525657267.681268	1525657267.681268	-1.159405	0.640905	-0.690069
1525657267.691162	1525657267.691162	-0.979442	0.820018	-1.232825
1525657267.701211	1525657267.701211	-0.541303	0.503573	-1.611689
1525657267.711206	1525657267.711206	-0.026947	-0.157344	-1.750131
1525657267.721077	1525657267.721077	0.176388	-0.925565	-1.694402
1525657267.731291	1525657267.731291	-0.048778	-1.464866	-1.454466
1525657267.741128	1525657267.741128	-0.439830	-1.585608	-1.088849
1525657267.751110	1525657267.751110	-0.713601	-1.319961	-0.723937
1525657267.761085	1525657267.761085	-0.786747	-0.821811	-0.487495
1525657267.770959	1525657267.770959	-0.752150	-0.330592	-0.424290
1525657267.781043	1525657267.781043	-0.658971	0.058016	-0.460414
1525657267.791028	1525657267.791028	-0.517359	0.324928	-0.468270
1525657267.801072	1525657267.801072	-0.408006	0.549390	-0.377533
1525657267.811125	1525657267.811125	-0.425284	0.744571	-0.234062
1525657267.820980	1525657267.820980	-0.521373	0.895313	-0.111776
1525657267.831083	1525657267.831083	-0.597466	0.960669	-0.071199
1525657267.840861	1525657267.840861	-0.591722	0.858302	-0.125408
1525657267.851469	1525657267.851469	-0.535362	0.563841	-0.256690
1525657267.861045	1525657267.861045	-0.482013	0.157465	-0.426322
1525657267.870994	1525657267.870994	-0.444681	-0.223261	-0.589765
1525657267.880840	1525657267.880840	-0.410616	-0.536818	-0.734092
1525657267.890744	1525657267.890744	-0.376463	-0.804544	-0.876290
1525657267.900797	1525657267.900797	-0.376586	-1.027353	-0.998686
1525657267.910919	1525657267.910919	-0.375049	-1.074276	-1.046562
1525657267.920920	1525657267.920920	-0.340793	-0.892156	-1.018475
1525657267.930614	1525657267.930614	-0.253283	-0.594075	-0.958874
1525657267.940713	1525657267.940713	-0.137024	-0.303575	-0.895728
1525657267.950693	1525657267.950693	-0.045477	-0.076918	-0.831818
1525657267.960895	1525657267.960895	-0.044167	0.037159	-0.741335
1525657267.970654	1525657267.970654	-0.129043	0.078084	-0.598686
1525657267.980632	1525657267.980632	-0.224258	0.048730	-0.410394
1525657267.990609	1525657267.990609	-0.261794	0.004207	-0.229911
1525657268.000591	1525657268.000591	-0.241669	-0.016087	-0.134936
1525657268.010706	1525657268.010706	-0.209541	-0.019425	-0.145186
1525657268.020689	1525657268.020689	-0.174345	0.011298	-0.224584
1525657268.030951	1525657268.030951	-0.149685	0.043127	-0.314754
1525657268.040500	1525657268.040500	-0.131919	0.086729	-0.362434
1525657268.050485	1525657268.050485	-0.113805	0.103707	-0.356891
1525657268.060465	1525657268.060465	-0.106951	0.134612	-0.300397
1525657268.070583	1525657268.070583	-0.139712	0.182744	-0.229487
1525657268.080562	1525657268.080562	-0.180719	0.241560	-0.179966
1525657268.090275	1525657268.090275	-0.195841	0.334365	-0.146094
1525657268.100379	1525657268.100379	-0.209743	0.420763	-0.126044
1525657268.110497	1525657268.110497	-0.229954	0.501856	-0.114586
1525657268.120558	1525657268.120558	-0.265944	0.578743	-0.122479
1525657268.130460	1525657268.130460	-0.231130	0.608416	-0.171014
1525657268.140296	1525657268.140296	-0.131974	0.545070	-0.264528
1525657268.150274	1525657268.150274	-0.107303	0.440463	-0.383431
1525657268.160391	1525657268.160391	-0.126705	0.375493	-0.467750
1525657268.170375	1525657268.170375	-0.157253	0.359620	-0.503247
1525657268.180355	1525657268.180355	-0.172196	0.325575	-0.509815
1525657268.190192	1525657268.190192	-0.162891	0.243471	-0.502248
1525657268.200055	1525657268.200055	-0.178027	0.199841	-0.494982
1525657268.211155	1525657268.211155	-0.184374	0.190272	-0.501445
1525657268.220078	1525657268.220078	-0.140327	0.192206	-0.525387
1525657268.230039	1525657268.230039	-0.103592	0.199495	-0.561126
1525657268.240590	1525657268.240590	-0.099020	0.169619	-0.591936
1525657268.250308	1525657268.250308	-0.090475	0.110957	-0.604602
1525657268.260068	1525657268.260068	-0.073730	0.049076	-0.590558
1525657268.270227	1525657268.270227	-0.053907	0.010635	-0.561577
1525657268.280172	1525657268.280172	-0.015837	-0.035348	-0.543016
1525657268.295114	1525657268.295114	0.022362	-0.071743	-0.532968
1525657268.299995	1525657268.299995	0.032797	-0.061120	-0.511554
1525657268.309938	1525657268.309938	0.030255	-0.031249	-0.472204
1525657268.319949	1525657268.319949	0.016890	0.005069	-0.419151
1525657268.329950	1525657268.329950	0.011990	0.023234	-0.363865
1525657268.339880	1525657268.339880	0.024291	0.021068	-0.323269
1525657268.349911	1525657268.349911	0.035786	0.018896	-0.303969
1525657268.359870	1525657268.359870	0.023018	0.022147	-0.306254
1525657268.369816	1525657268.369816	0.019784	0.034953	-0.300973
1525657268.379936	1525657268.379936	0.052407	0.074269	-0.255872
1525657268.389688	1525657268.389688	0.053726	0.108402	-0.182416
1525657268.399756	1525657268.399756	0.040072	0.143666	-0.105950
1525657268.409517	1525657268.409517	0.053470	0.174538	-0.061084
1525657268.419709	1525657268.419709	0.082367	0.185071	-0.066053
1525657268.429691	1525657268.429691	0.106261	0.181756	-0.100884
1525657268.439520	1525657268.439520	0.117404	0.167835	-0.142258
1525657268.449574	1525657268.449574	0.120794	0.144364	-0.162438
1525657268.459399	1525657268.459399	0.127064	0.139012	-0.152782
1525657268.469330	1525657268.469330	0.134386	0.137921	-0.140985
1525657268.479370	1525657268.479370	0.128049	0.075057	-0.159154
1525657268.489603	1525657268.489603	0.158272	-0.003961	-0.203485
1525657268.499590	1525657268.499590	0.200275	-0.049988	-0.244480
1525657268.509557	1525657268.509557	0.220689	-0.086321	-0.263388
1525657268.519557	1525657268.519557	0.268347	-0.117421	-0.240452
1525657268.529507	1525657268.529507	0.292010	-0.128149	-0.170979
1525657268.539493	1525657268.539493	0.259009	-0.145027	-0.093684
1525657268.549500	1525657268.549500	0.235062	-0.157699	-0.057788
1525657268.559530	1525657268.559530	0.250104	-0.178018	-0.070376
1525657268.569390	1525657268.569390	0.275968	-0.163215	-0.088154
1525657268.579396	1525657268.579396	0.251338	-0.063978	-0.060785
1525657268.589394	1525657268.589394	0.190019	0.103648	0.014029
1525657268.599448	1525657268.599448	0.141388	0.246709	0.093257
1525657268.609398	1525657268.609398	0.127466	0.324581	0.113307
1525657268.619436	1525657268.619436	0.154662	0.325512	0.071065
1525657268.629412	1525657268.629412	0.200201	0.273063	0.001376
1525657268.639253	1525657268.639253	0.230534	0.201501	-0.050404
1525657268.649437	1525657268.649437	0.225061	0.151432	-0.049405
1525657268.659505	1525657268.659505	0.205306	0.129152	-0.009201
1525657268.669340	1525657268.669340	0.183327	0.128203	0.042684
1525657268.679275	1525657268.679275	0.177614	0.138900	0.075609
1525657268.689143	1525657268.689143	0.170113	0.157054	0.081903
1525657268.699204	1525657268.699204	0.131894	0.200911	0.075048
1525657268.709248	1525657268.709248	0.106446	0.258572	0.073670
1525657268.719226	1525657268.719226	0.107780	0.276677	0.055592
1525657268.729279	1525657268.729279	0.147486	0.270105	0.035855
1525657268.739001	1525657268.739001	0.183878	0.249694	0.022464
1525657268.749055	1525657268.749055	0.179574	0.240120	0.023476
1525657268.759125	1525657268.759125	0.148420	0.222140	0.036932
1525657268.769123	1525657268.769123	0.132222	0.180645	0.044186
1525657268.779102	1525657268.779102	0.147200	0.145405	0.033727
1525657268.788880	1525657268.788880	0.160213	0.177320	0.023241
1525657268.799149	1525657268.799149	0.142231	0.186983	0.012378
1525657268.809155	1525657268.809155	0.105757	0.195673	0.030025
1525657268.818991	1525657268.818991	0.080654	0.209657	0.078678
1525657268.829043	1525657268.829043	0.085446	0.233106	0.127697
1525657268.838852	1525657268.838852	0.108682	0.233016	0.147139
1525657268.849007	1525657268.849007	0.137535	0.189190	0.134721
1525657268.858826	1525657268.858826	0.151391	0.189132	0.135955
1525657268.868947	1525657268.868947	0.130791	0.271306	0.179339
1525657268.878937	1525657268.878937	0.129466	0.340605	0.214445
1525657268.888894	1525657268.888894	0.174196	0.277529	0.208608
1525657268.898952	1525657268.898952	0.185229	0.157022	0.154464
1525657268.908878	1525657268.908878	0.155741	0.117694	0.114723
1525657268.918808	1525657268.918808	0.123907	0.160459	0.109011
1525657268.928830	1525657268.928830	0.133464	0.158289	0.112321
1525657268.939344	1525657268.939344	0.185569	0.110108	0.117217
1525657268.949078	1525657268.949078	0.193920	0.104750	0.131156
1525657268.959293	1525657268.959293	0.164946	0.157108	0.155280
1525657268.968756	1525657268.968756	0.132624	0.203091	0.190007
1525657268.979142	1525657268.979142	0.119421	0.189305	0.219648
1525657268.988765	1525657268.988765	0.136160	0.150873	0.239013
1525657268.999127	1525657268.999127	0.143408	0.125269	0.251875
1525657269.008636	1525657269.008636	0.140035	0.124224	0.265670
1525657269.018779	1525657269.018779	0.127133	0.126414	0.274027
1525657269.028600	1525657269.028600	0.103842	0.114781	0.256713
1525657269.038929	1525657269.038929	0.111742	0.089150	0.216365
1525657269.048614	1525657269.048614	0.119661	0.070980	0.176016
1525657269.058462	1525657269.058462	0.090230	0.075352	0.140532
1525657269.068522	1525657269.068522	0.075627	0.062611	0.110552
1525657269.078501	1525657269.078501	0.105683	0.026236	0.088569
1525657269.088627	1525657269.088627	0.142057	0.009023	0.077307
1525657269.098463	1525657269.098463	0.140982	0.005830	0.077294
1525657269.108435	1525657269.108435	0.135511	-0.006932	0.085742
1525657269.118634	1525657269.118634	0.157674	-0.041126	0.098786
1525657269.128426	1525657269.128426	0.171481	-0.081687	0.095764
1525657269.138599	1525657269.138599	0.152323	-0.105057	0.087015
1525657269.148385	1525657269.148385	0.126896	-0.112417	0.070739
1525657269.158348	1525657269.158348	0.127143	-0.128416	0.047327
1525657269.168341	1525657269.168341	0.144353	-0.129560	0.035829
1525657269.177974	1525657269.177974	0.146378	-0.126367	0.045433
1525657269.188509	1525657269.188509	0.132063	-0.116697	0.083575
1525657269.198256	1525657269.198256	0.139837	-0.092186	0.150723
1525657269.208324	1525657269.208324	0.146785	-0.054890	0.200832
1525657269.218238	1525657269.218238	0.150963	-0.006939	0.217912
1525657269.228209	1525657269.228209	0.137714	0.027204	0.174110
1525657269.238384	1525657269.238384	0.136122	0.055970	0.135772
1525657269.248009	1525657269.248009	0.156646	0.058006	0.115801
1525657269.257990	1525657269.257990	0.176967	0.036600	0.107535
1525657269.267969	1525657269.267969	0.183178	0.028053	0.121448
1525657269.277953	1525657269.277953	0.190236	0.036565	0.156658
1525657269.287861	1525657269.287861	0.173877	0.061163	0.190516
1525657269.297901	1525657269.297901	0.130036	0.094396	0.204880
1525657269.307885	1525657269.307885	0.080111	0.129775	0.193625
1525657269.317864	1525657269.317864	0.054950	0.176765	0.166707
1525657269.327844	1525657269.327844	0.050082	0.206614	0.134715
1525657269.337699	1525657269.337699	0.065366	0.220394	0.109357
1525657269.347802	1525657269.347802	0.082594	0.216051	0.095732
1525657269.357780	1525657269.357780	0.079492	0.187281	0.081858
1525657269.367855	1525657269.367855	0.074218	0.138270	0.066894
1525657269.377738	1525657269.377738	0.074278	0.099895	0.054123
1525657269.387710	1525657269.387710	0.087011	0.061471	0.052152
1525657269.397696	1525657269.397696	0.082580	0.027386	0.058485
1525657269.407675	1525657269.407675	0.067503	-0.029038	0.058302
1525657269.417657	1525657269.417657	0.054785	-0.052437	0.046439
1525657269.427757	1525657269.427757	0.064678	-0.035435	0.026337
1525657269.437615	1525657269.437615	0.079789	-0.033373	0.012685
1525657269.447622	1525657269.447622	0.078664	-0.030169	0.017993
1525657269.457516	1525657269.457516	0.059192	-0.022615	0.041170
1525657269.467553	1525657269.467553	0.038715	0.009457	0.064335
1525657269.477529	1525657269.477529	0.030187	0.048931	0.071680
1525657269.487510	1525657269.487510	0.033514	0.073428	0.066398
1525657269.497367	1525657269.497367	0.049627	0.086147	0.060208
1525657269.507465	1525657269.507465	0.058058	0.091444	0.069891
1525657269.517448	1525657269.517448	0.043787	0.087256	0.101647
1525657269.527505	1525657269.527505	0.022068	0.075637	0.130119
1525657269.537406	1525657269.537406	0.004830	0.060794	0.140553
1525657269.547385	1525657269.547385	-0.004668	0.044842	0.128729
1525657269.557360	1525657269.557360	0.004182	0.024540	0.099036
1525657269.567345	1525657269.567345	0.013153	-0.020282	0.054444
1525657269.577324	1525657269.577324	0.021026	-0.072559	0.010903
1525657269.587304	1525657269.587304	0.040541	-0.093972	-0.018660
1525657269.597282	1525657269.597282	0.048187	-0.090813	-0.032403
1525657269.607261	1525657269.607261	0.033288	-0.075828	-0.032586
1525657269.617241	1525657269.617241	0.002225	-0.052242	-0.018065
1525657269.627216	1525657269.627216	-0.026816	-0.010540	0.009252
1525657269.637199	1525657269.637199	-0.044143	0.011927	0.034584
1525657269.647804	1525657269.647804	-0.041090	0.031106	0.050586
1525657269.657230	1525657269.657230	-0.032672	0.036404	0.061332
1525657269.667446	1525657269.667446	-0.032642	0.006557	0.052818
1525657269.677114	1525657269.677114	-0.036934	-0.008346	0.051702
1525657269.687499	1525657269.687499	-0.043485	-0.026433	0.060137
1525657269.697067	1525657269.697067	-0.038066	-0.060569	0.046368
1525657269.707410	1525657269.707410	-0.016519	-0.080920	0.025345
1525657269.717031	1525657269.717031	-0.005502	-0.108693	-0.008579
1525657269.727246	1525657269.727246	-0.004019	-0.093792	-0.039428
1525657269.736990	1525657269.736990	-0.011175	-0.062862	-0.058674
1525657269.747001	1525657269.747001	-0.014345	-0.035136	-0.055521
1525657269.756947	1525657269.756947	-0.010273	-0.019157	-0.036313
1525657269.806950	1525657269.806950	0.011971	0.005270	-0.017948
1525657269.807108	1525657269.807108	0.026999	0.031851	-0.019894
1525657269.807369	1525657269.807369	0.023937	0.035056	-0.030575
1525657269.807495	1525657269.807495	0.004780	0.027675	-0.036131
1525657269.807744	1525657269.807744	-0.015666	0.014977	-0.024672
1525657269.817068	1525657269.817068	-0.009528	0.013895	-0.003310
1525657269.826850	1525657269.826850	0.001999	0.019183	0.014925
1525657269.836816	1525657269.836816	0.009462	0.033008	0.018209
1525657269.846795	1525657269.846795	0.028726	0.030792	0.013123
1525657269.856783	1525657269.856783	0.045908	0.028583	0.003754
1525657269.866744	1525657269.866744	0.057688	0.030664	0.000705
1525657269.876737	1525657269.876737	0.062023	0.021050	-0.006693
1525657269.886712	1525657269.886712	0.065337	-0.001353	-0.020488
1525657269.896686	1525657269.896686	0.080379	-0.021673	-0.033076
1525657269.906781	1525657269.906781	0.082519	-0.045132	-0.038371
1525657269.916665	1525657269.916665	0.080302	-0.052581	-0.033076
1525657269.926639	1525657269.926639	0.072776	-0.054678	-0.028910
1525657269.936560	1525657269.936560	0.071709	-0.054674	-0.028923
1525657269.949163	1525657269.949163	0.090924	-0.050492	-0.028688
1525657269.956577	1525657269.956577	0.097247	-0.039857	-0.020096
1525657269.966555	1525657269.966555	0.096003	-0.037714	-0.005211
1525657269.976583	1525657269.976583	0.095833	-0.032377	0.009688
1525657269.987813	1525657269.987813	0.090432	-0.012100	0.019201
1525657269.996577	1525657269.996577	0.088326	0.009227	0.021303
1525657270.006474	1525657270.006474	0.097960	0.032634	0.023549
1525657270.016440	1525657270.016440	0.112946	0.036833	0.020539
1525657270.026356	1525657270.026356	0.132166	0.053805	0.022902
1525657270.036410	1525657270.036410	0.127875	0.060219	0.026043
1525657270.046377	1525657270.046377	0.104388	0.059254	0.026820
1525657270.056358	1525657270.056358	0.076634	0.047647	0.025416
1525657270.066384	1525657270.066384	0.062702	0.043445	0.029503
1525657270.077862	1525657270.077862	0.064705	0.043441	0.040171
1525657270.086314	1525657270.086314	0.086016	0.043352	0.042561
1525657270.096278	1525657270.096278	0.105323	0.021948	0.030025
1525657270.106159	1525657270.106159	0.113046	0.003785	0.005640
1525657270.116834	1525657270.116834	0.104602	-0.006841	-0.004042
1525657270.132161	1525657270.132161	0.077820	-0.008855	0.004145
1525657270.136301	1525657270.136301	0.055286	-0.003425	0.015577
1525657270.146301	1525657270.146301	0.029684	-0.002251	0.015264
1525657270.156055	1525657270.156055	0.013866	-0.006454	-0.000895
1525657270.168344	1525657270.168344	0.027908	-0.010784	-0.015624
1525657270.176117	1525657270.176117	0.046135	-0.016194	-0.023915
1525657270.186100	1525657270.186100	0.054628	-0.027953	-0.022747
1525657270.196089	1525657270.196089	0.069480	-0.030145	-0.016179
1525657270.207188	1525657270.207188	0.088600	-0.027025	-0.008495
1525657270.216170	1525657270.216170	0.088588	-0.016366	-0.005302
1525657270.226018	1525657270.226018	0.076882	-0.004592	-0.005446
1525657270.235995	1525657270.235995	0.063071	0.008255	-0.007744
1525657270.245941	1525657270.245941	0.057752	0.009343	-0.008873
1525657270.258734	1525657270.258734	0.051325	0.009371	-0.006823
1525657270.265851	1525657270.265851	0.043755	0.005143	0.000535
1525657270.275924	1525657270.275924	0.039440	0.007295	0.004740
1525657270.285905	1525657270.285905	0.045834	0.014730	0.006946
1525657270.299426	1525657270.299426	0.050164	0.018973	0.002742
