1525629519.608987	1525629519.608987	0.000946	0.991058	0.079971
1525629519.615949	1525629519.615949	0.000381	0.990875	0.079269
1525629519.626856	1525629519.626856	-0.003616	0.987747	0.078827
1525629519.635709	1525629519.635709	-0.004837	0.985825	0.078888
1525629519.645611	1525629519.645611	-0.000656	0.988739	0.080750
1525629519.655596	1525629519.655596	0.004211	0.994888	0.080490
1525629519.666219	1525629519.666219	0.006897	0.990341	0.075348
1525629519.675594	1525629519.675594	0.009766	0.983673	0.067642
1525629519.685541	1525629519.685541	0.014160	0.990646	0.067215
1525629519.695525	1525629519.695525	0.013336	0.995239	0.074890
1525629519.707110	1525629519.707110	0.011093	0.993881	0.078461
1525629519.717770	1525629519.717770	0.008743	0.995789	0.077682
1525629519.725518	1525629519.725518	0.005737	1.003189	0.083450
1525629519.735539	1525629519.735539	0.005997	1.007355	0.087738
1525629519.745550	1525629519.745550	0.009338	1.007050	0.090622
1525629519.756731	1525629519.756731	0.009872	1.002655	0.096573
1525629519.765586	1525629519.765586	0.006134	1.001968	0.095245
1525629519.775414	1525629519.775414	0.005219	1.001038	0.092529
1525629519.785491	1525629519.785491	0.006104	1.001419	0.091690
1525629519.795535	1525629519.795535	0.000824	0.992523	0.083694
1525629519.805669	1525629519.805669	-0.007248	0.982269	0.076279
1525629519.815554	1525629519.815554	-0.010071	0.982666	0.073044
1525629519.825222	1525629519.825222	-0.011536	0.985870	0.075897
1525629519.835237	1525629519.835237	-0.011932	0.988968	0.080353
1525629519.845671	1525629519.845671	-0.008377	0.994461	0.085953
1525629519.855130	1525629519.855130	-0.003937	0.998520	0.094360
1525629519.865246	1525629519.865246	-0.003174	0.999374	0.094711
1525629519.875101	1525629519.875101	-0.004318	0.995514	0.090698
1525629519.885091	1525629519.885091	-0.004898	0.995163	0.085052
1525629519.895268	1525629519.895268	-0.002991	0.993759	0.079376
1525629519.905148	1525629519.905148	0.001358	0.992142	0.077438
1525629519.915156	1525629519.915156	0.010086	0.995331	0.080750
1525629519.925084	1525629519.925084	0.018799	1.001328	0.081848
1525629519.936327	1525629519.936327	0.018509	0.987701	0.070969
1525629519.945137	1525629519.945137	0.018387	0.986801	0.070114
1525629519.955273	1525629519.955273	0.027832	0.999756	0.066711
1525629519.965090	1525629519.965090	0.037781	0.987076	0.051788
1525629519.974991	1525629519.974991	0.045380	0.981400	0.052246
1525629519.984932	1525629519.984932	0.045898	0.998367	0.074875
1525629519.994936	1525629519.994936	0.038391	1.017288	0.106979
1525629520.005678	1525629520.005678	0.026978	1.023788	0.113434
1525629520.014690	1525629520.014690	0.016815	1.006470	0.098663
1525629520.025481	1525629520.025481	0.006149	0.983063	0.087265
1525629520.034661	1525629520.034661	-0.001923	0.975128	0.098404
1525629520.044639	1525629520.044639	0.000793	1.023117	0.158264
1525629520.054713	1525629520.054713	0.041840	1.060730	0.113464
1525629520.064625	1525629520.064625	0.073456	0.974503	0.021439
1525629520.074601	1525629520.074601	0.020660	0.946335	0.038589
1525629520.084677	1525629520.084677	-0.014282	0.992706	0.080643
1525629520.094636	1525629520.094636	-0.022812	1.029327	0.093155
1525629520.104593	1525629520.104593	-0.053909	1.009186	0.079666
1525629520.114629	1525629520.114629	-0.078476	0.969025	0.063644
1525629520.124582	1525629520.124582	-0.094864	0.955688	0.068619
1525629520.134535	1525629520.134535	-0.111008	0.967468	0.073914
1525629520.144589	1525629520.144589	-0.111786	0.981659	0.084473
1525629520.154574	1525629520.154574	-0.095947	0.994919	0.088852
1525629520.164610	1525629520.164610	-0.073639	0.988800	0.080368
1525629520.175591	1525629520.175591	-0.048584	0.975967	0.075272
1525629520.184762	1525629520.184762	-0.021057	0.996628	0.083847
1525629520.195201	1525629520.195201	-0.003632	1.027786	0.085419
1525629520.204551	1525629520.204551	-0.014832	1.012772	0.105530
1525629520.214512	1525629520.214512	-0.046951	0.949936	0.170868
1525629520.224481	1525629520.224481	-0.083740	0.885147	0.190842
1525629520.234513	1525629520.234513	-0.081711	0.944260	0.091171
1525629520.244766	1525629520.244766	-0.103699	0.886368	0.295578
1525629520.254591	1525629520.254591	-0.180405	0.878784	0.315598
1525629520.264435	1525629520.264435	-0.062119	1.089783	0.006287
1525629520.274413	1525629520.274413	0.153458	1.172760	-0.014542
1525629520.284399	1525629520.284399	0.382828	1.140656	0.007843
1525629520.294396	1525629520.294396	0.488464	1.032318	0.066101
1525629520.304551	1525629520.304551	0.410263	0.932175	0.066803
1525629520.314277	1525629520.314277	0.241150	0.931534	0.015930
1525629520.326550	1525629520.326550	0.089462	1.025238	0.005920
1525629520.334255	1525629520.334255	0.009903	1.093307	0.045990
1525629520.344312	1525629520.344312	-0.009094	1.060944	0.088943
1525629520.354182	1525629520.354182	-0.001877	0.981140	0.123062
1525629520.364170	1525629520.364170	0.009720	0.931641	0.150650
1525629520.376784	1525629520.376784	0.020508	0.941559	0.163330
1525629520.384499	1525629520.384499	0.027206	0.989166	0.165710
1525629520.394623	1525629520.394623	0.023926	1.026001	0.152969
1525629520.404074	1525629520.404074	0.014755	1.020981	0.125610
1525629520.414118	1525629520.414118	0.007996	0.989487	0.093246
1525629520.424111	1525629520.424111	0.010529	0.974838	0.060150
1525629520.434077	1525629520.434077	0.025543	0.987305	0.043503
1525629520.443979	1525629520.443979	0.043869	1.003036	0.059830
1525629520.454212	1525629520.454212	0.053635	1.006317	0.096329
1525629520.464078	1525629520.464078	0.050613	1.000244	0.130142
1525629520.475789	1525629520.475789	0.033951	0.991013	0.149445
1525629520.483844	1525629520.483844	0.007507	0.981873	0.156387
1525629520.493878	1525629520.493878	-0.021713	0.977020	0.153214
1525629520.503918	1525629520.503918	-0.050201	0.975174	0.141907
1525629520.513821	1525629520.513821	-0.072266	0.977890	0.123947
1525629520.524181	1525629520.524181	-0.082825	0.987656	0.101639
1525629520.533881	1525629520.533881	-0.079254	0.996689	0.084595
1525629520.543880	1525629520.543880	-0.064240	0.990891	0.085938
1525629520.556527	1525629520.556527	-0.048462	0.988571	0.111450
1525629520.563958	1525629520.563958	-0.041718	0.990219	0.142075
1525629520.573767	1525629520.573767	-0.036880	0.979202	0.150330
1525629520.583803	1525629520.583803	-0.028809	0.965576	0.145111
1525629520.593792	1525629520.593792	-0.022110	0.962280	0.151505
1525629520.603926	1525629520.603926	-0.019379	0.968124	0.168900
1525629520.614035	1525629520.614035	-0.014725	0.978561	0.184418
1525629520.623720	1525629520.623720	-0.012512	0.995895	0.192078
1525629520.633637	1525629520.633637	-0.013382	1.007217	0.193344
1525629520.643680	1525629520.643680	-0.012207	1.012817	0.185013
1525629520.653834	1525629520.653834	-0.005936	1.009354	0.168243
1525629520.664102	1525629520.664102	0.008881	0.988678	0.153442
1525629520.674984	1525629520.674984	0.027237	0.966904	0.147797
1525629520.683494	1525629520.683494	0.041183	0.962540	0.147690
1525629520.693582	1525629520.693582	0.048172	0.972015	0.151031
1525629520.704055	1525629520.704055	0.044662	0.993454	0.138992
1525629520.713966	1525629520.713966	0.031693	1.010803	0.116821
1525629520.723766	1525629520.723766	0.017456	1.015167	0.098877
1525629520.733442	1525629520.733442	0.012146	1.000259	0.083023
1525629520.743383	1525629520.743383	0.028076	0.987411	0.065994
1525629520.753782	1525629520.753782	0.053741	0.995850	0.081985
1525629520.763533	1525629520.763533	0.066650	1.003174	0.128311
1525629520.773434	1525629520.773434	0.052887	0.994476	0.174164
1525629520.783583	1525629520.783583	0.016891	0.974991	0.212494
1525629520.793412	1525629520.793412	-0.036240	0.970810	0.228104
1525629520.803562	1525629520.803562	-0.095947	0.984634	0.215271
1525629520.813452	1525629520.813452	-0.152649	0.989990	0.176376
1525629520.824762	1525629520.824762	-0.186584	0.980423	0.111893
1525629520.833244	1525629520.833244	-0.180603	0.965439	0.091614
1525629520.843627	1525629520.843627	-0.137604	0.963593	0.129150
1525629520.853635	1525629520.853635	-0.081833	0.979111	0.170975
1525629520.863450	1525629520.863450	-0.042084	1.006363	0.156631
1525629520.873145	1525629520.873145	-0.033035	1.016113	0.093811
1525629520.883176	1525629520.883176	-0.048111	1.000854	0.016861
1525629520.893313	1525629520.893313	-0.073364	0.989151	-0.044174
1525629520.903478	1525629520.903478	-0.085724	0.989197	-0.064438
1525629520.913359	1525629520.913359	-0.078751	0.992142	-0.023193
1525629520.924260	1525629520.924260	-0.069366	0.997391	0.063492
1525629520.933060	1525629520.933060	-0.067734	1.000992	0.136917
1525629520.942994	1525629520.942994	-0.073883	1.015656	0.170471
1525629520.953335	1525629520.953335	-0.081894	1.027206	0.167480
1525629520.963152	1525629520.963152	-0.077209	1.000443	0.131409
1525629520.972806	1525629520.972806	-0.068893	0.961166	0.119720
1525629520.982911	1525629520.982911	-0.079193	0.953720	0.127258
1525629520.992982	1525629520.992982	-0.109085	0.978470	0.106232
1525629521.002977	1525629521.002977	-0.145294	0.998215	0.072540
1525629521.013179	1525629521.013179	-0.175659	0.985168	0.065353
1525629521.023060	1525629521.023060	-0.193161	0.955170	0.080032
1525629521.033276	1525629521.033276	-0.199097	0.938461	0.095047
1525629521.047213	1525629521.047213	-0.194763	0.939423	0.110504
1525629521.053027	1525629521.053027	-0.189743	0.954102	0.137604
1525629521.062715	1525629521.062715	-0.193878	0.971329	0.153198
1525629521.073310	1525629521.073310	-0.199829	0.972046	0.150253
1525629521.082652	1525629521.082652	-0.204453	0.960281	0.149551
1525629521.092651	1525629521.092651	-0.211609	0.960327	0.150436
1525629521.102621	1525629521.102621	-0.214996	0.966415	0.146805
1525629521.112426	1525629521.112426	-0.211838	0.961990	0.150223
1525629521.122838	1525629521.122838	-0.206573	0.958801	0.153442
1525629521.132797	1525629521.132797	-0.201889	0.961227	0.152161
1525629521.142858	1525629521.142858	-0.192810	0.963455	0.147995
1525629521.152934	1525629521.152934	-0.185287	0.968048	0.147049
1525629521.163158	1525629521.163158	-0.184631	0.977112	0.148743
1525629521.172424	1525629521.172424	-0.194382	0.983398	0.147598
1525629521.182381	1525629521.182381	-0.209457	0.977844	0.147797
1525629521.194789	1525629521.194789	-0.228882	0.966095	0.160126
1525629521.203092	1525629521.203092	-0.248093	0.954910	0.167999
1525629521.212696	1525629521.212696	-0.261673	0.941833	0.174026
1525629521.222545	1525629521.222545	-0.266037	0.935974	0.184998
1525629521.232704	1525629521.232704	-0.263214	0.942551	0.183151
1525629521.242652	1525629521.242652	-0.255478	0.948273	0.185562
1525629521.252656	1525629521.252656	-0.242432	0.956070	0.194351
1525629521.262527	1525629521.262527	-0.224243	0.984024	0.191223
1525629521.272353	1525629521.272353	-0.208145	1.023605	0.188690
1525629521.282401	1525629521.282401	-0.206680	1.035400	0.193039
1525629521.292604	1525629521.292604	-0.219162	1.009125	0.174362
1525629521.302577	1525629521.302577	-0.235519	0.987610	0.140457
1525629521.312453	1525629521.312453	-0.248856	0.989731	0.118591
1525629521.322637	1525629521.322637	-0.249084	1.006271	0.125015
1525629521.332545	1525629521.332545	-0.240341	1.036514	0.158051
1525629521.342575	1525629521.342575	-0.236481	1.053009	0.194077
1525629521.352590	1525629521.352590	-0.248047	1.056137	0.202667
1525629521.362394	1525629521.362394	-0.287323	1.105087	0.184479
1525629521.372601	1525629521.372601	-0.343979	1.204468	0.172241
1525629521.382371	1525629521.382371	-0.359924	1.255264	0.170944
1525629521.392861	1525629521.392861	-0.331192	1.216232	0.186996
1525629521.402369	1525629521.402369	-0.289246	1.177887	0.198471
1525629521.412648	1525629521.412648	-0.235794	1.195328	0.197098
1525629521.421973	1525629521.421973	-0.172302	1.235107	0.253815
1525629521.432285	1525629521.432285	-0.101303	1.242218	0.334641
1525629521.442426	1525629521.442426	-0.045258	1.216080	0.410187
1525629521.452169	1525629521.452169	-0.009842	1.153839	0.447266
1525629521.462159	1525629521.462159	0.012589	1.093262	0.443695
1525629521.472233	1525629521.472233	0.024399	1.060913	0.431183
1525629521.481891	1525629521.481891	0.029251	1.042404	0.447388
1525629521.491796	1525629521.491796	0.032043	1.044235	0.461304
1525629521.501884	1525629521.501884	0.033112	1.058578	0.457199
1525629521.515157	1525629521.515157	0.033340	1.022064	0.421738
1525629521.523323	1525629521.523323	0.025345	0.975632	0.361679
1525629521.531735	1525629521.531735	-0.005035	0.949646	0.313232
1525629521.541731	1525629521.541731	-0.075592	0.925812	0.284225
1525629521.551618	1525629521.551618	-0.190750	0.894012	0.274094
1525629521.561687	1525629521.561687	-0.351578	0.857758	0.278732
1525629521.571634	1525629521.571634	-0.554382	0.842010	0.289352
1525629521.581689	1525629521.581689	-0.771271	0.841019	0.325394
1525629521.591606	1525629521.591606	-0.950684	0.846207	0.344681
1525629521.601636	1525629521.601636	-1.043549	0.838974	0.305557
1525629521.611525	1525629521.611525	-1.031464	0.781906	0.192139
1525629521.621800	1525629521.621800	-0.891678	0.684326	0.047256
1525629521.631780	1525629521.631780	-0.665649	0.567184	-0.012451
1525629521.644755	1525629521.644755	-0.430115	0.452911	-0.028320
1525629521.651821	1525629521.651821	-0.236176	0.383759	-0.055862
1525629521.661799	1525629521.661799	-0.116425	0.379639	-0.066025
1525629521.671475	1525629521.671475	-0.076965	0.431931	-0.033371
1525629521.681483	1525629521.681483	-0.095566	0.501068	0.051117
1525629521.691854	1525629521.691854	-0.154922	0.551331	0.139847
1525629521.701807	1525629521.701807	-0.247299	0.574890	0.192459
1525629521.711773	1525629521.711773	-0.363281	0.593353	0.217819
1525629521.721333	1525629521.721333	-0.503891	0.619308	0.224289
1525629521.731359	1525629521.731359	-0.660248	0.633575	0.214661
1525629521.741246	1525629521.741246	-0.796249	0.622818	0.205948
1525629521.751327	1525629521.751327	-0.877045	0.596405	0.214783
1525629521.761820	1525629521.761820	-0.875519	0.572983	0.237518
1525629521.771618	1525629521.771618	-0.797958	0.571121	0.245911
1525629521.781370	1525629521.781370	-0.678925	0.594147	0.239685
1525629521.791238	1525629521.791238	-0.550583	0.633621	0.234619
1525629521.801224	1525629521.801224	-0.436584	0.685211	0.238220
1525629521.811548	1525629521.811548	-0.346237	0.742767	0.252563
1525629521.821128	1525629521.821128	-0.283630	0.796722	0.285904
1525629521.831202	1525629521.831202	-0.256744	0.844543	0.331696
1525629521.841070	1525629521.841070	-0.265488	0.886459	0.372711
1525629521.851119	1525629521.851119	-0.306137	0.917389	0.405594
1525629521.861556	1525629521.861556	-0.368286	0.942719	0.413635
1525629521.871088	1525629521.871088	-0.444778	0.969574	0.403961
1525629521.881097	1525629521.881097	-0.523621	0.975708	0.396484
1525629521.891012	1525629521.891012	-0.592148	0.964966	0.400909
1525629521.900920	1525629521.900920	-0.629669	0.957397	0.408661
1525629521.911367	1525629521.911367	-0.618210	0.967239	0.404709
1525629521.920992	1525629521.920992	-0.566299	0.995361	0.391281
1525629521.930865	1525629521.930865	-0.491684	1.029770	0.377609
1525629521.940783	1525629521.940783	-0.407272	1.071732	0.362137
1525629521.950900	1525629521.950900	-0.318558	1.118439	0.344971
1525629521.960859	1525629521.960859	-0.238968	1.143661	0.326538
1525629521.970704	1525629521.970704	-0.184616	1.142960	0.313126
1525629521.980817	1525629521.980817	-0.158524	1.134918	0.313049
1525629521.990959	1525629521.990959	-0.148941	1.124298	0.307816
1525629522.000791	1525629522.000791	-0.152130	1.110504	0.273087
1525629522.010847	1525629522.010847	-0.178772	1.078491	0.227982
1525629522.020997	1525629522.020997	-0.224380	1.031372	0.213196
1525629522.030889	1525629522.030889	-0.276871	0.981277	0.242615
1525629522.040747	1525629522.040747	-0.330597	0.936966	0.311737
1525629522.050689	1525629522.050689	-0.388611	0.897659	0.390518
1525629522.060572	1525629522.060572	-0.457550	0.866379	0.455490
1525629522.070589	1525629522.070589	-0.537033	0.846436	0.492813
1525629522.080621	1525629522.080621	-0.610748	0.838776	0.496887
1525629522.090521	1525629522.090521	-0.667297	0.848526	0.475601
1525629522.100526	1525629522.100526	-0.693878	0.867355	0.459488
1525629522.110477	1525629522.110477	-0.626282	0.890808	0.559494
1525629522.120287	1525629522.120287	-0.317810	1.054123	0.740707
1525629522.130285	1525629522.130285	0.453964	1.445908	0.702347
1525629522.140270	1525629522.140270	1.265411	1.698059	0.364243
1525629522.150240	1525629522.150240	1.476654	1.624649	-0.099503
1525629522.160235	1525629522.160235	1.230118	1.529907	-0.323563
1525629522.170232	1525629522.170232	0.748795	1.505554	-0.136963
1525629522.180200	1525629522.180200	0.490784	1.299774	0.330322
1525629522.190276	1525629522.190276	0.457291	0.882584	0.837036
1525629522.200151	1525629522.200151	0.404434	0.644928	0.806488
1525629522.210214	1525629522.210214	0.337326	0.693848	0.171753
1525629522.220001	1525629522.220001	0.217255	0.870682	-0.492615
1525629522.230187	1525629522.230187	0.095505	1.006027	-0.682541
1525629522.240070	1525629522.240070	0.025101	1.035370	-0.344513
1525629522.250055	1525629522.250055	0.013245	0.992966	0.086029
1525629522.260025	1525629522.260025	0.020203	0.908112	0.348389
1525629522.269994	1525629522.269994	0.013840	0.831421	0.424225
1525629522.281143	1525629522.281143	0.013184	0.812180	0.379654
1525629522.289966	1525629522.289966	0.036865	0.858109	0.304260
1525629522.299982	1525629522.299982	0.061554	0.941971	0.234695
1525629522.309959	1525629522.309959	0.061646	1.013229	0.206665
1525629522.319926	1525629522.319926	0.036209	1.039902	0.225082
1525629522.329913	1525629522.329913	0.005814	1.022369	0.239822
1525629522.339882	1525629522.339882	-0.012070	0.980042	0.215149
1525629522.349884	1525629522.349884	-0.008438	0.947540	0.164139
1525629522.359876	1525629522.359876	0.014435	0.950287	0.100723
1525629522.369892	1525629522.369892	0.037445	0.971283	0.031921
1525629522.379753	1525629522.379753	0.017441	0.985168	0.005951
1525629522.389850	1525629522.389850	-0.042252	0.993958	-0.036057
1525629522.399831	1525629522.399831	-0.096741	0.978256	-0.074432
1525629522.409870	1525629522.409870	-0.121521	0.954834	-0.015381
1525629522.419791	1525629522.419791	-0.121246	0.953018	0.066727
1525629522.429768	1525629522.429768	-0.112549	0.970612	0.106506
1525629522.439748	1525629522.439748	-0.097549	0.988297	0.130295
1525629522.449777	1525629522.449777	-0.068695	0.992538	0.156586
1525629522.459770	1525629522.459770	-0.027313	0.992111	0.164978
1525629522.469679	1525629522.469679	0.016785	0.999725	0.126938
1525629522.479662	1525629522.479662	0.052444	1.008163	0.060623
1525629522.489635	1525629522.489635	0.070908	1.008453	0.000244
1525629522.508774	1525629522.508774	0.074478	1.001175	-0.019211
1525629522.509601	1525629522.509601	0.063553	0.991226	0.007919
1525629522.519572	1525629522.519572	0.034729	0.984970	0.048462
1525629522.529557	1525629522.529557	-0.008301	0.978424	0.080338
1525629522.540214	1525629522.540214	-0.052460	0.967560	0.099380
1525629522.549820	1525629522.549820	-0.086319	0.952972	0.127808
1525629522.559643	1525629522.559643	-0.099564	0.954086	0.154541
1525629522.569558	1525629522.569558	-0.095383	0.973022	0.186478
1525629522.579561	1525629522.579561	-0.097565	0.996628	0.211349
1525629522.589414	1525629522.589414	-0.113281	1.007935	0.181824
1525629522.599528	1525629522.599528	-0.132065	0.996216	0.136261
1525629522.609498	1525629522.609498	-0.146164	0.973221	0.108246
1525629522.619515	1525629522.619515	-0.151749	0.958038	0.102219
1525629522.629738	1525629522.629738	-0.152542	0.961639	0.119675
1525629522.639713	1525629522.639713	-0.154587	0.979568	0.134232
1525629522.649693	1525629522.649693	-0.157822	0.992462	0.139404
1525629522.659675	1525629522.659675	-0.157669	0.987946	0.136902
1525629522.669645	1525629522.669645	-0.146896	0.973419	0.144852
1525629522.679634	1525629522.679634	-0.131882	0.975143	0.162186
1525629522.689605	1525629522.689605	-0.118607	0.992859	0.169693
1525629522.700569	1525629522.700569	-0.113815	1.003342	0.167542
1525629522.709570	1525629522.709570	-0.116241	0.998642	0.159698
1525629522.719548	1525629522.719548	-0.125626	0.985962	0.152435
1525629522.729531	1525629522.729531	-0.140976	0.979126	0.146683
1525629522.739501	1525629522.739501	-0.157089	0.980286	0.134338
1525629522.749508	1525629522.749508	-0.172562	0.984589	0.120148
1525629522.759464	1525629522.759464	-0.183838	0.986008	0.102142
1525629522.769151	1525629522.769151	-0.189514	0.988251	0.081024
1525629522.779058	1525629522.779058	-0.181946	0.989304	0.060944
1525629522.789388	1525629522.789388	-0.174255	0.988281	0.052155
1525629522.799170	1525629522.799170	-0.173996	0.995773	0.044922
1525629522.809542	1525629522.809542	-0.172882	1.008392	0.044144
1525629522.818986	1525629522.818986	-0.164215	1.023788	0.052185
1525629522.828777	1525629522.828777	-0.144760	1.055496	0.048309
1525629522.838992	1525629522.838992	-0.122284	1.110138	0.034286
1525629522.849007	1525629522.849007	-0.102676	1.151611	0.044754
1525629522.859294	1525629522.859294	-0.086243	1.163605	0.056351
1525629522.868869	1525629522.868869	-0.072128	1.146072	0.068817
1525629522.878915	1525629522.878915	-0.068756	1.082916	0.125732
1525629522.888841	1525629522.888841	-0.085541	1.053360	0.197815
1525629522.898933	1525629522.898933	-0.157333	1.157730	0.244873
1525629522.908825	1525629522.908825	-0.277008	1.351318	0.308212
1525629522.918873	1525629522.918873	-0.287018	1.351303	0.349396
1525629522.929036	1525629522.929036	-0.267044	1.171875	0.429855
1525629522.938799	1525629522.938799	-0.292877	1.102478	0.466202
1525629522.948999	1525629522.948999	-0.290100	1.186157	0.386734
1525629522.958868	1525629522.958868	-0.228516	1.277420	0.404648
1525629522.968769	1525629522.968769	-0.119736	1.297684	0.461716
1525629522.978818	1525629522.978818	-0.002548	1.293579	0.478424
1525629522.988904	1525629522.988904	0.097000	1.278305	0.478195
1525629522.998901	1525629522.998901	0.178497	1.209106	0.454483
1525629523.012802	1525629523.012802	0.251877	1.130554	0.378479
1525629523.018753	1525629523.018753	0.320999	1.112747	0.296616
1525629523.028682	1525629523.028682	0.345673	1.066376	0.254105
1525629523.038599	1525629523.038599	0.289917	0.958084	0.240845
1525629523.048624	1525629523.048624	0.143631	0.837814	0.242676
1525629523.058850	1525629523.058850	-0.078934	0.754135	0.245529
1525629523.068585	1525629523.068585	-0.358215	0.719559	0.212677
1525629523.078676	1525629523.078676	-0.663208	0.708252	0.169464
1525629523.088668	1525629523.088668	-0.944397	0.687698	0.208588
1525629523.098532	1525629523.098532	-1.140747	0.667114	0.300781
1525629523.108784	1525629523.108784	-1.217224	0.674774	0.312973
1525629523.118406	1525629523.118406	-1.197449	0.679688	0.209152
1525629523.128523	1525629523.128523	-1.053116	0.633804	0.070770
1525629523.138400	1525629523.138400	-0.807571	0.552536	-0.044769
1525629523.148286	1525629523.148286	-0.541306	0.466599	-0.150513
1525629523.158651	1525629523.158651	-0.274582	0.408066	-0.232361
1525629523.168378	1525629523.168378	-0.046265	0.387085	-0.259247
1525629523.178413	1525629523.178413	0.098480	0.402863	-0.217468
1525629523.188508	1525629523.188508	0.143906	0.457977	-0.119308
1525629523.198720	1525629523.198720	0.109070	0.530624	0.000214
1525629523.208652	1525629523.208652	0.017761	0.602692	0.115631
1525629523.218566	1525629523.218566	-0.121674	0.668182	0.225525
1525629523.231120	1525629523.231120	-0.300842	0.723328	0.305511
1525629523.238430	1525629523.238430	-0.520142	0.758926	0.330673
1525629523.248410	1525629523.248410	-0.754898	0.757980	0.309601
1525629523.258531	1525629523.258531	-0.951416	0.712357	0.282761
1525629523.268175	1525629523.268175	-1.070389	0.642227	0.278748
1525629523.278388	1525629523.278388	-1.098389	0.580368	0.289322
1525629523.288354	1525629523.288354	-1.038940	0.567032	0.286850
1525629523.298310	1525629523.298310	-0.912689	0.608521	0.278610
1525629523.311040	1525629523.311040	-0.756821	0.678375	0.288177
1525629523.318067	1525629523.318067	-0.597458	0.752167	0.293427
1525629523.328104	1525629523.328104	-0.447525	0.812927	0.288223
1525629523.337965	1525629523.337965	-0.325592	0.856613	0.267639
1525629523.348307	1525629523.348307	-0.238571	0.893829	0.248932
1525629523.360832	1525629523.360832	-0.186127	0.944611	0.244354
1525629523.368084	1525629523.368084	-0.175919	1.010498	0.252548
1525629523.378041	1525629523.378041	-0.207840	1.055328	0.264404
1525629523.387851	1525629523.387851	-0.278183	1.065231	0.278824
1525629523.397923	1525629523.397923	-0.366959	1.061417	0.299911
1525629523.411428	1525629523.411428	-0.445145	1.056488	0.333099
1525629523.417861	1525629523.417861	-0.495758	1.043228	0.370255
1525629523.427898	1525629523.427898	-0.514343	1.021194	0.395126
1525629523.437765	1525629523.437765	-0.498016	1.000381	0.406830
1525629523.447862	1525629523.447862	-0.446320	0.985245	0.418488
1525629523.459485	1525629523.459485	-0.372665	0.972641	0.426895
1525629523.467658	1525629523.467658	-0.290695	0.971558	0.417480
1525629523.477905	1525629523.477905	-0.213013	0.991074	0.397751
1525629523.487623	1525629523.487623	-0.146088	1.033646	0.387543
1525629523.497836	1525629523.497836	-0.085968	1.080002	0.368988
1525629523.507754	1525629523.507754	-0.040375	1.097717	0.324768
1525629523.517872	1525629523.517872	-0.027863	1.072250	0.262680
1525629523.527850	1525629523.527850	-0.039597	1.032944	0.202637
1525629523.539026	1525629523.539026	-0.052124	1.014053	0.181503
1525629523.547494	1525629523.547494	-0.044098	1.022171	0.192261
1525629523.557937	1525629523.557937	-0.014114	1.031891	0.207657
1525629523.567570	1525629523.567570	0.001083	1.024170	0.229294
1525629523.577951	1525629523.577951	-0.022354	1.008636	0.251419
1525629523.587761	1525629523.587761	-0.079773	0.994125	0.267471
1525629523.597992	1525629523.597992	-0.153336	0.974014	0.295456
1525629523.607793	1525629523.607793	-0.229141	0.949066	0.323395
1525629523.617782	1525629523.617782	-0.308136	0.928650	0.354828
1525629523.629219	1525629523.629219	-0.384750	0.917007	0.383163
1525629523.637669	1525629523.637669	-0.445831	0.917603	0.402390
1525629523.647618	1525629523.647618	-0.484589	0.932266	0.415237
1525629523.657554	1525629523.657554	-0.488419	0.960480	0.450577
1525629523.667395	1525629523.667395	-0.394730	1.030853	0.597870
1525629523.677364	1525629523.677364	-0.068863	1.250000	0.754501
1525629523.687484	1525629523.687484	0.601547	1.520218	0.601913
1525629523.697521	1525629523.697521	1.096420	1.535278	0.147614
1525629523.707741	1525629523.707741	1.144592	1.453903	-0.329163
1525629523.717247	1525629523.717247	0.898788	1.515457	-0.483459
1525629523.727301	1525629523.727301	0.549103	1.638855	-0.240051
1525629523.737172	1525629523.737172	0.393250	1.473145	0.163025
1525629523.747516	1525629523.747516	0.355270	1.031754	0.448959
1525629523.757381	1525629523.757381	0.367065	0.667862	0.445328
1525629523.767468	1525629523.767468	0.408737	0.524231	0.263153
1525629523.779588	1525629523.779588	0.408447	0.581772	0.079071
1525629523.787181	1525629523.787181	0.340454	0.810104	-0.045227
1525629523.797219	1525629523.797219	0.261459	1.062225	-0.057907
1525629523.807281	1525629523.807281	0.184509	1.181656	0.045914
1525629523.817069	1525629523.817069	0.096741	1.134079	0.175949
1525629523.827100	1525629523.827100	0.017670	0.954010	0.249451
1525629523.838479	1525629523.838479	-0.027100	0.777725	0.229446
1525629523.847090	1525629523.847090	-0.033966	0.710983	0.137161
1525629523.857239	1525629523.857239	-0.024490	0.767883	0.057114
1525629523.867270	1525629523.867270	-0.017303	0.899673	0.040848
1525629523.876971	1525629523.876971	-0.005936	1.033783	0.076874
1525629523.888069	1525629523.888069	0.029510	1.101089	0.140976
1525629523.896922	1525629523.896922	0.083466	1.085846	0.213318
1525629523.907367	1525629523.907367	0.132706	1.030243	0.257553
1525629523.916736	1525629523.916736	0.156479	0.968369	0.247742
1525629523.926932	1525629523.926932	0.140244	0.929688	0.172028
1525629523.936862	1525629523.936862	0.085159	0.928726	0.039841
1525629523.946802	1525629523.946802	0.016724	0.949280	-0.094833
1525629523.956783	1525629523.956783	-0.038757	0.966309	-0.161606
1525629523.966725	1525629523.966725	-0.062881	0.971542	-0.133926
1525629523.976963	1525629523.976963	-0.053192	0.971771	-0.058380
1525629523.986949	1525629523.986949	-0.013504	0.975510	-0.000351
1525629523.997121	1525629523.997121	0.045364	0.989624	0.044266
1525629524.007006	1525629524.007006	0.108795	1.008163	0.084747
1525629524.016653	1525629524.016653	0.153549	1.016922	0.112076
1525629524.026680	1525629524.026680	0.155533	1.015335	0.123779
1525629524.036998	1525629524.036998	0.120712	1.007523	0.099380
1525629524.046759	1525629524.046759	0.067230	0.993134	0.063034
1525629524.056750	1525629524.056750	0.016571	0.979813	0.029388
1525629524.066557	1525629524.066557	-0.024612	0.973801	0.004440
1525629524.076452	1525629524.076452	-0.061813	0.966354	0.005783
1525629524.086465	1525629524.086465	-0.087128	0.954285	0.040833
1525629524.096811	1525629524.096811	-0.094879	0.946075	0.097244
1525629524.106721	1525629524.106721	-0.093689	0.954025	0.143860
1525629524.116483	1525629524.116483	-0.088318	0.974335	0.145004
1525629524.126474	1525629524.126474	-0.089386	0.992569	0.121643
1525629524.136414	1525629524.136414	-0.088043	0.990692	0.091339
1525629524.146360	1525629524.146360	-0.068985	0.976074	0.091461
1525629524.156550	1525629524.156550	-0.038773	0.977310	0.118073
1525629524.166354	1525629524.166354	-0.018021	0.994629	0.156479
1525629524.176376	1525629524.176376	-0.029388	1.017685	0.170731
1525629524.186364	1525629524.186364	-0.065353	1.022263	0.142883
1525629524.196319	1525629524.196319	-0.099579	0.993164	0.117996
1525629524.206615	1525629524.206615	-0.124664	0.957962	0.142624
1525629524.216246	1525629524.216246	-0.146042	0.943802	0.187805
1525629524.226194	1525629524.226194	-0.162323	0.958069	0.195221
1525629524.236047	1525629524.236047	-0.171616	0.981964	0.157043
1525629524.246111	1525629524.246111	-0.159561	0.990494	0.115402
1525629524.256388	1525629524.256388	-0.134018	0.985489	0.098907
1525629524.266108	1525629524.266108	-0.107376	0.985611	0.091858
1525629524.276168	1525629524.276168	-0.085312	0.994598	0.073624
1525629524.286061	1525629524.286061	-0.067062	1.001114	0.050797
1525629524.296123	1525629524.296123	-0.046799	0.999481	0.063110
1525629524.306392	1525629524.306392	-0.034805	0.997086	0.118607
1525629524.316048	1525629524.316048	-0.050705	1.002991	0.154556
1525629524.325935	1525629524.325935	-0.103821	1.014542	0.131348
1525629524.336246	1525629524.336246	-0.170624	1.007309	0.068665
1525629524.346166	1525629524.346166	-0.218796	0.986221	0.020142
1525629524.356101	1525629524.356101	-0.249207	0.973053	0.017761
1525629524.366116	1525629524.366116	-0.269180	0.989014	0.035919
1525629524.376295	1525629524.376295	-0.277191	1.027496	0.041885
1525629524.386133	1525629524.386133	-0.270584	1.062775	0.040833
1525629524.395943	1525629524.395943	-0.242798	1.082077	0.057983
1525629524.405806	1525629524.405806	-0.202332	1.103729	0.084335
1525629524.415712	1525629524.415712	-0.160294	1.156296	0.058426
1525629524.425722	1525629524.425722	-0.114090	1.203323	0.017914
1525629524.435690	1525629524.435690	-0.106018	1.196533	0.093384
1525629524.445564	1525629524.445564	-0.168213	1.264236	0.199570
1525629524.455765	1525629524.455765	-0.196152	1.310730	0.260101
1525629524.465581	1525629524.465581	-0.194946	1.242722	0.288559
1525629524.475649	1525629524.475649	-0.217438	1.187805	0.326721
1525629524.485589	1525629524.485589	-0.221222	1.222168	0.358475
1525629524.495606	1525629524.495606	-0.180664	1.290588	0.410629
1525629524.505601	1525629524.505601	-0.099533	1.296478	0.454010
1525629524.515488	1525629524.515488	-0.002579	1.225433	0.456665
1525629524.525518	1525629524.525518	0.084381	1.174240	0.437164
1525629524.535475	1525629524.535475	0.157928	1.167786	0.426956
1525629524.545537	1525629524.545537	0.228653	1.178894	0.420074
1525629524.555355	1525629524.555355	0.297974	1.181625	0.410980
1525629524.565483	1525629524.565483	0.371353	1.137390	0.377258
1525629524.575461	1525629524.575461	0.413391	1.087189	0.333649
1525629524.585634	1525629524.585634	0.378906	1.015427	0.285812
1525629524.595750	1525629524.595750	0.247452	0.906342	0.247711
1525629524.605589	1525629524.605589	0.037720	0.793121	0.253296
1525629524.615515	1525629524.615515	-0.223755	0.748489	0.239609
1525629524.625347	1525629524.625347	-0.525162	0.770218	0.165344
1525629524.635339	1525629524.635339	-0.838821	0.806702	0.103210
1525629524.645372	1525629524.645372	-1.107452	0.821579	0.146484
1525629524.655558	1525629524.655558	-1.245193	0.818542	0.240585
1525629524.665252	1525629524.665252	-1.223923	0.776321	0.258560
1525629524.675342	1525629524.675342	-1.062744	0.659576	0.204605
1525629524.685091	1525629524.685091	-0.820969	0.494415	0.119446
1525629524.695221	1525629524.695221	-0.580139	0.355728	0.029922
1525629524.705071	1525629524.705071	-0.379822	0.305603	-0.056885
1525629524.715080	1525629524.715080	-0.237366	0.340347	-0.128876
1525629524.725049	1525629524.725049	-0.155975	0.406464	-0.138611
1525629524.735072	1525629524.735072	-0.119217	0.465256	-0.073135
1525629524.745027	1525629524.745027	-0.125732	0.506119	0.048752
1525629524.754976	1525629524.754976	-0.183594	0.535141	0.167801
1525629524.764970	1525629524.764970	-0.285278	0.550003	0.249130
1525629524.774969	1525629524.774969	-0.415253	0.562241	0.280670
1525629524.784982	1525629524.784982	-0.562225	0.576523	0.263184
1525629524.794933	1525629524.794933	-0.708267	0.583511	0.222794
1525629524.804826	1525629524.804826	-0.821899	0.579483	0.181885
1525629524.814858	1525629524.814858	-0.877075	0.576721	0.163208
1525629524.824832	1525629524.824832	-0.858505	0.591553	0.172653
1525629524.834810	1525629524.834810	-0.784302	0.623093	0.206314
1525629524.844735	1525629524.844735	-0.686111	0.666245	0.258957
1525629524.854912	1525629524.854912	-0.588745	0.715927	0.302292
1525629524.865050	1525629524.865050	-0.499878	0.774933	0.329788
1525629524.874753	1525629524.874753	-0.427292	0.843719	0.339722
1525629524.884722	1525629524.884722	-0.387543	0.908112	0.346405
1525629524.894778	1525629524.894778	-0.384750	0.954880	0.361313
1525629524.904647	1525629524.904647	-0.414871	0.985336	0.369247
1525629524.914641	1525629524.914641	-0.464676	1.007355	0.371613
1525629524.924676	1525629524.924676	-0.523010	1.015350	0.377884
1525629524.934607	1525629524.934607	-0.575958	1.007828	0.377411
1525629524.944664	1525629524.944664	-0.616684	0.989975	0.369568
1525629524.954519	1525629524.954519	-0.632553	0.971756	0.367264
1525629524.964572	1525629524.964572	-0.610733	0.965302	0.364929
1525629524.974467	1525629524.974467	-0.547531	0.963699	0.349228
1525629524.984607	1525629524.984607	-0.466476	0.951965	0.328644
1525629524.994471	1525629524.994471	-0.383636	0.941711	0.307480
1525629525.004311	1525629525.004311	-0.303391	0.954529	0.294098
1525629525.014308	1525629525.014308	-0.219345	0.986649	0.293152
1525629525.024388	1525629525.024388	-0.130127	1.008484	0.292160
1525629525.034294	1525629525.034294	-0.051392	1.011307	0.271454
1525629525.044430	1525629525.044430	-0.001266	1.013870	0.242371
1525629525.054284	1525629525.054284	0.006332	1.037888	0.222412
1525629525.064283	1525629525.064283	-0.015732	1.072845	0.226730
1525629525.074294	1525629525.074294	-0.031921	1.087860	0.240448
1525629525.084300	1525629525.084300	-0.035355	1.086105	0.245316
1525629525.094245	1525629525.094245	-0.037277	1.061066	0.232422
1525629525.104222	1525629525.104222	-0.041870	1.019226	0.210007
1525629525.114210	1525629525.114210	-0.052185	0.988083	0.195602
1525629525.124172	1525629525.124172	-0.067444	0.975952	0.198334
1525629525.138171	1525629525.138171	-0.084641	0.979431	0.212189
1525629525.144195	1525629525.144195	-0.101074	0.984711	0.230408
1525629525.158091	1525629525.158091	-0.120941	0.988586	0.250595
1525629525.164035	1525629525.164035	-0.142319	0.987274	0.256180
1525629525.174016	1525629525.174016	-0.166351	0.972809	0.249557
1525629525.184062	1525629525.184062	-0.196411	0.951706	0.259109
1525629525.193946	1525629525.193946	-0.236481	0.927094	0.294983
1525629525.203941	1525629525.203941	-0.287125	0.900894	0.343185
1525629525.214003	1525629525.214003	-0.337479	0.880325	0.395996
1525629525.224032	1525629525.224032	-0.369171	0.875198	0.442078
1525629525.233948	1525629525.233948	-0.375641	0.884338	0.478241
1525629525.243985	1525629525.243985	-0.336502	0.883011	0.576080
1525629525.253869	1525629525.253869	-0.144653	0.935043	0.794800
1525629525.263962	1525629525.263962	0.402466	1.270935	0.858749
1525629525.274010	1525629525.274010	0.993774	1.773926	0.338028
1525629525.283874	1525629525.283874	1.127518	1.955368	-0.444763
1525629525.293855	1525629525.293855	0.939972	1.871750	-0.799179
1525629525.303852	1525629525.303852	0.702316	1.537628	-0.529297
1525629525.313992	1525629525.313992	0.679825	0.995117	0.057327
1525629525.323774	1525629525.323774	0.752731	0.568817	0.541077
1525629525.333903	1525629525.333903	0.828690	0.481842	0.577988
1525629525.343873	1525629525.343873	0.825867	0.723846	0.302902
1525629525.353943	1525629525.353943	0.650864	1.060440	0.052658
1525629525.364086	1525629525.364086	0.344940	1.243286	-0.115692
1525629525.373792	1525629525.373792	0.027237	1.186096	-0.201996
1525629525.383803	1525629525.383803	-0.214828	0.973816	-0.174774
1525629525.393750	1525629525.393750	-0.336563	0.725021	-0.026505
1525629525.404456	1525629525.404456	-0.346024	0.548874	0.168076
1525629525.414120	1525629525.414120	-0.311523	0.550262	0.308044
1525629525.423973	1525629525.423973	-0.265579	0.733109	0.388916
1525629525.434016	1525629525.434016	-0.223129	0.997116	0.393326
1525629525.444015	1525629525.444015	-0.192932	1.198898	0.293015
1525629525.453864	1525629525.453864	-0.143723	1.221710	0.156662
1525629525.464294	1525629525.464294	-0.055893	1.094162	0.025467
1525629525.473861	1525629525.473861	0.055008	0.943451	-0.095078
1525629525.483723	1525629525.483723	0.147552	0.863358	-0.133789
1525629525.493771	1525629525.493771	0.199158	0.880875	-0.101242
1525629525.505594	1525629525.505594	0.214203	0.965057	-0.055161
1525629525.514012	1525629525.514012	0.198792	1.047089	-0.024918
1525629525.523725	1525629525.523725	0.151611	1.066330	-0.027512
1525629525.533902	1525629525.533902	0.091293	1.029404	-0.045807
1525629525.543779	1525629525.543779	0.031570	0.978119	-0.021500
1525629525.553803	1525629525.553803	-0.019058	0.950272	0.053162
1525629525.563804	1525629525.563804	-0.063400	0.955643	0.125443
1525629525.573919	1525629525.573919	-0.097778	0.976898	0.136978
1525629525.583636	1525629525.583636	-0.107971	0.986374	0.111252
1525629525.593565	1525629525.593565	-0.081619	0.986115	0.088455
1525629525.603988	1525629525.603988	-0.027222	0.987137	0.071014
1525629525.613498	1525629525.613498	0.024826	0.993164	0.065994
1525629525.623768	1525629525.623768	0.058487	1.005905	0.050217
1525629525.633567	1525629525.633567	0.080902	1.007996	0.031357
1525629525.644275	1525629525.644275	0.091278	0.997574	0.035828
1525629525.653766	1525629525.653766	0.076889	0.994644	0.056259
1525629525.663846	1525629525.663846	0.036133	0.997452	0.092331
1525629525.673398	1525629525.673398	-0.018219	0.997177	0.118057
1525629525.683330	1525629525.683330	-0.075058	0.988358	0.121552
1525629525.693390	1525629525.693390	-0.124802	0.976944	0.121552
1525629525.703338	1525629525.703338	-0.154709	0.973267	0.105591
1525629525.713423	1525629525.713423	-0.162903	0.971313	0.093582
1525629525.723472	1525629525.723472	-0.158478	0.973068	0.104889
1525629525.733428	1525629525.733428	-0.145477	0.975937	0.117523
1525629525.743256	1525629525.743256	-0.130432	0.979172	0.113770
1525629525.753383	1525629525.753383	-0.115234	0.982574	0.106049
1525629525.763293	1525629525.763293	-0.101242	0.983810	0.104340
1525629525.773591	1525629525.773591	-0.088364	0.990921	0.105591
1525629525.783343	1525629525.783343	-0.074387	1.002945	0.105820
1525629525.793145	1525629525.793145	-0.067276	1.017670	0.109879
1525629525.803310	1525629525.803310	-0.068512	1.029129	0.114059
1525629525.813280	1525629525.813280	-0.076752	1.027267	0.123367
1525629525.823712	1525629525.823712	-0.093246	1.006866	0.141068
1525629525.833253	1525629525.833253	-0.115036	0.981522	0.143677
1525629525.843044	1525629525.843044	-0.141907	0.963181	0.121521
1525629525.853149	1525629525.853149	-0.164536	0.949020	0.095291
1525629525.863090	1525629525.863090	-0.179153	0.947617	0.077515
1525629525.872980	1525629525.872980	-0.183395	0.963379	0.070724
1525629525.883017	1525629525.883017	-0.178055	0.985260	0.061844
1525629525.892979	1525629525.892979	-0.166672	0.996933	0.042969
1525629525.903105	1525629525.903105	-0.148453	0.984146	0.021240
1525629525.913633	1525629525.913633	-0.118896	0.965683	0.018051
1525629525.922615	1525629525.922615	-0.086456	0.980713	0.040436
1525629525.932802	1525629525.932802	-0.054504	1.005432	0.086761
1525629525.942655	1525629525.942655	-0.026169	1.009811	0.127014
1525629525.952626	1525629525.952626	-0.018829	0.999527	0.163406
1525629525.962578	1525629525.962578	-0.039032	1.000839	0.206360
1525629525.972598	1525629525.972598	-0.091537	1.026016	0.203094
1525629525.982783	1525629525.982783	-0.162903	1.066269	0.113602
1525629525.992729	1525629525.992729	-0.225204	1.073242	0.045593
1525629526.002781	1525629526.002781	-0.270508	1.035538	0.071396
1525629526.012856	1525629526.012856	-0.302643	1.007355	0.121033
1525629526.022726	1525629526.022726	-0.319031	1.012619	0.138870
1525629526.032792	1525629526.032792	-0.312119	1.028046	0.159882
1525629526.042684	1525629526.042684	-0.284302	1.028183	0.196793
1525629526.052679	1525629526.052679	-0.253677	1.026733	0.217468
1525629526.062683	1525629526.062683	-0.253784	1.090210	0.192474
1525629526.073177	1525629526.073177	-0.288391	1.242783	0.164246
1525629526.082627	1525629526.082627	-0.249329	1.312576	0.179443
1525629526.092423	1525629526.092423	-0.154144	1.196075	0.239594
1525629526.102557	1525629526.102557	-0.113419	1.081619	0.285919
1525629526.112600	1525629526.112600	-0.096420	1.112595	0.217865
1525629526.124151	1525629526.124151	-0.072708	1.219849	0.215302
1525629526.132525	1525629526.132525	-0.026947	1.275955	0.291992
1525629526.142407	1525629526.142407	0.035049	1.243454	0.329330
1525629526.152450	1525629526.152450	0.085526	1.184433	0.324799
1525629526.162459	1525629526.162459	0.124954	1.164642	0.305832
1525629526.172155	1525629526.172155	0.165466	1.209915	0.298325
1525629526.182472	1525629526.182472	0.218124	1.268677	0.316589
1525629526.192356	1525629526.192356	0.270218	1.285629	0.346069
1525629526.202329	1525629526.202329	0.292282	1.269775	0.363831
1525629526.212533	1525629526.212533	0.266907	1.170547	0.349136
1525629526.221986	1525629526.221986	0.193710	1.005325	0.322662
1525629526.232451	1525629526.232451	0.069672	0.823975	0.310257
1525629526.241977	1525629526.241977	-0.104523	0.702911	0.289841
1525629526.252095	1525629526.252095	-0.342468	0.661072	0.235825
1525629526.262143	1525629526.262143	-0.661636	0.641556	0.177124
1525629526.271868	1525629526.271868	-1.036514	0.613770	0.209610
1525629526.281965	1525629526.281965	-1.357635	0.602707	0.354797
1525629526.291980	1525629526.291980	-1.507019	0.626877	0.420624
1525629526.301932	1525629526.301932	-1.459122	0.631271	0.274887
1525629526.312836	1525629526.312836	-1.244095	0.548325	0.081680
1525629526.321836	1525629526.321836	-0.926636	0.365173	-0.020737
1525629526.331927	1525629526.331927	-0.613983	0.168869	-0.083282
1525629526.341860	1525629526.341860	-0.363419	0.062943	-0.119354
1525629526.351939	1525629526.351939	-0.196304	0.060287	-0.118973
1525629526.362055	1525629526.362055	-0.127960	0.137909	-0.097900
1525629526.374043	1525629526.374043	-0.145508	0.283829	-0.050385
1525629526.382044	1525629526.382044	-0.204758	0.444000	0.049164
1525629526.392268	1525629526.392268	-0.283234	0.579086	0.132141
1525629526.401959	1525629526.401959	-0.400269	0.695282	0.170883
1525629526.413137	1525629526.413137	-0.563736	0.779892	0.184067
1525629526.421599	1525629526.421599	-0.766586	0.765274	0.169586
1525629526.431873	1525629526.431873	-0.954590	0.650238	0.141327
1525629526.443335	1525629526.443335	-1.069809	0.509766	0.124649
1525629526.452281	1525629526.452281	-1.077454	0.425705	0.134720
1525629526.461910	1525629526.461910	-0.987656	0.448517	0.142532
1525629526.471895	1525629526.471895	-0.841354	0.559616	0.145599
1525629526.481716	1525629526.481716	-0.677231	0.698837	0.176636
1525629526.491996	1525629526.491996	-0.524445	0.817520	0.217972
1525629526.501757	1525629526.501757	-0.402740	0.895859	0.254196
1525629526.511678	1525629526.511678	-0.335739	0.926086	0.270264
1525629526.523414	1525629526.523414	-0.321762	0.927582	0.266510
1525629526.531750	1525629526.531750	-0.342850	0.925415	0.247116
1525629526.541689	1525629526.541689	-0.385254	0.943161	0.215454
1525629526.551536	1525629526.551536	-0.440948	0.972610	0.187241
1525629526.561676	1525629526.561676	-0.503830	0.976837	0.181656
1525629526.571268	1525629526.571268	-0.562622	0.950165	0.198654
1525629526.581485	1525629526.581485	-0.608612	0.923492	0.230698
1525629526.591476	1525629526.591476	-0.631760	0.910461	0.277328
1525629526.601533	1525629526.601533	-0.628387	0.906128	0.318207
1525629526.611428	1525629526.611428	-0.601440	0.896088	0.338516
1525629526.621428	1525629526.621428	-0.556229	0.871277	0.331482
1525629526.631463	1525629526.631463	-0.503159	0.848312	0.310791
1525629526.641443	1525629526.641443	-0.447479	0.837555	0.290802
1525629526.651441	1525629526.651441	-0.391830	0.840485	0.289307
1525629526.661490	1525629526.661490	-0.339172	0.854828	0.298874
1525629526.671285	1525629526.671285	-0.288956	0.876129	0.309311
1525629526.681471	1525629526.681471	-0.246872	0.893631	0.317703
1525629526.693094	1525629526.693094	-0.219437	0.905380	0.318085
1525629526.702257	1525629526.702257	-0.206604	0.912048	0.310196
1525629526.711419	1525629526.711419	-0.204849	0.915497	0.300201
1525629526.722147	1525629526.722147	-0.207809	0.917252	0.299515
1525629526.731374	1525629526.731374	-0.213943	0.921463	0.320953
1525629526.741232	1525629526.741232	-0.205826	0.934479	0.347183
1525629526.751229	1525629526.751229	-0.178207	0.961655	0.366196
1525629526.761160	1525629526.761160	-0.141922	1.000870	0.371445
1525629526.771099	1525629526.771099	-0.103775	1.044525	0.345474
1525629526.781489	1525629526.781489	-0.074966	1.163345	0.277847
1525629526.791148	1525629526.791148	-0.078995	1.249695	0.242126
1525629526.801140	1525629526.801140	-0.106384	1.148392	0.210022
1525629526.811019	1525629526.811019	-0.131317	1.009232	0.171783
1525629526.820983	1525629526.820983	-0.144409	0.931595	0.159073
1525629526.831147	1525629526.831147	-0.140213	0.927460	0.157745
1525629526.840919	1525629526.840919	-0.125183	0.973969	0.139786
1525629526.851035	1525629526.851035	-0.110229	1.033646	0.109863
1525629526.860895	1525629526.860895	-0.098633	1.076859	0.088470
1525629526.870949	1525629526.870949	-0.102905	1.086624	0.051285
1525629526.881267	1525629526.881267	-0.154068	1.060745	0.021225
1525629526.891076	1525629526.891076	-0.221512	0.933105	0.166107
1525629526.900921	1525629526.900921	-0.240036	0.790222	0.396713
1525629526.910847	1525629526.910847	-0.224518	0.769348	0.487686
1525629526.920781	1525629526.920781	-0.149231	0.872849	0.406052
1525629526.931021	1525629526.931021	0.052353	1.069107	0.270828
1525629526.942625	1525629526.942625	0.359650	1.344696	0.154648
1525629526.950872	1525629526.950872	0.631775	1.642517	0.015747
1525629526.960747	1525629526.960747	0.714096	1.791153	-0.059311
1525629526.970663	1525629526.970663	0.647751	1.589310	0.064560
1525629526.980889	1525629526.980889	0.595016	1.073990	0.260284
1525629526.990886	1525629526.990886	0.613235	0.624069	0.421982
1525629527.003901	1525629527.003901	0.609024	0.525955	0.478271
1525629527.010550	1525629527.010550	0.527466	0.713547	0.310120
1525629527.020861	1525629527.020861	0.367584	0.988022	0.048645
1525629527.030307	1525629527.030307	0.155518	1.180298	-0.136810
1525629527.040282	1525629527.040282	-0.039612	1.206909	-0.226898
1525629527.050240	1525629527.050240	-0.151428	1.073624	-0.210770
1525629527.060437	1525629527.060437	-0.172287	0.882416	-0.115875
1525629527.071915	1525629527.071915	-0.139755	0.754700	0.001358
1525629527.080181	1525629527.080181	-0.085190	0.753525	0.088806
1525629527.090235	1525629527.090235	-0.011963	0.862137	0.139359
1525629527.100258	1525629527.100258	0.068436	1.009995	0.208054
1525629527.110837	1525629527.110837	0.134613	1.109467	0.272186
1525629527.120544	1525629527.120544	0.168076	1.114212	0.283112
1525629527.130519	1525629527.130519	0.154251	1.044006	0.251968
1525629527.140465	1525629527.140465	0.102570	0.965149	0.204971
1525629527.150301	1525629527.150301	0.045914	0.926453	0.147293
1525629527.160282	1525629527.160282	0.007217	0.933075	0.090485
1525629527.170367	1525629527.170367	-0.005447	0.963486	0.045624
1525629527.180230	1525629527.180230	0.012238	0.993225	0.002014
1525629527.190242	1525629527.190242	0.056534	1.007233	-0.044266
1525629527.200393	1525629527.200393	0.109360	1.009613	-0.087067
1525629527.210217	1525629527.210217	0.161316	1.013382	-0.117813
1525629527.220344	1525629527.220344	0.206345	1.017380	-0.122192
1525629527.230298	1525629527.230298	0.221817	1.009293	-0.056351
1525629527.240135	1525629527.240135	0.195908	1.000259	0.019211
1525629527.250167	1525629527.250167	0.141968	0.991486	0.066711
1525629527.260042	1525629527.260042	0.078354	0.977188	0.141373
1525629527.269867	1525629527.269867	0.012009	0.970642	0.207977
1525629527.280143	1525629527.280143	-0.047256	0.969772	0.206909
1525629527.290056	1525629527.290056	-0.084610	0.968063	0.157135
1525629527.300082	1525629527.300082	-0.084808	0.963913	0.094330
1525629527.310015	1525629527.310015	-0.049072	0.963867	0.053589
1525629527.320044	1525629527.320044	0.005356	0.967377	0.045151
1525629527.330085	1525629527.330085	0.066788	0.975800	0.053574
1525629527.339861	1525629527.339861	0.124527	0.989136	0.067352
1525629527.350008	1525629527.350008	0.166245	1.001541	0.087067
1525629527.361890	1525629527.361890	0.184357	1.006622	0.112549
1525629527.369931	1525629527.369931	0.180237	1.004364	0.143890
1525629527.379963	1525629527.379963	0.151794	0.999588	0.163742
1525629527.389902	1525629527.389902	0.102829	0.990692	0.157043
1525629527.399889	1525629527.399889	0.044357	0.980530	0.127731
1525629527.409907	1525629527.409907	0.001999	0.971878	0.099991
1525629527.419841	1525629527.419841	-0.013580	0.966599	0.088699
1525629527.429871	1525629527.429871	-0.001846	0.967773	0.096451
1525629527.439697	1525629527.439697	0.033463	0.975418	0.112961
1525629527.451669	1525629527.451669	0.078293	0.986313	0.130875
1525629527.459962	1525629527.459962	0.119202	0.993423	0.145309
1525629527.469544	1525629527.469544	0.146103	1.000763	0.151596
1525629527.479349	1525629527.479349	0.147644	1.015732	0.149841
1525629527.489359	1525629527.489359	0.123550	1.026703	0.132828
1525629527.499128	1525629527.499128	0.089508	1.026398	0.106918
1525629527.509336	1525629527.509336	0.061340	1.014664	0.092728
1525629527.519227	1525629527.519227	0.048615	1.045334	0.098206
1525629527.529223	1525629527.529223	0.038849	1.074692	0.137451
1525629527.539187	1525629527.539187	0.031021	1.025345	0.179688
1525629527.549201	1525629527.549201	0.031616	0.968826	0.183792
1525629527.559214	1525629527.559214	0.030533	0.956726	0.151703
1525629527.569117	1525629527.569117	0.026306	1.003143	0.096863
1525629527.579242	1525629527.579242	0.037994	1.038376	0.072357
1525629527.589244	1525629527.589244	0.069977	0.998581	0.131958
1525629527.599176	1525629527.599176	0.081177	0.924789	0.226227
1525629527.609350	1525629527.609350	0.035599	0.893158	0.277191
1525629527.619516	1525629527.619516	-0.057373	0.928299	0.259857
1525629527.629221	1525629527.629221	-0.155701	0.972305	0.200150
1525629527.639322	1525629527.639322	-0.232330	0.968338	0.143036
1525629527.649383	1525629527.649383	-0.275146	0.922012	0.109039
1525629527.659638	1525629527.659638	-0.280106	0.881592	0.097977
1525629527.669313	1525629527.669313	-0.248795	0.880783	0.108063
1525629527.679360	1525629527.679360	-0.183090	0.911194	0.145981
1525629527.689175	1525629527.689175	-0.094894	0.966812	0.198166
1525629527.699348	1525629527.699348	-0.003036	1.017700	0.247620
1525629527.710179	1525629527.710179	0.075211	1.016113	0.294113
1525629527.718963	1525629527.718963	0.124527	0.984207	0.334335
1525629527.729365	1525629527.729365	0.139801	0.962891	0.351532
1525629527.739116	1525629527.739116	0.126282	0.951447	0.341858
1525629527.749221	1525629527.749221	0.095612	0.945099	0.303452
1525629527.759048	1525629527.759048	0.059082	0.951401	0.246628
1525629527.769104	1525629527.769104	0.026245	0.985458	0.191559
1525629527.779153	1525629527.779153	0.004333	1.029587	0.152161
1525629527.790472	1525629527.790472	0.005402	1.028244	0.127167
1525629527.799087	1525629527.799087	0.030182	0.989990	0.118973
1525629527.809196	1525629527.809196	0.063110	0.965622	0.140564
1525629527.819123	1525629527.819123	0.089020	0.973999	0.159760
1525629527.828929	1525629527.828929	0.099472	0.983047	0.183014
1525629527.839017	1525629527.839017	0.094864	0.980469	0.219437
1525629527.848928	1525629527.848928	0.074936	0.998062	0.257462
1525629527.858836	1525629527.858836	0.038376	1.022583	0.286255
1525629527.869115	1525629527.869115	-0.009354	0.990738	0.309845
1525629527.878910	1525629527.878910	-0.055725	0.920029	0.320770
1525629527.888929	1525629527.888929	-0.092453	0.871429	0.308899
1525629527.898761	1525629527.898761	-0.114777	0.870682	0.278946
1525629527.913306	1525629527.913306	-0.123215	0.911636	0.254776
1525629527.918538	1525629527.918538	-0.115097	0.962830	0.242004
1525629527.928785	1525629527.928785	-0.085770	0.988846	0.226044
1525629527.938705	1525629527.938705	-0.036667	0.989685	0.211044
1525629527.948668	1525629527.948668	0.020554	0.989792	0.192535
1525629527.960000	1525629527.960000	0.075943	0.989090	0.161682
1525629527.968698	1525629527.968698	0.126358	0.977264	0.142288
1525629527.978728	1525629527.978728	0.170410	0.979950	0.145493
1525629527.988552	1525629527.988552	0.200668	1.015228	0.176804
1525629527.998665	1525629527.998665	0.194626	1.049103	0.238235
1525629528.010249	1525629528.010249	0.145782	1.024216	0.290085
1525629528.018580	1525629528.018580	0.082123	0.958954	0.303146
1525629528.028487	1525629528.028487	0.029739	0.917862	0.268661
1525629528.038625	1525629528.038625	-0.006134	0.934540	0.204208
1525629528.048652	1525629528.048652	-0.022491	0.990280	0.157990
1525629528.058284	1525629528.058284	-0.011414	1.015884	0.151855
1525629528.068480	1525629528.068480	0.029785	0.993530	0.170914
1525629528.078603	1525629528.078603	0.085983	0.972153	0.178909
1525629528.088397	1525629528.088397	0.136154	0.977859	0.164963
1525629528.098346	1525629528.098346	0.169571	0.987595	0.148727
1525629528.110353	1525629528.110353	0.194244	0.983109	0.173172
1525629528.118252	1525629528.118252	0.212006	0.977600	0.227676
1525629528.128283	1525629528.128283	0.221878	0.983719	0.256439
1525629528.138217	1525629528.138217	0.215820	0.992630	0.243622
1525629528.148372	1525629528.148372	0.189056	0.989929	0.229706
1525629528.158284	1525629528.158284	0.149750	0.977234	0.221146
1525629528.168279	1525629528.168279	0.117065	0.978592	0.215622
1525629528.178329	1525629528.178329	0.096390	0.990082	0.212128
1525629528.189812	1525629528.189812	0.073868	0.977249	0.211441
1525629528.204038	1525629528.204038	0.043701	0.956055	0.219666
1525629528.208447	1525629528.208447	0.008820	0.954666	0.216507
1525629528.217942	1525629528.217942	-0.022110	0.961914	0.196106
1525629528.228243	1525629528.228243	-0.039520	0.969894	0.172440
1525629528.237714	1525629528.237714	-0.037964	0.974548	0.163773
1525629528.247766	1525629528.247766	-0.014099	0.968445	0.174942
1525629528.257750	1525629528.257750	0.024979	0.969681	0.180542
1525629528.267540	1525629528.267540	0.061737	0.983795	0.180099
1525629528.277818	1525629528.277818	0.087311	0.983093	0.187897
1525629528.288737	1525629528.288737	0.102570	0.971909	0.206833
1525629528.297807	1525629528.297807	0.108475	0.967941	0.221436
1525629528.307951	1525629528.307951	0.108688	0.977371	0.215271
1525629528.317956	1525629528.317956	0.108673	0.991898	0.193634
1525629528.327916	1525629528.327916	0.111298	1.000046	0.174500
1525629528.338244	1525629528.338244	0.109787	0.996170	0.169418
1525629528.347961	1525629528.347961	0.108170	0.975555	0.172073
1525629528.358494	1525629528.358494	0.106766	0.970581	0.169846
1525629528.367866	1525629528.367866	0.100433	0.987473	0.156601
1525629528.377799	1525629528.377799	0.092575	0.994705	0.152176
1525629528.387762	1525629528.387762	0.092651	0.977936	0.171463
1525629528.397951	1525629528.397951	0.096939	0.955124	0.193176
1525629528.408826	1525629528.408826	0.113525	0.958191	0.195160
1525629528.417939	1525629528.417939	0.134003	0.985123	0.187256
1525629528.427560	1525629528.427560	0.146805	1.011261	0.183365
1525629528.437953	1525629528.437953	0.142105	1.014496	0.178986
1525629528.447856	1525629528.447856	0.120911	0.994293	0.175171
1525629528.457969	1525629528.457969	0.087662	0.970703	0.172882
1525629528.467650	1525629528.467650	0.054535	0.967743	0.164658
1525629528.478073	1525629528.478073	0.034668	0.976227	0.164825
1525629528.487554	1525629528.487554	0.022980	0.980347	0.176926
1525629528.497718	1525629528.497718	0.026947	0.975555	0.190048
1525629528.507629	1525629528.507629	0.095413	0.963791	0.185135
1525629528.517496	1525629528.517496	0.087433	0.991409	0.163895
1525629528.527523	1525629528.527523	0.049240	0.998810	0.215027
1525629528.537485	1525629528.537485	0.026169	0.987335	0.206375
1525629528.547556	1525629528.547556	0.005264	0.974243	0.167694
1525629528.557413	1525629528.557413	0.007645	0.955780	0.163834
1525629528.567208	1525629528.567208	0.040405	0.952393	0.179291
1525629528.577437	1525629528.577437	0.074432	0.966461	0.178940
1525629528.587468	1525629528.587468	0.096313	0.997131	0.148468
1525629528.597403	1525629528.597403	0.061813	1.002457	0.146576
1525629528.607755	1525629528.607755	-0.019119	0.969269	0.176193
1525629528.617561	1525629528.617561	-0.003738	0.974426	0.175751
1525629528.627288	1525629528.627288	0.065567	1.000656	0.154251
1525629528.637289	1525629528.637289	0.090942	1.007004	0.153412
1525629528.647331	1525629528.647331	0.060959	0.984787	0.171783
1525629528.657235	1525629528.657235	0.058151	0.989609	0.134064
1525629528.667250	1525629528.667250	0.110962	1.001221	0.095901
1525629528.677130	1525629528.677130	0.168243	0.986511	0.121201
1525629528.687291	1525629528.687291	0.165512	0.971283	0.203491
1525629528.697258	1525629528.697258	0.076859	0.968994	0.217377
1525629528.707170	1525629528.707170	-0.025482	0.972107	0.170029
1525629528.716735	1525629528.716735	-0.057205	0.986649	0.152832
1525629528.726898	1525629528.726898	-0.034637	1.006363	0.160522
1525629528.736863	1525629528.736863	-0.012848	0.990982	0.176346
1525629528.746798	1525629528.746798	0.014389	0.968613	0.178085
1525629528.757539	1525629528.757539	0.037949	0.964996	0.155304
1525629528.767044	1525629528.767044	0.033676	0.960205	0.150299
1525629528.776926	1525629528.776926	0.020981	0.964218	0.182358
1525629528.789605	1525629528.789605	0.005447	0.983597	0.196518
1525629528.797124	1525629528.797124	-0.016220	0.987518	0.206741
1525629528.806969	1525629528.806969	-0.038071	0.971130	0.201462
1525629528.816943	1525629528.816943	-0.051468	0.958466	0.193665
1525629528.826870	1525629528.826870	-0.037842	0.953857	0.186478
1525629528.836905	1525629528.836905	-0.000595	0.954407	0.188507
1525629528.847219	1525629528.847219	0.035278	0.964859	0.185745
1525629528.857122	1525629528.857122	0.051605	0.963577	0.169662
1525629528.866945	1525629528.866945	0.066986	0.970978	0.166138
1525629528.876619	1525629528.876619	0.075836	0.996750	0.165298
1525629528.886814	1525629528.886814	0.077789	1.007034	0.153564
1525629528.896808	1525629528.896808	0.098022	1.002350	0.130951
1525629528.907064	1525629528.907064	0.125671	0.997482	0.127258
1525629528.916775	1525629528.916775	0.126526	0.985916	0.168900
1525629528.931487	1525629528.931487	0.106842	0.986740	0.161621
1525629528.937582	1525629528.937582	0.062775	0.973022	0.113861
1525629528.946710	1525629528.946710	0.023605	0.961472	0.117035
1525629528.956731	1525629528.956731	0.039413	0.981216	0.122131
1525629528.966649	1525629528.966649	0.047943	0.979919	0.143951
1525629528.976502	1525629528.976502	0.058731	0.981247	0.153732
1525629528.986574	1525629528.986574	0.074905	0.998276	0.156143
1525629528.996614	1525629528.996614	0.082230	1.008575	0.141632
1525629529.006664	1525629529.006664	0.083221	1.002945	0.133179
1525629529.016543	1525629529.016543	0.070221	0.997589	0.148163
1525629529.026540	1525629529.026540	0.042892	0.993225	0.164520
1525629529.036426	1525629529.036426	0.020660	0.992722	0.180420
1525629529.047271	1525629529.047271	0.013458	0.998444	0.193787
1525629529.056744	1525629529.056744	0.019150	0.990875	0.192398
1525629529.066163	1525629529.066163	0.030655	0.976379	0.162231
1525629529.076460	1525629529.076460	0.044937	0.972534	0.135880
1525629529.088609	1525629529.088609	0.065704	0.982849	0.118774
1525629529.096350	1525629529.096350	0.089401	1.001068	0.111801
1525629529.106886	1525629529.106886	0.095947	1.003983	0.118317
1525629529.116192	1525629529.116192	0.091019	0.998520	0.131790
1525629529.126314	1525629529.126314	0.074677	0.999878	0.142700
1525629529.136003	1525629529.136003	0.052505	0.996948	0.147003
1525629529.146190	1525629529.146190	0.038437	0.991226	0.141403
1525629529.156204	1525629529.156204	0.030701	0.978912	0.128586
1525629529.167757	1525629529.167757	0.037262	0.976822	0.118088
1525629529.179350	1525629529.179350	0.055710	0.977585	0.101608
1525629529.186138	1525629529.186138	0.076492	0.974060	0.080322
1525629529.196293	1525629529.196293	0.095169	0.977509	0.085770
1525629529.206038	1525629529.206038	0.110550	0.983017	0.093323
1525629529.216456	1525629529.216456	0.114166	0.984619	0.091171
1525629529.225818	1525629529.225818	0.106415	0.996368	0.100403
1525629529.235840	1525629529.235840	0.092712	0.996872	0.100601
1525629529.245780	1525629529.245780	0.081039	0.994125	0.100922
1525629529.257181	1525629529.257181	0.077103	0.997971	0.111389
1525629529.265701	1525629529.265701	0.065414	0.986572	0.119476
1525629529.275612	1525629529.275612	0.051437	0.978943	0.117859
1525629529.285542	1525629529.285542	0.043945	0.983536	0.105927
1525629529.295571	1525629529.295571	0.039871	0.985641	0.097610
1525629529.305487	1525629529.305487	0.041290	0.982407	0.105179
1525629529.315463	1525629529.315463	0.042847	0.981094	0.120605
1525629529.325424	1525629529.325424	0.045883	0.986069	0.121384
1525629529.335631	1525629529.335631	0.050827	0.989151	0.110580
1525629529.345602	1525629529.345602	0.065445	0.995087	0.103607
1525629529.355314	1525629529.355314	0.079010	0.994247	0.102631
1525629529.365650	1525629529.365650	0.087006	0.992599	0.099319
1525629529.375528	1525629529.375528	0.087662	0.999802	0.103348
1525629529.385412	1525629529.385412	0.086456	1.000626	0.101639
1525629529.395779	1525629529.395779	0.079346	0.991028	0.091125
1525629529.405318	1525629529.405318	0.070572	0.985977	0.085464
1525629529.415409	1525629529.415409	0.062515	0.989227	0.094833
1525629529.425424	1525629529.425424	0.050797	0.986420	0.102814
