1525629519.609675	1525629519.609675	0.006379	-0.019213	-0.002050
1525629519.619827	1525629519.619827	0.007245	-0.032000	0.011798
1525629519.629998	1525629519.629998	0.012377	-0.044805	0.025697
1525629519.639992	1525629519.639992	0.014461	-0.043746	0.029980
1525629519.649585	1525629519.649585	0.008139	-0.043722	0.023517
1525629519.659479	1525629519.659479	-0.002535	-0.040479	0.024450
1525629519.669538	1525629519.669538	-0.018493	-0.022293	0.024255
1525629519.679516	1525629519.679516	-0.028005	-0.012662	0.018816
1525629519.691531	1525629519.691531	-0.034399	-0.014767	0.017674
1525629519.699532	1525629519.699532	-0.033460	-0.019030	0.027265
1525629519.709554	1525629519.709554	-0.033552	-0.035015	0.031521
1525629519.719671	1525629519.719671	-0.027151	-0.040372	0.030536
1525629519.731207	1525629519.731207	-0.023896	-0.039322	0.026318
1525629519.739525	1525629519.739525	-0.020530	-0.025485	0.015715
1525629519.749462	1525629519.749462	-0.012883	-0.001008	0.006229
1525629519.759948	1525629519.759948	-0.005405	0.003223	0.006320
1525629519.769457	1525629519.769457	0.009524	0.005292	0.007567
1525629519.779483	1525629519.779483	0.021335	0.009503	0.002389
1525629519.789442	1525629519.789442	0.015051	0.009525	-0.007267
1525629519.799393	1525629519.799393	0.006537	0.002099	-0.010564
1525629519.809899	1525629519.809899	-0.003071	-0.010651	-0.012810
1525629519.822050	1525629519.822050	-0.004222	-0.023434	-0.008566
1525629519.829202	1525629519.829202	-0.006523	-0.033011	0.003114
1525629519.840341	1525629519.840341	0.001986	-0.033046	0.005347
1525629519.849213	1525629519.849213	0.005192	-0.025599	0.006450
1525629519.859088	1525629519.859088	0.006209	-0.024535	0.010720
1525629519.869116	1525629519.869116	0.003911	-0.038376	0.021336
1525629519.879081	1525629519.879081	-0.004766	-0.047927	0.030810
1525629519.889275	1525629519.889275	-0.016598	-0.050005	0.038115
1525629519.899600	1525629519.899600	-0.022980	-0.037188	0.039101
1525629519.910557	1525629519.910557	-0.019700	-0.015887	0.037012
1525629519.919207	1525629519.919207	-0.022783	-0.005219	0.029524
1525629519.929156	1525629519.929156	-0.032465	-0.000911	0.036855
1525629519.939025	1525629519.939025	-0.030389	0.007609	0.043267
1525629519.950206	1525629519.950206	-0.031362	0.003346	0.034740
1525629519.959365	1525629519.959365	-0.048370	-0.013638	0.026018
1525629519.969038	1525629519.969038	-0.057904	-0.012534	0.020579
1525629519.978966	1525629519.978966	-0.043905	0.012983	0.015428
1525629519.988842	1525629519.988842	-0.007521	0.041604	0.012679
1525629519.998851	1525629519.998851	0.033203	0.057413	0.001469
1525629520.008917	1525629520.008917	0.049507	0.067992	-0.020684
1525629520.018669	1525629520.018669	0.043448	0.074401	-0.047367
1525629520.028700	1525629520.028700	0.039373	0.057356	-0.066575
1525629520.038664	1525629520.038664	0.099287	0.067755	-0.077550
1525629520.049315	1525629520.049315	0.074116	0.115812	-0.103404
1525629520.058749	1525629520.058749	-0.039377	0.135456	-0.154818
1525629520.068601	1525629520.068601	-0.094168	0.150625	-0.121429
1525629520.078587	1525629520.078587	-0.092174	0.157017	-0.108632
1525629520.088653	1525629520.088653	-0.077726	0.200636	-0.146774
1525629520.098649	1525629520.098649	-0.073023	0.244303	-0.173327
1525629520.108539	1525629520.108539	-0.088784	0.283799	-0.185229
1525629520.118570	1525629520.118570	-0.107991	0.319056	-0.178014
1525629520.128576	1525629520.128576	-0.124585	0.307423	-0.132449
1525629520.138526	1525629520.138526	-0.126666	0.266964	-0.057968
1525629520.148514	1525629520.148514	-0.124602	0.235020	0.028271
1525629520.158585	1525629520.158585	-0.171558	0.225666	0.113910
1525629520.168573	1525629520.168573	-0.237329	0.225970	0.169516
1525629520.178604	1525629520.178604	-0.292841	0.248591	0.176287
1525629520.188813	1525629520.188813	-0.340430	0.239184	0.139517
1525629520.200939	1525629520.200939	-0.355311	0.240311	0.135078
1525629520.208537	1525629520.208537	-0.288051	0.317874	0.234883
1525629520.218470	1525629520.218470	-0.156344	0.316349	0.457881
1525629520.228492	1525629520.228492	-0.117221	-0.009893	0.594607
1525629520.238480	1525629520.238480	0.109120	0.302555	0.734669
1525629520.248723	1525629520.248723	0.300108	0.580063	1.053111
1525629520.262110	1525629520.262110	0.157842	0.380329	1.128011
1525629520.268261	1525629520.268261	-0.036173	0.485488	0.873381
1525629520.278395	1525629520.278395	-0.158395	0.733046	0.362051
1525629520.288292	1525629520.288292	-0.164710	0.879930	-0.137215
1525629520.298313	1525629520.298313	-0.107074	0.678151	-0.353633
1525629520.310116	1525629520.310116	-0.035687	0.199337	-0.268661
1525629520.318320	1525629520.318320	0.009020	-0.218567	-0.083967
1525629520.328227	1525629520.328227	0.010484	-0.338957	0.033134
1525629520.338188	1525629520.338188	-0.021130	-0.234378	0.022100
1525629520.348223	1525629520.348223	-0.069671	-0.037038	-0.068970
1525629520.358169	1525629520.358169	-0.113657	0.160272	-0.183400
1525629520.368258	1525629520.368258	-0.131467	0.305260	-0.267707
1525629520.378641	1525629520.378641	-0.114944	0.388311	-0.293052
1525629520.388784	1525629520.388784	-0.075772	0.403079	-0.264900
1525629520.398275	1525629520.398275	-0.037116	0.367770	-0.204822
1525629520.408311	1525629520.408311	-0.015534	0.315479	-0.148146
1525629520.418064	1525629520.418064	-0.026659	0.273972	-0.119543
1525629520.428029	1525629520.428029	-0.076836	0.224089	-0.127605
1525629520.437950	1525629520.437950	-0.126620	0.179519	-0.166530
1525629520.448255	1525629520.448255	-0.139992	0.153976	-0.212460
1525629520.462273	1525629520.462273	-0.115040	0.136800	-0.249407
1525629520.468169	1525629520.468169	-0.079619	0.102533	-0.273453
1525629520.477869	1525629520.477869	-0.052917	0.088562	-0.278448
1525629520.488201	1525629520.488201	-0.047626	0.113057	-0.269869
1525629520.497794	1525629520.497794	-0.064834	0.156837	-0.249858
1525629520.507843	1525629520.507843	-0.088527	0.209175	-0.221411
1525629520.517842	1525629520.517842	-0.113402	0.257259	-0.184465
1525629520.527837	1525629520.527837	-0.133088	0.304260	-0.135746
1525629520.537775	1525629520.537775	-0.148573	0.345916	-0.082719
1525629520.547846	1525629520.547846	-0.166068	0.395038	-0.038232
1525629520.558223	1525629520.558223	-0.170471	0.408918	-0.024449
1525629520.567767	1525629520.567767	-0.135310	0.338421	-0.034661
1525629520.577776	1525629520.577776	-0.074586	0.214521	-0.052008
1525629520.587510	1525629520.587510	-0.052304	0.113170	-0.062376
1525629520.597689	1525629520.597689	-0.063079	0.075913	-0.061442
1525629520.607833	1525629520.607833	-0.060974	0.074839	-0.059288
1525629520.617620	1525629520.617620	-0.053493	0.074807	-0.060261
1525629520.627665	1525629520.627665	-0.030982	0.065114	-0.070629
1525629520.637531	1525629520.637531	0.004465	0.072416	-0.088289
1525629520.647579	1525629520.647579	0.017501	0.103264	-0.100903
1525629520.659382	1525629520.659382	0.006959	0.138479	-0.104226
1525629520.667537	1525629520.667537	-0.016471	0.175883	-0.100257
1525629520.677563	1525629520.677563	-0.045091	0.223964	-0.105930
1525629520.687425	1525629520.687425	-0.048881	0.268731	-0.135780
1525629520.697539	1525629520.697539	-0.016249	0.263240	-0.187534
1525629520.708680	1525629520.708680	0.023775	0.201227	-0.244518
1525629520.717458	1525629520.717458	0.045486	0.105190	-0.294274
1525629520.727637	1525629520.727637	0.059354	-0.020646	-0.319645
1525629520.737349	1525629520.737349	0.074930	-0.212559	-0.323706
1525629520.747259	1525629520.747259	0.077707	-0.392694	-0.325796
1525629520.758292	1525629520.758292	0.082138	-0.447080	-0.350220
1525629520.767326	1525629520.767326	0.098974	-0.390689	-0.406427
1525629520.777380	1525629520.777380	0.115095	-0.292737	-0.482867
1525629520.787309	1525629520.787309	0.148311	-0.153289	-0.552712
1525629520.797212	1525629520.797212	0.191879	0.026632	-0.588373
1525629520.810943	1525629520.810943	0.212278	0.145922	-0.574290
1525629520.817237	1525629520.817237	0.183547	0.088521	-0.505457
1525629520.827269	1525629520.827269	0.116660	-0.081674	-0.393448
1525629520.837159	1525629520.837159	0.072114	-0.240236	-0.273715
1525629520.847457	1525629520.847457	0.066813	-0.293471	-0.200338
1525629520.857721	1525629520.857721	0.095898	-0.286143	-0.221269
1525629520.867255	1525629520.867255	0.119562	-0.246851	-0.315709
1525629520.877040	1525629520.877040	0.102983	-0.187147	-0.430864
1525629520.887026	1525629520.887026	0.058134	-0.136897	-0.504855
1525629520.897079	1525629520.897079	-0.022979	-0.196242	-0.515425
1525629520.907673	1525629520.907673	-0.097442	-0.327002	-0.473757
1525629520.917029	1525629520.917029	-0.125078	-0.456890	-0.421938
1525629520.927054	1525629520.927054	-0.116929	-0.553907	-0.410127
1525629520.937039	1525629520.937039	-0.084362	-0.548737	-0.454432
1525629520.947260	1525629520.947260	-0.084371	-0.475228	-0.525746
1525629520.959381	1525629520.959381	-0.143420	-0.457948	-0.579687
1525629520.966809	1525629520.966809	-0.193396	-0.458808	-0.594135
1525629520.976957	1525629520.976957	-0.159192	-0.422715	-0.591589
1525629520.986905	1525629520.986905	-0.122619	-0.381311	-0.607108
1525629520.996875	1525629520.996875	-0.126484	-0.330145	-0.629509
1525629521.007777	1525629521.007777	-0.148674	-0.275698	-0.636168
1525629521.017138	1525629521.017138	-0.166975	-0.226583	-0.612977
1525629521.028411	1525629521.028411	-0.175974	-0.213737	-0.572642
1525629521.038137	1525629521.038137	-0.179725	-0.204107	-0.525857
1525629521.047902	1525629521.047902	-0.177816	-0.158273	-0.498161
1525629521.056688	1525629521.056688	-0.174356	-0.080486	-0.503443
1525629521.066602	1525629521.066602	-0.169739	-0.045344	-0.524675
1525629521.076679	1525629521.076679	-0.162075	-0.029395	-0.537354
1525629521.086567	1525629521.086567	-0.159872	-0.001693	-0.537328
1525629521.096674	1525629521.096674	-0.165347	0.004731	-0.524623
1525629521.106506	1525629521.106506	-0.169843	0.022878	-0.502327
1525629521.117206	1525629521.117206	-0.174239	0.070868	-0.482159
1525629521.127080	1525629521.127080	-0.181639	0.118862	-0.477994
1525629521.137026	1525629521.137026	-0.185612	0.158307	-0.494009
1525629521.147022	1525629521.147022	-0.187316	0.205198	-0.519576
1525629521.163079	1525629521.163079	-0.193208	0.262763	-0.549452
1525629521.166450	1525629521.166450	-0.198031	0.300072	-0.583571
1525629521.176384	1525629521.176384	-0.208393	0.281984	-0.612435
1525629521.186656	1525629521.186656	-0.204008	0.219073	-0.634731
1525629521.196697	1525629521.196697	-0.189197	0.122017	-0.644126
1525629521.206719	1525629521.206719	-0.194811	0.057031	-0.634614
1525629521.216393	1525629521.216393	-0.224854	0.082747	-0.615824
1525629521.227849	1525629521.227849	-0.247362	0.104164	-0.603327
1525629521.236642	1525629521.236642	-0.269695	0.106388	-0.608922
1525629521.246530	1525629521.246530	-0.295033	0.124606	-0.627327
1525629521.256484	1525629521.256484	-0.300981	0.159790	-0.657203
1525629521.266315	1525629521.266315	-0.323808	0.198236	-0.702186
1525629521.276229	1525629521.276229	-0.328359	0.250456	-0.755461
1525629521.286554	1525629521.286554	-0.317015	0.249317	-0.810669
1525629521.296508	1525629521.296508	-0.350729	0.200413	-0.855783
1525629521.306455	1525629521.306455	-0.398465	0.121728	-0.894682
1525629521.316526	1525629521.316526	-0.440035	0.027038	-0.917539
1525629521.328989	1525629521.328989	-0.451713	-0.069912	-0.942159
1525629521.336461	1525629521.336461	-0.453623	-0.142394	-0.975175
1525629521.346429	1525629521.346429	-0.504225	-0.149663	-1.026883
1525629521.356805	1525629521.356805	-0.583084	-0.047043	-1.101291
1525629521.366467	1525629521.366467	-0.637035	0.130070	-1.190299
1525629521.379374	1525629521.379374	-0.654597	0.198342	-1.223511
1525629521.386427	1525629521.386427	-0.642744	0.168481	-1.152053
1525629521.396232	1525629521.396232	-0.613197	0.143890	-1.043126
1525629521.406243	1525629521.406243	-0.627810	0.091750	-0.993278
1525629521.416050	1525629521.416050	-0.640133	0.027831	-1.045581
1525629521.426213	1525629521.426213	-0.621932	-0.109790	-1.165626
1525629521.436261	1525629521.436261	-0.582123	-0.264566	-1.310952
1525629521.446204	1525629521.446204	-0.522975	-0.359739	-1.454978
1525629521.456207	1525629521.456207	-0.505427	-0.409968	-1.591000
1525629521.465954	1525629521.465954	-0.508177	-0.450516	-1.723013
1525629521.475873	1525629521.475873	-0.517301	-0.464391	-1.851911
1525629521.485933	1525629521.485933	-0.477242	-0.409194	-1.974889
1525629521.495879	1525629521.495879	-0.415872	-0.301857	-2.084835
1525629521.506056	1525629521.506056	-0.358020	-0.180637	-2.166086
1525629521.515655	1525629521.515655	-0.349460	-0.057069	-2.229847
1525629521.525700	1525629521.525700	-0.427053	0.109492	-2.307435
1525629521.535654	1525629521.535654	-0.574549	0.339220	-2.414618
1525629521.545665	1525629521.545665	-0.738501	0.631883	-2.559256
1525629521.556744	1525629521.556744	-0.915706	0.936305	-2.751953
1525629521.565710	1525629521.565710	-1.106161	1.190663	-3.005479
1525629521.575670	1525629521.575670	-1.240131	1.379763	-3.266827
1525629521.585650	1525629521.585650	-1.101841	1.513417	-3.379026
1525629521.595659	1525629521.595659	-0.684508	1.476581	-3.135504
1525629521.607173	1525629521.607173	-0.280182	1.068041	-2.429133
1525629521.616017	1525629521.616017	0.015242	0.341456	-1.347302
1525629521.625995	1525629521.625995	0.181936	-0.300312	-0.105266
1525629521.635849	1525629521.635849	0.204283	-0.649476	1.046655
1525629521.645745	1525629521.645745	0.033776	-0.789069	1.870516
1525629521.658022	1525629521.658022	-0.271447	-0.828118	2.214829
1525629521.665474	1525629521.665474	-0.560684	-0.829096	2.046315
1525629521.675351	1525629521.675351	-0.734120	-0.740141	1.502433
1525629521.685436	1525629521.685436	-0.745266	-0.565580	0.880706
1525629521.695780	1525629521.695780	-0.632176	-0.420226	0.476564
1525629521.705626	1525629521.705626	-0.469236	-0.334608	0.432787
1525629521.715424	1525629521.715424	-0.286345	-0.329915	0.746881
1525629521.725397	1525629521.725397	-0.069977	-0.435011	1.354086
1525629521.735333	1525629521.735333	0.169702	-0.632856	2.129748
1525629521.745370	1525629521.745370	0.399463	-0.842373	2.928705
1525629521.755649	1525629521.755649	0.609382	-0.944203	3.627367
1525629521.765316	1525629521.765316	0.780031	-0.925505	4.159504
1525629521.775140	1525629521.775140	0.878403	-0.831975	4.509814
1525629521.785472	1525629521.785472	0.903185	-0.690246	4.693183
1525629521.795258	1525629521.795258	0.881635	-0.561172	4.736554
1525629521.805471	1525629521.805471	0.868645	-0.501458	4.676789
1525629521.815220	1525629521.815220	0.885044	-0.527163	4.552461
1525629521.825329	1525629521.825329	0.932500	-0.605233	4.408290
1525629521.835205	1525629521.835205	1.010608	-0.714334	4.281526
1525629521.845120	1525629521.845120	1.102008	-0.793625	4.208141
1525629521.855289	1525629521.855289	1.183166	-0.820620	4.197427
1525629521.865032	1525629521.865032	1.227560	-0.803739	4.235222
1525629521.875040	1525629521.875040	1.222798	-0.724824	4.291573
1525629521.885019	1525629521.885019	1.175606	-0.568992	4.343144
1525629521.895054	1525629521.895054	1.108318	-0.358720	4.391275
1525629521.905356	1525629521.905356	1.038851	-0.166558	4.439380
1525629521.914936	1525629521.914936	0.956588	-0.050021	4.471365
1525629521.925083	1525629521.925083	0.865157	-0.042183	4.445766
1525629521.934829	1525629521.934829	0.797018	-0.117618	4.331049
1525629521.944795	1525629521.944795	0.763121	-0.242272	4.111381
1525629521.954792	1525629521.954792	0.734786	-0.381919	3.783216
1525629521.964634	1525629521.964634	0.707833	-0.526953	3.341181
1525629521.974835	1525629521.974835	0.697167	-0.648655	2.793974
1525629521.984886	1525629521.984886	0.694806	-0.743776	2.184071
1525629521.994848	1525629521.994848	0.689409	-0.830362	1.562422
1525629522.004739	1525629522.004739	0.609232	-0.925154	0.946245
1525629522.015050	1525629522.015050	0.435217	-0.980112	0.333176
1525629522.025019	1525629522.025019	0.231281	-0.929416	-0.254717
1525629522.034947	1525629522.034947	0.038845	-0.716743	-0.790322
1525629522.044742	1525629522.044742	-0.098827	-0.372103	-1.240111
1525629522.054953	1525629522.054953	-0.188423	0.037389	-1.594587
1525629522.064702	1525629522.064702	-0.246287	0.458520	-1.836917
1525629522.074578	1525629522.074578	-0.264154	0.861421	-1.951034
1525629522.084540	1525629522.084540	-0.245359	1.234384	-1.928464
1525629522.094539	1525629522.094539	-0.273075	1.553246	-1.778738
1525629522.104553	1525629522.104553	-0.452253	1.851509	-1.463760
1525629522.114566	1525629522.114566	-0.226125	2.359300	-0.657419
1525629522.124275	1525629522.124275	1.055548	3.154330	1.840319
1525629522.134306	1525629522.134306	1.347471	3.249337	4.941171
1525629522.144183	1525629522.144183	0.703805	2.684422	5.890173
1525629522.154276	1525629522.154276	-0.135449	1.285914	4.694255
1525629522.164202	1525629522.164202	-0.757556	-0.727135	1.762914
1525629522.174274	1525629522.174274	-0.499499	-1.458749	-1.591960
1525629522.184170	1525629522.184170	0.378591	-0.017136	-3.728075
1525629522.194164	1525629522.194164	1.131901	1.623849	-4.523567
1525629522.205137	1525629522.205137	1.295133	1.579532	-4.356593
1525629522.214153	1525629522.214153	0.878026	0.027795	-3.376051
1525629522.224172	1525629522.224172	0.202300	-1.549241	-1.846269
1525629522.234081	1525629522.234081	-0.209664	-1.900705	-0.431443
1525629522.244065	1525629522.244065	-0.266053	-1.368272	0.359734
1525629522.254025	1525629522.254025	-0.143201	-0.671697	0.490003
1525629522.264006	1525629522.264006	0.093666	-0.122930	0.080976
1525629522.274026	1525629522.274026	0.362827	0.271017	-0.643765
1525629522.283955	1525629522.283955	0.473796	0.619811	-1.355539
1525629522.293977	1525629522.293977	0.338566	0.833361	-1.770170
1525629522.303967	1525629522.303967	0.151238	0.858656	-1.803329
1525629522.313873	1525629522.313873	0.097117	0.750309	-1.501710
1525629522.323913	1525629522.323913	0.199690	0.506010	-1.040645
1525629522.333934	1525629522.333934	0.347272	0.112285	-0.625856
1525629522.344381	1525629522.344381	0.424784	-0.251387	-0.407768
1525629522.353850	1525629522.353850	0.442857	-0.323943	-0.417124
1525629522.364686	1525629522.364686	0.447539	-0.144984	-0.588434
1525629522.373941	1525629522.373941	0.329491	0.189015	-0.813403
1525629522.383934	1525629522.383934	0.159396	0.381500	-0.999624
1525629522.393836	1525629522.393836	0.044547	0.217824	-1.064885
1525629522.403809	1525629522.403809	0.024503	0.002666	-0.953366
1525629522.414199	1525629522.414199	0.056602	-0.076234	-0.715619
1525629522.423835	1525629522.423835	0.070610	-0.079379	-0.466387
1525629522.433794	1525629522.433794	0.048472	-0.053635	-0.309134
1525629522.443606	1525629522.443606	0.013083	0.034992	-0.276574
1525629522.453722	1525629522.453722	0.011090	0.189513	-0.343658
1525629522.463814	1525629522.463814	0.041570	0.332153	-0.450790
1525629522.473704	1525629522.473704	0.031171	0.381180	-0.549904
1525629522.483683	1525629522.483683	-0.010901	0.314185	-0.613214
1525629522.493617	1525629522.493617	-0.046170	0.169374	-0.638121
1525629522.508862	1525629522.508862	-0.049516	0.027628	-0.655187
1525629522.513855	1525629522.513855	-0.020534	-0.032193	-0.681440
1525629522.523611	1525629522.523611	0.000336	-0.006721	-0.724824
1525629522.533833	1525629522.533833	-0.008621	0.047654	-0.766445
1525629522.543591	1525629522.543591	-0.073384	0.090554	-0.784268
1525629522.553979	1525629522.553979	-0.120498	0.058783	-0.777393
1525629522.563791	1525629522.563791	-0.083644	-0.015969	-0.752460
1525629522.573557	1525629522.573557	-0.031692	-0.036430	-0.729472
1525629522.583621	1525629522.583621	0.010944	-0.020621	-0.722565
1525629522.593523	1525629522.593523	0.007783	-0.015279	-0.724733
1525629522.603378	1525629522.603378	-0.028549	-0.027914	-0.723048
1525629522.615636	1525629522.615636	-0.043668	-0.038502	-0.710460
1525629522.623848	1525629522.623848	-0.036479	-0.024666	-0.684828
1525629522.633975	1525629522.633975	-0.015341	0.010427	-0.661155
1525629522.643698	1525629522.643698	-0.005883	0.051962	-0.640818
1525629522.653982	1525629522.653982	-0.015634	0.033889	-0.632421
1525629522.663946	1525629522.663946	-0.032887	-0.023590	-0.629438
1525629522.673668	1525629522.673668	-0.034001	-0.079011	-0.636900
1525629522.683746	1525629522.683746	-0.024111	-0.099316	-0.664452
1525629522.693790	1525629522.693790	-0.021427	-0.108940	-0.711250
1525629522.703972	1525629522.703972	-0.035715	-0.105706	-0.763579
1525629522.714151	1525629522.714151	-0.045791	-0.087564	-0.808406
1525629522.723671	1525629522.723671	-0.054872	-0.056633	-0.844706
1525629522.733555	1525629522.733555	-0.060881	-0.009722	-0.867132
1525629522.743641	1525629522.743641	-0.087256	0.041542	-0.881293
1525629522.753862	1525629522.753862	-0.120155	0.069389	-0.890211
1525629522.763967	1525629522.763967	-0.133958	0.033204	-0.903151
1525629522.773122	1525629522.773122	-0.142504	-0.033911	-0.916026
1525629522.783591	1525629522.783591	-0.148799	-0.059470	-0.929939
1525629522.793371	1525629522.793371	-0.192140	-0.034785	-0.958143
1525629522.803648	1525629522.803648	-0.257652	0.015568	-1.000456
1525629522.813053	1525629522.813053	-0.295379	0.037021	-1.052007
1525629522.823065	1525629522.823065	-0.318277	0.005120	-1.105505
1525629522.833100	1525629522.833100	-0.342322	-0.110980	-1.169657
1525629522.843000	1525629522.843000	-0.362106	-0.297447	-1.247591
1525629522.853142	1525629522.853142	-0.297440	-0.516256	-1.344714
1525629522.862960	1525629522.862960	-0.327865	-0.780491	-1.440871
1525629522.873799	1525629522.873799	-0.395477	-0.951839	-1.531099
1525629522.882845	1525629522.882845	-0.460505	-1.052865	-1.643649
1525629522.892822	1525629522.892822	-0.600123	-0.909524	-1.801822
1525629522.904499	1525629522.904499	-0.578512	-0.543071	-2.010183
1525629522.912901	1525629522.912901	-0.575484	-0.550578	-2.084651
1525629522.922925	1525629522.922925	-0.600580	-0.490722	-1.940207
1525629522.933024	1525629522.933024	-0.617147	-0.171886	-1.742448
1525629522.942811	1525629522.942811	-0.703480	-0.016927	-1.631751
1525629522.952924	1525629522.952924	-0.744200	0.057866	-1.602450
1525629522.962901	1525629522.962901	-0.685676	0.069348	-1.586833
1525629522.972727	1525629522.972727	-0.568528	0.007036	-1.581141
1525629522.982751	1525629522.982751	-0.447898	-0.073422	-1.602014
1525629522.993171	1525629522.993171	-0.339384	-0.145326	-1.677319
1525629523.003066	1525629523.003066	-0.272719	-0.221346	-1.821254
1525629523.012895	1525629523.012895	-0.311900	-0.284157	-2.032474
1525629523.022759	1525629523.022759	-0.438761	-0.269882	-2.300116
1525629523.032727	1525629523.032727	-0.580943	-0.166032	-2.605201
1525629523.042598	1525629523.042598	-0.686313	0.038904	-2.933254
1525629523.052464	1525629523.052464	-0.798559	0.323791	-3.293324
1525629523.062806	1525629523.062806	-0.945516	0.545918	-3.707036
1525629523.072795	1525629523.072795	-1.124089	0.654152	-4.089199
1525629523.082533	1525629523.082533	-1.298594	0.805090	-4.272279
1525629523.092506	1525629523.092506	-1.278797	1.113109	-4.083655
1525629523.102480	1525629523.102480	-0.923266	1.342100	-3.444955
1525629523.112776	1525629523.112776	-0.383134	1.168693	-2.366534
1525629523.122281	1525629523.122281	0.136192	0.603297	-0.976498
1525629523.132436	1525629523.132436	0.528328	-0.064944	0.409856
1525629523.142425	1525629523.142425	0.671673	-0.685338	1.559007
1525629523.153141	1525629523.153141	0.500952	-1.098860	2.344557
1525629523.162562	1525629523.162562	0.082309	-1.244007	2.692808
1525629523.172473	1525629523.172473	-0.391231	-1.195141	2.597608
1525629523.182327	1525629523.182327	-0.730775	-1.100125	2.113427
1525629523.192592	1525629523.192592	-0.849125	-1.060499	1.418016
1525629523.202702	1525629523.202702	-0.755975	-1.119804	0.770962
1525629523.212379	1525629523.212379	-0.532748	-1.171014	0.394783
1525629523.222861	1525629523.222861	-0.269939	-1.152956	0.372452
1525629523.232481	1525629523.232481	-0.009255	-1.136866	0.697077
1525629523.246329	1525629523.246329	0.270203	-1.210258	1.299731
1525629523.252472	1525629523.252472	0.561028	-1.324111	2.098368
1525629523.262386	1525629523.262386	0.806348	-1.314101	2.978400
1525629523.272181	1525629523.272181	0.953488	-1.087333	3.816779
1525629523.282461	1525629523.282461	0.994178	-0.731225	4.486747
1525629523.293564	1525629523.293564	0.981115	-0.401640	4.922964
1525629523.302430	1525629523.302430	0.984324	-0.108451	5.156089
1525629523.312264	1525629523.312264	1.026440	0.101374	5.244940
1525629523.322097	1525629523.322097	1.076026	0.169363	5.217871
1525629523.332128	1525629523.332128	1.109156	0.065788	5.105457
1525629523.341947	1525629523.341947	1.119516	-0.144306	4.914006
1525629523.352265	1525629523.352265	1.119900	-0.358647	4.664957
1525629523.362248	1525629523.362248	1.122921	-0.492008	4.391458
1525629523.371764	1525629523.371764	1.130300	-0.578492	4.120139
1525629523.381834	1525629523.381834	1.137091	-0.650029	3.899902
1525629523.391884	1525629523.391884	1.154703	-0.726907	3.753238
1525629523.401860	1525629523.401860	1.190411	-0.766516	3.704716
1525629523.412074	1525629523.412074	1.221941	-0.727194	3.751932
1525629523.421781	1525629523.421781	1.224051	-0.625902	3.861584
1525629523.431806	1525629523.431806	1.192063	-0.518071	3.968689
1525629523.441731	1525629523.441731	1.148898	-0.405950	4.030955
1525629523.451788	1525629523.451788	1.093840	-0.269296	4.023891
1525629523.462581	1525629523.462581	1.017184	-0.154963	3.946316
1525629523.471694	1525629523.471694	0.927568	-0.057664	3.790885
1525629523.481700	1525629523.481700	0.850609	0.037417	3.560040
1525629523.491714	1525629523.491714	0.834864	0.100246	3.290562
1525629523.501652	1525629523.501652	0.877935	0.097800	2.997326
1525629523.511688	1525629523.511688	0.861580	0.009256	2.659727
1525629523.521851	1525629523.521851	0.716828	-0.192821	2.240734
1525629523.531718	1525629523.531718	0.527261	-0.399009	1.733916
1525629523.541582	1525629523.541582	0.426715	-0.526716	1.205832
1525629523.551556	1525629523.551556	0.401252	-0.617410	0.740399
1525629523.561593	1525629523.561593	0.316297	-0.679043	0.346613
1525629523.571445	1525629523.571445	0.179021	-0.685024	-0.032913
1525629523.581745	1525629523.581745	0.069997	-0.631454	-0.441898
1525629523.595140	1525629523.595140	0.005065	-0.485350	-0.859925
1525629523.602185	1525629523.602185	-0.043073	-0.250837	-1.237304
1525629523.611660	1525629523.611660	-0.119749	0.055242	-1.535207
1525629523.621627	1525629523.621627	-0.227489	0.396672	-1.729185
1525629523.631603	1525629523.631603	-0.302668	0.738021	-1.793976
1525629523.642729	1525629523.642729	-0.316516	1.059983	-1.730294
1525629523.651657	1525629523.651657	-0.361684	1.329901	-1.559493
1525629523.661758	1525629523.661758	-0.479185	1.631107	-1.226731
1525629523.671255	1525629523.671255	0.013548	2.241203	-0.300052
1525629523.681287	1525629523.681287	1.299478	2.811270	2.065764
1525629523.691885	1525629523.691885	1.562267	2.514796	4.156195
1525629523.702422	1525629523.702422	1.085241	2.090620	4.422849
1525629523.711617	1525629523.711617	0.358622	1.484450	2.904719
1525629523.721147	1525629523.721147	-0.096174	0.725191	0.072242
1525629523.731185	1525629523.731185	-0.175409	0.627330	-2.622616
1525629523.741829	1525629523.741829	-0.047682	1.105755	-4.065403
1525629523.751800	1525629523.751800	0.151097	1.192225	-4.247108
1525629523.761416	1525629523.761416	0.297936	0.450175	-3.407640
1525629523.771276	1525629523.771276	0.342166	-0.696165	-1.940377
1525629523.781267	1525629523.781267	0.297424	-1.611954	-0.566809
1525629523.791086	1525629523.791086	0.236027	-1.924737	0.112575
1525629523.801032	1525629523.801032	0.149593	-1.655800	0.080643
1525629523.811251	1525629523.811251	0.068261	-1.019412	-0.466387
1525629523.820811	1525629523.820811	0.077091	-0.199103	-1.193262
1525629523.830858	1525629523.830858	0.161743	0.585785	-1.758489
1525629523.840965	1525629523.840965	0.218751	1.106637	-1.950457
1525629523.850920	1525629523.850920	0.186977	1.291243	-1.758202
1525629523.861160	1525629523.861160	0.092408	1.165021	-1.294230
1525629523.870831	1525629523.870831	0.011273	0.808562	-0.754517
1525629523.880822	1525629523.880822	0.032895	0.361014	-0.346590
1525629523.890864	1525629523.890864	0.141246	0.034482	-0.199437
1525629523.900827	1525629523.900827	0.261831	-0.065199	-0.307588
1525629523.912532	1525629523.912532	0.359565	0.085604	-0.589517
1525629523.920785	1525629523.920785	0.398643	0.416754	-0.924322
1525629523.930921	1525629523.930921	0.342779	0.721699	-1.179396
1525629523.940802	1525629523.940802	0.219340	0.837290	-1.270316
1525629523.950967	1525629523.950967	0.089757	0.746229	-1.163334
1525629523.960777	1525629523.960777	-0.001379	0.553820	-0.905803
1525629523.970710	1525629523.970710	-0.023809	0.355814	-0.596343
1525629523.980916	1525629523.980916	0.003741	0.169287	-0.357584
1525629523.990955	1525629523.990955	-0.003003	0.007350	-0.275706
1525629524.000933	1525629524.000933	-0.019378	-0.049099	-0.344023
1525629524.011453	1525629524.011453	-0.032046	0.007365	-0.517671
1525629524.020531	1525629524.020531	-0.047198	0.105383	-0.741374
1525629524.030550	1525629524.030550	-0.051040	0.126624	-0.945779
1525629524.040980	1525629524.040980	-0.050833	0.072215	-1.060725
1525629524.050800	1525629524.050800	-0.057286	-0.016226	-1.074638
1525629524.062325	1525629524.062325	-0.057368	-0.089731	-0.995874
1525629524.070425	1525629524.070425	-0.078128	-0.153540	-0.882240
1525629524.080531	1525629524.080531	-0.113739	-0.188510	-0.769853
1525629524.090458	1525629524.090458	-0.128389	-0.151113	-0.698721
1525629524.100707	1525629524.100707	-0.081474	-0.015941	-0.668349
1525629524.111979	1525629524.111979	-0.028775	0.095740	-0.679416
1525629524.120419	1525629524.120419	-0.002596	0.205397	-0.703579
1525629524.130539	1525629524.130539	-0.040919	0.202358	-0.711498
1525629524.140276	1525629524.140276	-0.153353	0.095194	-0.701162
1525629524.150330	1525629524.150330	-0.167775	-0.052885	-0.686433
1525629524.161881	1525629524.161881	-0.096512	-0.176825	-0.693008
1525629524.170370	1525629524.170370	-0.027786	-0.212308	-0.735805
1525629524.180354	1525629524.180354	-0.006612	-0.206035	-0.807923
1525629524.190333	1525629524.190333	-0.046483	-0.209088	-0.863757
1525629524.200558	1525629524.200558	-0.082507	-0.182297	-0.879100
1525629524.210608	1525629524.210608	-0.049509	-0.113150	-0.858475
1525629524.220193	1525629524.220193	0.009960	-0.030252	-0.818369
1525629524.230206	1525629524.230206	0.028778	0.018714	-0.776631
1525629524.240175	1525629524.240175	0.009163	0.036933	-0.739618
1525629524.249998	1525629524.249998	-0.016692	0.057304	-0.715455
1525629524.260419	1525629524.260419	-0.021820	0.108481	-0.721905
1525629524.270145	1525629524.270145	-0.020082	0.173470	-0.763396
1525629524.280061	1525629524.280061	-0.082172	0.191822	-0.830146
1525629524.290099	1525629524.290099	-0.137941	0.141933	-0.904268
1525629524.299908	1525629524.299908	-0.141477	0.089692	-0.974557
1525629524.313346	1525629524.313346	-0.113810	0.065022	-1.060431
1525629524.319977	1525629524.319977	-0.088942	0.075525	-1.171885
1525629524.329972	1525629524.329972	-0.128193	0.090567	-1.274544
1525629524.340148	1525629524.340148	-0.211898	0.097296	-1.321335
1525629524.350231	1525629524.350231	-0.274045	0.099702	-1.299744
1525629524.360440	1525629524.360440	-0.299348	0.080651	-1.241513
1525629524.370210	1525629524.370210	-0.318304	0.024268	-1.186397
1525629524.380099	1525629524.380099	-0.355251	-0.077877	-1.152786
1525629524.390058	1525629524.390058	-0.389783	-0.208823	-1.147883
1525629524.400519	1525629524.400519	-0.388731	-0.339933	-1.173410
1525629524.409803	1525629524.409803	-0.296590	-0.513015	-1.239333
1525629524.419643	1525629524.419643	-0.372989	-0.769589	-1.326472
1525629524.429647	1525629524.429647	-0.573648	-0.790092	-1.413010
1525629524.439601	1525629524.439601	-0.523353	-0.674205	-1.575246
1525629524.449770	1525629524.449770	-0.456560	-0.735308	-1.726630
1525629524.459465	1525629524.459465	-0.495865	-0.761795	-1.746269
1525629524.469545	1525629524.469545	-0.602880	-0.641947	-1.696492
1525629524.479546	1525629524.479546	-0.671465	-0.555307	-1.654759
1525629524.489568	1525629524.489568	-0.666238	-0.561720	-1.647244
1525629524.499498	1525629524.499498	-0.599306	-0.621685	-1.635780
1525629524.509535	1525629524.509535	-0.549553	-0.705022	-1.620268
1525629524.519434	1525629524.519434	-0.526003	-0.777607	-1.641265
1525629524.529440	1525629524.529440	-0.500498	-0.855562	-1.735679
1525629524.539775	1525629524.539775	-0.447394	-0.964579	-1.911709
1525629524.549487	1525629524.549487	-0.373429	-1.108881	-2.142831
1525629524.559558	1525629524.559558	-0.247122	-1.253407	-2.378633
1525629524.569445	1525629524.569445	-0.202914	-1.288865	-2.597349
1525629524.579528	1525629524.579528	-0.285351	-1.188426	-2.815490
1525629524.589612	1525629524.589612	-0.394129	-0.955716	-3.033957
1525629524.599870	1525629524.599870	-0.463892	-0.521737	-3.260467
1525629524.609735	1525629524.609735	-0.522375	0.026224	-3.513453
1525629524.619279	1525629524.619279	-0.666277	0.390148	-3.799407
1525629524.629367	1525629524.629367	-0.910444	0.465675	-4.059971
1525629524.639416	1525629524.639416	-1.098094	0.528250	-4.146353
1525629524.649299	1525629524.649299	-0.970602	0.626975	-3.820167
1525629524.663580	1525629524.663580	-0.467143	0.462149	-2.968903
1525629524.669277	1525629524.669277	0.111225	-0.026805	-1.679261
1525629524.679156	1525629524.679156	0.533830	-0.543799	-0.223355
1525629524.689224	1525629524.689224	0.633217	-0.904945	1.082775
1525629524.699735	1525629524.699735	0.477456	-1.056279	2.006867
1525629524.709114	1525629524.709114	0.208833	-1.078402	2.415489
1525629524.718982	1525629524.718982	-0.098264	-1.082474	2.310618
1525629524.729119	1525629524.729119	-0.373870	-1.048482	1.820834
1525629524.739784	1525629524.739784	-0.536308	-0.860495	1.183420
1525629524.748835	1525629524.748835	-0.557923	-0.594190	0.650968
1525629524.759050	1525629524.759050	-0.454308	-0.395427	0.421263
1525629524.768887	1525629524.768887	-0.208298	-0.360175	0.554123
1525629524.778872	1525629524.778872	0.153529	-0.535225	1.032194
1525629524.788889	1525629524.788889	0.516120	-0.858311	1.765724
1525629524.798916	1525629524.798916	0.776204	-1.189447	2.590600
1525629524.808949	1525629524.808949	0.907696	-1.358077	3.319171
1525629524.818763	1525629524.818763	0.978267	-1.313380	3.838376
1525629524.828794	1525629524.828794	1.021049	-1.104531	4.133720
1525629524.839400	1525629524.839400	1.051246	-0.800849	4.256481
1525629524.848820	1525629524.848820	1.077248	-0.527036	4.280207
1525629524.858878	1525629524.858878	1.135561	-0.366357	4.256435
1525629524.868822	1525629524.868822	1.242949	-0.383893	4.197081
1525629524.878771	1525629524.878771	1.383535	-0.539076	4.099820
1525629524.888657	1525629524.888657	1.485231	-0.669600	3.959508
1525629524.898697	1525629524.898697	1.519203	-0.692200	3.794948
1525629524.908591	1525629524.908591	1.510760	-0.600578	3.631995
1525629524.918616	1525629524.918616	1.500796	-0.408737	3.526496
1525629524.928612	1525629524.928612	1.497291	-0.197701	3.507288
1525629524.938601	1525629524.938601	1.485149	-0.026024	3.575253
1525629524.948547	1525629524.948547	1.455189	0.112714	3.697284
1525629524.958609	1525629524.958609	1.425990	0.238668	3.841676
1525629524.968498	1525629524.968498	1.424613	0.345315	3.975765
1525629524.978495	1525629524.978495	1.429148	0.443388	4.060966
1525629524.988543	1525629524.988543	1.350433	0.510865	4.054679
1525629524.998492	1525629524.998492	1.213260	0.513524	3.929536
1525629525.008507	1525629525.008507	1.115594	0.486129	3.709084
1525629525.018404	1525629525.018404	1.081098	0.423283	3.463862
1525629525.028369	1525629525.028369	1.059186	0.314557	3.227309
1525629525.038933	1525629525.038933	1.001121	0.186795	2.976479
1525629525.048397	1525629525.048397	0.896686	0.089053	2.684634
1525629525.058378	1525629525.058378	0.794820	-0.001254	2.358762
1525629525.068213	1525629525.068213	0.779084	-0.122827	2.050973
1525629525.078355	1525629525.078355	0.817099	-0.289372	1.788547
1525629525.089181	1525629525.089181	0.852617	-0.485739	1.549506
1525629525.098220	1525629525.098220	0.835871	-0.672292	1.310891
1525629525.108236	1525629525.108236	0.739784	-0.797775	1.028729
1525629525.118269	1525629525.118269	0.604025	-0.810136	0.698182
1525629525.128148	1525629525.128148	0.493274	-0.723491	0.349844
1525629525.138190	1525629525.138190	0.418649	-0.585831	0.024297
1525629525.150932	1525629525.150932	0.356135	-0.458856	-0.246819
1525629525.158101	1525629525.158101	0.300328	-0.380913	-0.465697
1525629525.168026	1525629525.168026	0.252517	-0.356279	-0.651481
1525629525.178002	1525629525.178002	0.186737	-0.264424	-0.837487
1525629525.187954	1525629525.187954	0.073699	0.007743	-1.048557
1525629525.197959	1525629525.197959	-0.114290	0.436887	-1.293543
1525629525.208025	1525629525.208025	-0.327680	0.932217	-1.542035
1525629525.217882	1525629525.217882	-0.452179	1.413340	-1.733028
1525629525.227776	1525629525.227776	-0.464250	1.793854	-1.802371
1525629525.237965	1525629525.237965	-0.535377	2.067054	-1.689363
1525629525.247919	1525629525.247919	-0.268512	2.717380	-1.130523
1525629525.257947	1525629525.257947	1.659774	4.605180	1.068554
1525629525.267881	1525629525.267881	2.289536	5.182531	3.953201
1525629525.277871	1525629525.277871	1.641003	4.424729	4.911730
1525629525.287816	1525629525.287816	0.381218	2.895840	3.698964
1525629525.297780	1525629525.297780	-0.619356	1.110477	1.048234
1525629525.307915	1525629525.307915	-0.869270	0.393100	-1.515648
1525629525.317903	1525629525.317903	-0.597274	0.700319	-3.098225
1525629525.328129	1525629525.328129	-0.130160	0.724717	-3.682167
1525629525.337788	1525629525.337788	0.232796	-0.242385	-3.544653
1525629525.348042	1525629525.348042	0.440622	-1.470832	-2.991800
1525629525.358163	1525629525.358163	0.530956	-2.293730	-2.346733
1525629525.368024	1525629525.368024	0.524140	-2.524754	-1.838046
1525629525.377800	1525629525.377800	0.325351	-2.285017	-1.502018
1525629525.388984	1525629525.388984	-0.070832	-1.665058	-1.263145
1525629525.397738	1525629525.397738	-0.435839	-0.763880	-1.072860
1525629525.407998	1525629525.407998	-0.522614	0.078528	-0.960060
1525629525.417928	1525629525.417928	-0.350122	0.530780	-0.924969
1525629525.427838	1525629525.427838	-0.042661	0.548654	-0.933981
1525629525.437837	1525629525.437837	0.285763	0.292554	-0.880996
1525629525.447987	1525629525.447987	0.481413	0.101028	-0.690205
1525629525.457794	1525629525.457794	0.379606	0.064287	-0.400880
1525629525.467867	1525629525.467867	0.097878	0.038955	-0.142492
1525629525.477772	1525629525.477772	-0.110600	0.032434	-0.023705
1525629525.487703	1525629525.487703	-0.148045	-0.000486	-0.109311
1525629525.497878	1525629525.497878	-0.076638	-0.064858	-0.376654
1525629525.507893	1525629525.507893	-0.021310	-0.062045	-0.711250
1525629525.517816	1525629525.517816	-0.047796	0.008293	-0.973409
1525629525.527651	1525629525.527651	-0.125581	-0.011672	-1.073345
1525629525.537699	1525629525.537699	-0.189532	-0.142470	-1.018777
1525629525.547757	1525629525.547757	-0.192767	-0.242572	-0.862352
1525629525.557584	1525629525.557584	-0.122228	-0.210821	-0.691193
1525629525.567572	1525629525.567572	-0.062590	-0.079924	-0.568066
1525629525.577786	1525629525.577786	-0.079089	0.029952	-0.505474
1525629525.587526	1525629525.587526	-0.150707	0.126193	-0.475487
1525629525.597695	1525629525.597695	-0.188074	0.167922	-0.465302
1525629525.608678	1525629525.608678	-0.175200	0.149745	-0.474723
1525629525.617587	1525629525.617587	-0.144038	0.055805	-0.511591
1525629525.627482	1525629525.627482	-0.138402	-0.063612	-0.560479
1525629525.637513	1525629525.637513	-0.150737	-0.163772	-0.619167
1525629525.647543	1525629525.647543	-0.160797	-0.249024	-0.686342
1525629525.658571	1525629525.658571	-0.167515	-0.283132	-0.754542
1525629525.667458	1525629525.667458	-0.152987	-0.311997	-0.813967
1525629525.677203	1525629525.677203	-0.132428	-0.337676	-0.842453
1525629525.687353	1525629525.687353	-0.116660	-0.337735	-0.823102
1525629525.697211	1525629525.697211	-0.127073	-0.328068	-0.755110
1525629525.707538	1525629525.707538	-0.156006	-0.315110	-0.655415
1525629525.717367	1525629525.717367	-0.160251	-0.273484	-0.561804
1525629525.727314	1525629525.727314	-0.137430	-0.230921	-0.499794
1525629525.737389	1525629525.737389	-0.126859	-0.191523	-0.483700
1525629525.747378	1525629525.747378	-0.127624	-0.154224	-0.500741
1525629525.757370	1525629525.757370	-0.132552	-0.127571	-0.528475
1525629525.767253	1525629525.767253	-0.140770	-0.110493	-0.550928
1525629525.777189	1525629525.777189	-0.140651	-0.114761	-0.561570
1525629525.787315	1525629525.787315	-0.133086	-0.123324	-0.571056
1525629525.797598	1525629525.797598	-0.136134	-0.140371	-0.587058
1525629525.808250	1525629525.808250	-0.141259	-0.181928	-0.612664
1525629525.817097	1525629525.817097	-0.122803	-0.216127	-0.645433
1525629525.827088	1525629525.827088	-0.089402	-0.225874	-0.673761
1525629525.836994	1525629525.836994	-0.081588	-0.202469	-0.697082
1525629525.847315	1525629525.847315	-0.096366	-0.170435	-0.703650
1525629525.857842	1525629525.857842	-0.117754	-0.143695	-0.694333
1525629525.867562	1525629525.867562	-0.131796	-0.108454	-0.673219
1525629525.877005	1525629525.877005	-0.119198	-0.064798	-0.647522
1525629525.887006	1525629525.887006	-0.088358	-0.005235	-0.626924
1525629525.896981	1525629525.896981	-0.105368	0.086503	-0.613298
1525629525.906886	1525629525.906886	-0.159513	0.218896	-0.608642
1525629525.916607	1525629525.916607	-0.197204	0.343740	-0.642102
1525629525.927019	1525629525.927019	-0.220709	0.443997	-0.706254
1525629525.936625	1525629525.936625	-0.268639	0.432434	-0.802633
1525629525.946591	1525629525.946591	-0.293043	0.281135	-0.931714
1525629525.956556	1525629525.956556	-0.257432	0.123176	-1.083477
1525629525.966536	1525629525.966536	-0.195955	0.048238	-1.239183
1525629525.976874	1525629525.976874	-0.177466	0.000142	-1.364550
1525629525.986799	1525629525.986799	-0.258146	-0.063484	-1.411302
1525629525.996677	1525629525.996677	-0.311122	-0.082420	-1.358732
1525629526.006672	1525629526.006672	-0.302835	-0.117582	-1.258580
1525629526.016700	1525629526.016700	-0.304134	-0.203868	-1.170251
1525629526.026629	1525629526.026629	-0.331515	-0.247428	-1.121624
1525629526.037228	1525629526.037228	-0.366854	-0.232350	-1.108220
1525629526.046603	1525629526.046603	-0.403730	-0.192772	-1.138474
1525629526.057456	1525629526.057456	-0.499577	-0.083688	-1.218413
1525629526.066624	1525629526.066624	-0.540246	0.102944	-1.344510
1525629526.076714	1525629526.076714	-0.537438	0.064535	-1.407272
1525629526.086729	1525629526.086729	-0.545202	-0.104861	-1.330728
1525629526.096692	1525629526.096692	-0.554748	-0.060015	-1.239311
1525629526.106469	1525629526.106469	-0.621432	-0.041631	-1.279509
1525629526.116805	1525629526.116805	-0.698275	-0.065898	-1.457131
1525629526.126415	1525629526.126415	-0.677761	-0.086324	-1.654850
1525629526.136479	1525629526.136479	-0.610202	-0.210308	-1.794516
1525629526.146523	1525629526.146523	-0.538212	-0.376913	-1.869200
1525629526.156225	1525629526.156225	-0.489914	-0.548740	-1.927143
1525629526.166152	1525629526.166152	-0.458428	-0.732229	-2.008708
1525629526.176250	1525629526.176250	-0.403158	-0.905172	-2.113398
1525629526.186584	1525629526.186584	-0.372012	-1.017271	-2.239673
1525629526.196364	1525629526.196364	-0.426377	-1.027779	-2.420214
1525629526.206505	1525629526.206505	-0.534314	-0.984795	-2.658888
1525629526.215984	1525629526.215984	-0.667635	-0.910800	-2.909580
1525629526.225994	1525629526.225994	-0.778747	-0.774004	-3.131266
1525629526.235952	1525629526.235952	-0.873884	-0.496575	-3.321894
1525629526.246182	1525629526.246182	-0.984910	-0.100767	-3.497819
1525629526.256318	1525629526.256318	-1.211952	0.242228	-3.708157
1525629526.265958	1525629526.265958	-1.526154	0.589845	-3.945105
1525629526.275997	1525629526.275997	-1.635799	1.170076	-4.022033
1525629526.285892	1525629526.285892	-1.210469	1.758912	-3.607071
1525629526.295837	1525629526.295837	-0.444054	1.664485	-2.518434
1525629526.306064	1525629526.306064	0.215929	0.852391	-0.902090
1525629526.315724	1525629526.315724	0.536617	-0.026402	0.872953
1525629526.325835	1525629526.325835	0.473326	-0.567926	2.443188
1525629526.335759	1525629526.335759	0.087098	-0.678765	3.548594
1525629526.345779	1525629526.345779	-0.425006	-0.496258	4.014900
1525629526.355952	1525629526.355952	-0.778889	-0.226277	3.778533
1525629526.366087	1525629526.366087	-0.877558	0.027418	2.914123
1525629526.375887	1525629526.375887	-0.851966	0.343337	1.761726
1525629526.386238	1525629526.386238	-0.798694	0.669878	0.790608
1525629526.396035	1525629526.396035	-0.670165	0.900382	0.275959
1525629526.405869	1525629526.405869	-0.478005	0.928341	0.274051
1525629526.415578	1525629526.415578	-0.241439	0.672830	0.769751
1525629526.425808	1525629526.425808	0.012663	0.181858	1.614782
1525629526.435858	1525629526.435858	0.257950	-0.341006	2.562948
1525629526.445843	1525629526.445843	0.421210	-0.619511	3.375995
1525629526.455847	1525629526.455847	0.451031	-0.637522	3.898961
1525629526.465801	1525629526.465801	0.391306	-0.491162	4.100454
1525629526.475803	1525629526.475803	0.344642	-0.219207	4.045593
1525629526.485748	1525629526.485748	0.360802	0.085451	3.833973
1525629526.495641	1525629526.495641	0.414229	0.301444	3.523828
1525629526.505623	1525629526.505623	0.521128	0.328540	3.165381
1525629526.515693	1525629526.515693	0.681926	0.161431	2.809728
1525629526.526769	1525629526.526769	0.853291	-0.138918	2.522328
1525629526.535829	1525629526.535829	0.976440	-0.452873	2.335453
1525629526.545547	1525629526.545547	1.011175	-0.669421	2.243285
1525629526.555525	1525629526.555525	0.985596	-0.779102	2.218495
1525629526.565342	1525629526.565342	0.975807	-0.806767	2.227955
1525629526.575519	1525629526.575519	0.985287	-0.798275	2.239779
1525629526.585543	1525629526.585543	1.002325	-0.748249	2.252758
1525629526.595585	1525629526.595585	1.035172	-0.666305	2.288281
1525629526.605294	1525629526.605294	1.079505	-0.569479	2.347360
1525629526.615566	1525629526.615566	1.102275	-0.494936	2.420013
1525629526.625383	1525629526.625383	1.071709	-0.438288	2.487756
1525629526.635498	1525629526.635498	1.000847	-0.398532	2.531591
1525629526.645526	1525629526.645526	0.916433	-0.361929	2.548652
1525629526.655319	1525629526.655319	0.837727	-0.327495	2.534916
1525629526.665259	1525629526.665259	0.781531	-0.324071	2.506555
1525629526.675303	1525629526.675303	0.756296	-0.337834	2.473252
1525629526.685335	1525629526.685335	0.739683	-0.343110	2.434732
1525629526.695245	1525629526.695245	0.702937	-0.355767	2.383193
1525629526.705258	1525629526.705258	0.640719	-0.377913	2.318572
1525629526.714930	1525629526.714930	0.571199	-0.375519	2.245345
1525629526.725190	1525629526.725190	0.476213	-0.348506	2.165420
1525629526.735321	1525629526.735321	0.390740	-0.300212	2.097318
1525629526.745387	1525629526.745387	0.352857	-0.241446	2.065986
1525629526.755100	1525629526.755100	0.351991	-0.192418	2.059588
1525629526.765350	1525629526.765350	0.374498	-0.177594	2.054541
1525629526.775122	1525629526.775122	0.409240	-0.192686	2.002813
1525629526.785909	1525629526.785909	0.413345	-0.171458	1.846402
1525629526.795083	1525629526.795083	0.397380	-0.170443	1.582245
1525629526.807061	1525629526.807061	0.311912	-0.212868	1.234220
1525629526.815083	1525629526.815083	0.169608	-0.184730	0.836538
1525629526.827329	1525629526.827329	0.034341	-0.043660	0.410200
1525629526.834690	1525629526.834690	-0.046445	0.079056	-0.025051
1525629526.845553	1525629526.845553	-0.095889	0.055634	-0.435433
1525629526.854898	1525629526.854898	-0.154663	-0.092430	-0.806544
1525629526.864957	1525629526.864957	-0.181841	-0.242745	-1.144274
1525629526.876329	1525629526.876329	-0.206480	-0.220409	-1.479849
1525629526.885077	1525629526.885077	-0.429059	0.169460	-1.696519
1525629526.894831	1525629526.894831	-0.569149	1.002500	-1.588629
1525629526.904819	1525629526.904819	-0.278454	2.045992	-1.065699
1525629526.914881	1525629526.914881	0.280767	2.662188	-0.164816
1525629526.924607	1525629526.924607	0.644296	2.621724	0.984882
1525629526.934860	1525629526.934860	0.694627	2.323596	2.127564
1525629526.945264	1525629526.945264	0.578700	2.003550	2.727518
1525629526.954730	1525629526.954730	0.230357	1.535893	2.324137
1525629526.964824	1525629526.964824	-0.318212	0.949341	1.082789
1525629526.974970	1525629526.974970	-0.476114	0.504944	-0.314503
1525629526.984860	1525629526.984860	-0.098841	0.330251	-1.269935
1525629526.995096	1525629526.995096	0.284911	0.361482	-1.667570
1525629527.004510	1525629527.004510	0.427204	0.223362	-1.726493
1525629527.014288	1525629527.014288	0.458053	-0.144425	-1.619669
1525629527.024270	1525629527.024270	0.450493	-0.438463	-1.411138
1525629527.034331	1525629527.034331	0.361496	-0.529619	-1.133362
1525629527.044174	1525629527.044174	0.154104	-0.390039	-0.812338
1525629527.054205	1525629527.054205	-0.108422	-0.081824	-0.485607
1525629527.064328	1525629527.064328	-0.278400	0.247287	-0.218413
1525629527.074250	1525629527.074250	-0.274371	0.404006	-0.080002
1525629527.084138	1525629527.084138	-0.154185	0.281996	-0.073207
1525629527.094225	1525629527.094225	-0.033123	0.118380	-0.146226
1525629527.104430	1525629527.104430	0.062904	0.094483	-0.237650
1525629527.114665	1525629527.114665	0.164307	0.149439	-0.316238
1525629527.124483	1525629527.124483	0.254655	0.217247	-0.360903
1525629527.134500	1525629527.134500	0.298768	0.292725	-0.375266
1525629527.144338	1525629527.144338	0.280603	0.354626	-0.360589
1525629527.154288	1525629527.154288	0.217272	0.414600	-0.317727
1525629527.164545	1525629527.164545	0.138766	0.488503	-0.252699
1525629527.175054	1525629527.175054	0.085487	0.489832	-0.171395
1525629527.184382	1525629527.184382	0.055462	0.362095	-0.098318
1525629527.194244	1525629527.194244	0.025499	0.123502	-0.052910
1525629527.204236	1525629527.204236	-0.009278	-0.157727	-0.058648
1525629527.214505	1525629527.214505	-0.017860	-0.411374	-0.106642
1525629527.224471	1525629527.224471	-0.104768	-0.562385	-0.185398
1525629527.234293	1525629527.234293	-0.215818	-0.664276	-0.286803
1525629527.244116	1525629527.244116	-0.231870	-0.779363	-0.393432
1525629527.254168	1525629527.254168	-0.171335	-0.781781	-0.457617
1525629527.264102	1525629527.264102	-0.123969	-0.648759	-0.464493
1525629527.274168	1525629527.274168	-0.096502	-0.491111	-0.409879
1525629527.284294	1525629527.284294	-0.081487	-0.358967	-0.302199
1525629527.294347	1525629527.294347	-0.103361	-0.285268	-0.156652
1525629527.304129	1525629527.304129	-0.146677	-0.253044	-0.011366
1525629527.314533	1525629527.314533	-0.174547	-0.210246	0.094728
1525629527.324550	1525629527.324550	-0.186745	-0.170739	0.140345
1525629527.333961	1525629527.333961	-0.201381	-0.176017	0.114622
1525629527.344603	1525629527.344603	-0.223922	-0.221789	0.029199
1525629527.353956	1525629527.353956	-0.221554	-0.291131	-0.091043
1525629527.364054	1525629527.364054	-0.193539	-0.348858	-0.212035
1525629527.373860	1525629527.373860	-0.171163	-0.351123	-0.296910
1525629527.383913	1525629527.383913	-0.157761	-0.320290	-0.339322
1525629527.393803	1525629527.393803	-0.145986	-0.309682	-0.340242
1525629527.406587	1525629527.406587	-0.158344	-0.334123	-0.294625
1525629527.413909	1525629527.413909	-0.192540	-0.365914	-0.209894
1525629527.423814	1525629527.423814	-0.218248	-0.384948	-0.118673
1525629527.434328	1525629527.434328	-0.221276	-0.408353	-0.050590
1525629527.443779	1525629527.443779	-0.224764	-0.418987	-0.029345
1525629527.454378	1525629527.454378	-0.233937	-0.398711	-0.060325
1525629527.463650	1525629527.463650	-0.241362	-0.330502	-0.137051
1525629527.473508	1525629527.473508	-0.243996	-0.188785	-0.241395
1525629527.483267	1525629527.483267	-0.247668	-0.030011	-0.344688
1525629527.493399	1525629527.493399	-0.268985	0.049983	-0.417327
1525629527.503395	1525629527.503395	-0.286834	0.055378	-0.439897
1525629527.513136	1525629527.513136	-0.292427	0.045818	-0.420807
1525629527.523236	1525629527.523236	-0.298272	0.008555	-0.386818
1525629527.533214	1525629527.533214	-0.266794	-0.045921	-0.354500
1525629527.543178	1525629527.543178	-0.190266	-0.035576	-0.328020
1525629527.553172	1525629527.553172	-0.185971	0.048611	-0.313069
1525629527.563221	1525629527.563221	-0.283833	0.149211	-0.317462
1525629527.573129	1525629527.573129	-0.384144	0.108067	-0.325074
1525629527.583264	1525629527.583264	-0.411371	-0.041024	-0.310501
1525629527.593209	1525629527.593209	-0.392788	-0.195636	-0.291111
1525629527.603484	1525629527.603484	-0.304145	-0.299409	-0.318761
1525629527.613446	1525629527.613446	-0.189020	-0.313789	-0.399308
1525629527.623579	1525629527.623579	-0.149605	-0.302269	-0.478653
1525629527.633437	1525629527.633437	-0.171940	-0.263804	-0.476799
1525629527.643292	1525629527.643292	-0.205485	-0.206046	-0.339909
1525629527.656145	1525629527.656145	-0.236291	-0.180221	-0.084840
1525629527.663370	1525629527.663370	-0.246375	-0.233339	0.204544
1525629527.673575	1525629527.673575	-0.231355	-0.295112	0.446339
1525629527.683368	1525629527.683368	-0.221247	-0.319611	0.574186
1525629527.693205	1525629527.693205	-0.214863	-0.305780	0.578521
1525629527.703307	1525629527.703307	-0.203086	-0.269630	0.495644
1525629527.713140	1525629527.713140	-0.172490	-0.211201	0.361907
1525629527.723530	1525629527.723530	-0.125612	-0.145389	0.207082
1525629527.733307	1525629527.733307	-0.088625	-0.080591	0.075552
1525629527.743250	1525629527.743250	-0.082185	-0.009243	0.000059
1525629527.753323	1525629527.753323	-0.087267	0.039801	-0.010648
1525629527.763281	1525629527.763281	-0.092946	0.073947	0.024405
1525629527.773384	1525629527.773384	-0.110698	0.067651	0.078471
1525629527.783301	1525629527.783301	-0.122281	-0.000484	0.139000
1525629527.793823	1525629527.793823	-0.136923	-0.069677	0.187783
1525629527.803185	1525629527.803185	-0.142512	-0.087765	0.204745
1525629527.813072	1525629527.813072	-0.150619	-0.099471	0.167394
1525629527.822936	1525629527.822936	-0.157162	-0.120795	0.087488
1525629527.832985	1525629527.832985	-0.149754	-0.135786	0.002430
1525629527.842919	1525629527.842919	-0.139396	-0.146517	-0.061305
1525629527.853008	1525629527.853008	-0.119872	-0.170061	-0.091932
1525629527.862956	1525629527.862956	-0.081658	-0.221380	-0.086141
1525629527.872723	1525629527.872723	-0.018120	-0.249346	-0.052368
1525629527.882971	1525629527.882971	0.034651	-0.196253	0.005752
1525629527.892763	1525629527.892763	0.045783	-0.061974	0.082518
1525629527.902728	1525629527.902728	0.016436	0.128967	0.165173
1525629527.913385	1525629527.913385	-0.011882	0.319906	0.251034
1525629527.922849	1525629527.922849	-0.009590	0.379620	0.337273
1525629527.932782	1525629527.932782	0.014817	0.323067	0.423786
1525629527.944182	1525629527.944182	0.045819	0.234502	0.488030
1525629527.953007	1525629527.953007	0.063506	0.127853	0.503150
1525629527.962765	1525629527.962765	0.047522	-0.026636	0.469964
1525629527.972586	1525629527.972586	0.016076	-0.193871	0.389758
1525629527.982653	1525629527.982653	-0.023385	-0.315256	0.276457
1525629527.994120	1525629527.994120	-0.050637	-0.356767	0.140951
1525629528.002617	1525629528.002617	-0.005407	-0.403914	0.010590
1525629528.012519	1525629528.012519	0.077532	-0.453326	-0.062899
1525629528.022478	1525629528.022478	0.126495	-0.420487	-0.046336
1525629528.032630	1525629528.032630	0.089294	-0.331825	0.046870
1525629528.042746	1525629528.042746	0.018666	-0.244074	0.168404
1525629528.052419	1525629528.052419	-0.023094	-0.193755	0.277521
1525629528.062215	1525629528.062215	-0.000397	-0.163977	0.346981
1525629528.072399	1525629528.072399	0.047479	-0.107683	0.369917
1525629528.082458	1525629528.082458	0.030969	-0.029822	0.339910
1525629528.092425	1525629528.092425	-0.032015	-0.041317	0.252927
1525629528.102414	1525629528.102414	-0.058536	-0.123324	0.136590
1525629528.112249	1525629528.112249	-0.023345	-0.177873	0.040166
1525629528.122383	1525629528.122383	0.033976	-0.196265	-0.026187
1525629528.132376	1525629528.132376	0.055789	-0.219825	-0.069559
1525629528.143023	1525629528.143023	0.041223	-0.249622	-0.105924
1525629528.152312	1525629528.152312	0.040550	-0.295467	-0.147441
1525629528.162398	1525629528.162398	0.054862	-0.316862	-0.187711
1525629528.172033	1525629528.172033	0.044514	-0.324292	-0.215510
1525629528.182300	1525629528.182300	0.025370	-0.337003	-0.223195
1525629528.192813	1525629528.192813	0.044444	-0.321091	-0.209125
1525629528.208374	1525629528.208374	0.083638	-0.281809	-0.177781
1525629528.212128	1525629528.212128	0.095002	-0.231746	-0.137198
1525629528.221899	1525629528.221899	0.081631	-0.171977	-0.078823
1525629528.232158	1525629528.232158	0.057474	-0.112159	-0.011002
1525629528.242371	1525629528.242371	0.041724	-0.067294	0.064374
1525629528.251694	1525629528.251694	0.051745	-0.018282	0.127292
1525629528.261678	1525629528.261678	0.051465	0.015839	0.157090
1525629528.271726	1525629528.271726	0.029241	0.014861	0.141917
1525629528.281799	1525629528.281799	0.020113	0.001025	0.100296
1525629528.291798	1525629528.291798	0.038850	0.000924	0.051564
1525629528.301693	1525629528.301693	0.078905	0.034842	0.011608
1525629528.312020	1525629528.312020	0.102644	0.068840	-0.003004
1525629528.321861	1525629528.321861	0.095118	0.108313	0.009675
1525629528.331839	1525629528.331839	0.065017	0.131899	0.032722
1525629528.341902	1525629528.341902	0.061817	0.131912	0.032683
1525629528.351895	1525629528.351895	0.083358	0.135011	0.016981
1525629528.361727	1525629528.361727	0.079484	0.130749	-0.016062
1525629528.371818	1525629528.371818	0.048891	0.102087	-0.050494
1525629528.381605	1525629528.381605	0.022298	0.065956	-0.064655
1525629528.392017	1525629528.392017	0.025253	0.045701	-0.048653
1525629528.401775	1525629528.401775	0.044087	0.017921	-0.023942
1525629528.411670	1525629528.411670	0.044962	-0.001262	-0.012222
1525629528.421702	1525629528.421702	0.031388	0.007312	-0.034740
1525629528.431797	1525629528.431797	0.035323	0.018993	-0.092168
1525629528.442856	1525629528.442856	0.041494	0.004014	-0.163404
1525629528.451715	1525629528.451715	0.044326	-0.014144	-0.224037
1525629528.461600	1525629528.461600	0.046742	-0.016297	-0.247423
1525629528.471625	1525629528.471625	0.027380	-0.001286	-0.231695
1525629528.481668	1525629528.481668	0.009764	0.046774	-0.177630
1525629528.491661	1525629528.491661	0.009237	0.102223	-0.123356
1525629528.501566	1525629528.501566	0.004559	0.119273	-0.173438
1525629528.511608	1525629528.511608	-0.011758	0.091602	-0.240692
1525629528.521421	1525629528.521421	0.017515	0.200183	-0.256302
1525629528.531503	1525629528.531503	0.043908	0.219267	-0.229371
1525629528.541438	1525629528.541438	0.046207	0.140413	-0.171865
1525629528.551475	1525629528.551475	0.030217	0.105345	-0.093297
1525629528.561356	1525629528.561356	0.007299	0.160888	-0.040361
1525629528.571103	1525629528.571103	-0.008435	0.216372	-0.051199
1525629528.581594	1525629528.581594	-0.024705	0.175907	-0.124838
1525629528.591335	1525629528.591335	-0.020248	0.110861	-0.153519
1525629528.601369	1525629528.601369	0.081019	-0.051505	-0.004329
1525629528.611311	1525629528.611311	0.149341	-0.209473	0.134878
1525629528.621117	1525629528.621117	0.137638	-0.238204	0.126221
1525629528.631555	1525629528.631555	0.100726	-0.151763	0.021459
1525629528.642487	1525629528.642487	0.082483	-0.044064	-0.035178
1525629528.651340	1525629528.651340	0.051361	-0.106814	-0.033428
1525629528.661164	1525629528.661164	0.039024	-0.342305	-0.032507
1525629528.671117	1525629528.671117	0.053654	-0.564064	-0.052544
1525629528.681257	1525629528.681257	0.127450	-0.506825	-0.054837
1525629528.691139	1525629528.691139	0.204974	-0.394155	-0.001738
1525629528.702454	1525629528.702454	0.208768	-0.301420	0.055781
1525629528.711186	1525629528.711186	0.133815	-0.145509	0.021864
1525629528.720779	1525629528.720779	0.019439	0.045704	-0.096620
1525629528.730847	1525629528.730847	-0.036220	0.149301	-0.148393
1525629528.740771	1525629528.740771	-0.011419	0.052227	-0.102320
1525629528.750753	1525629528.750753	0.022008	-0.195140	-0.007175
1525629528.760983	1525629528.760983	0.036132	-0.393389	0.105825
1525629528.770977	1525629528.770977	0.031394	-0.362441	0.150470
1525629528.781011	1525629528.781011	0.007808	-0.221676	0.101216
1525629528.792358	1525629528.792358	0.008215	-0.075702	0.010746
1525629528.800960	1525629528.800960	0.005906	-0.001112	-0.046760
1525629528.811710	1525629528.811710	0.011050	0.006335	-0.029667
1525629528.820819	1525629528.820819	0.023075	-0.027797	0.026892
1525629528.831393	1525629528.831393	0.057518	-0.067354	0.081597
1525629528.841086	1525629528.841086	0.091133	-0.110113	0.116069
1525629528.851146	1525629528.851146	0.109997	-0.131499	0.139716
1525629528.860749	1525629528.860749	0.123951	-0.097453	0.139886
1525629528.870999	1525629528.870999	0.132038	-0.027160	0.103794
1525629528.880819	1525629528.880819	0.146392	-0.000591	0.069910
1525629528.890995	1525629528.890995	0.149610	-0.072021	0.053986
1525629528.900757	1525629528.900757	0.156668	-0.173297	0.066847
1525629528.910733	1525629528.910733	0.208445	-0.190553	0.104734
1525629528.928736	1525629528.928736	0.221189	-0.161825	0.115532
1525629528.931753	1525629528.931753	0.142756	-0.044261	0.096475
1525629528.940251	1525629528.940251	0.103715	0.061413	0.082158
1525629528.951336	1525629528.951336	0.058655	0.126595	0.028387
1525629528.960529	1525629528.960529	0.034698	0.202354	-0.003839
1525629528.973933	1525629528.973933	0.050684	0.190562	-0.004708
1525629528.980622	1525629528.980622	0.065373	0.096709	-0.003461
1525629528.990956	1525629528.990956	0.054254	-0.047124	0.003858
1525629529.000539	1525629529.000539	0.038718	-0.198395	0.021767
1525629529.010403	1525629529.010403	0.042399	-0.286859	0.051617
1525629529.020662	1525629529.020662	0.068596	-0.314667	0.084933
1525629529.030493	1525629529.030493	0.111127	-0.320172	0.096097
1525629529.040538	1525629529.040538	0.157417	-0.263890	0.074310
1525629529.050443	1525629529.050443	0.175325	-0.147813	0.029822
1525629529.063560	1525629529.063560	0.149200	-0.075241	-0.000301
1525629529.070103	1525629529.070103	0.115189	-0.060178	-0.008168
1525629529.080293	1525629529.080293	0.092693	-0.070739	-0.003121
1525629529.090393	1525629529.090393	0.096773	-0.125110	0.001188
1525629529.101472	1525629529.101472	0.117792	-0.174219	0.017411
1525629529.110288	1525629529.110288	0.143109	-0.174316	0.041137
1525629529.120069	1525629529.120069	0.176090	-0.143542	0.055376
1525629529.130002	1525629529.130002	0.202895	-0.090365	0.055702
1525629529.140079	1525629529.140079	0.208535	-0.020050	0.045126
1525629529.150000	1525629529.150000	0.179984	0.055741	0.039452
1525629529.160232	1525629529.160232	0.160041	0.118702	0.025370
1525629529.170206	1525629529.170206	0.141186	0.164603	0.005979
1525629529.180074	1525629529.180074	0.122073	0.184933	0.002552
1525629529.192292	1525629529.192292	0.112261	0.168994	0.016269
1525629529.200114	1525629529.200114	0.108926	0.135970	0.020487
1525629529.209812	1525629529.209812	0.090646	0.094482	0.023457
1525629529.219786	1525629529.219786	0.079846	0.067885	0.028648
1525629529.229842	1525629529.229842	0.065869	0.050894	0.033799
1525629529.239838	1525629529.239838	0.057278	0.033878	0.034759
1525629529.249714	1525629529.249714	0.061742	0.044511	0.020977
1525629529.259774	1525629529.259774	0.065076	0.061546	0.013566
1525629529.269673	1525629529.269673	0.063127	0.088196	0.003963
1525629529.281132	1525629529.281132	0.056971	0.097806	-0.014207
1525629529.289545	1525629529.289545	0.047290	0.076532	-0.012196
1525629529.299556	1525629529.299556	0.044940	0.068022	0.003741
1525629529.309514	1525629529.309514	0.053358	0.089309	0.017680
1525629529.319463	1525629529.319463	0.056523	0.101022	0.023040
1525629529.329377	1525629529.329377	0.054326	0.096770	0.027271
1525629529.339454	1525629529.339454	0.051175	0.090386	0.021910
1525629529.349440	1525629529.349440	0.049135	0.096787	0.015499
1525629529.359462	1525629529.359462	0.050137	0.091455	0.019769
1525629529.369971	1525629529.369971	0.060653	0.082889	0.030541
1525629529.379364	1525629529.379364	0.071337	0.073250	0.027479
1525629529.389319	1525629529.389319	0.063837	0.055163	0.026324
1525629529.399298	1525629529.399298	0.047710	0.021127	0.029321
1525629529.409293	1525629529.409293	0.041161	-0.006554	0.035628
1525629529.419240	1525629529.419240	0.037788	-0.018258	0.047295
1525629529.430815	1525629529.430815	0.036783	-0.024652	0.040896
