1525629519.621915	1525629519.621915	11.631134	61.280457	-330.377197
1525629519.621984	1525629519.621984	11.780533	61.131012	-330.450928
1525629519.641034	1525629519.641034	11.631210	61.280579	-330.452209
1525629519.641085	1525629519.641085	11.780304	61.130676	-330.225922
1525629519.660599	1525629519.660599	11.555801	61.205231	-330.377014
1525629519.660650	1525629519.660650	11.706696	61.356018	-330.602386
1525629519.680388	1525629519.680388	11.931549	61.356476	-330.451721
1525629519.680437	1525629519.680437	11.706665	61.430466	-330.227814
1525629519.699955	1525629519.699955	11.930466	61.131363	-330.375488
1525629519.700021	1525629519.700021	11.931732	61.431244	-330.302124
1525629519.719746	1525629519.719746	11.631927	61.505127	-330.153442
1525629519.719793	1525629519.719793	11.633011	61.730240	-330.229675
1525629519.739983	1525629519.739983	11.856506	61.430679	-330.077362
1525629519.742683	1525629519.742683	11.705902	61.280350	-330.151978
1525629519.759746	1525629519.759746	11.857330	61.580917	-330.228180
1525629519.759903	1525629519.759903	11.781326	61.355682	-330.227173
1525629519.778818	1525629519.778818	11.781326	61.355682	-330.227173
1525629519.778894	1525629519.778894	11.556915	61.504898	-330.153656
1525629519.798538	1525629519.798538	11.855453	61.131134	-330.375702
1525629519.798607	1525629519.798607	12.006592	61.431244	-330.151886
1525629519.818211	1525629519.818211	11.931061	61.281250	-330.301300
1525629519.818280	1525629519.818280	12.006821	61.431580	-330.376892
1525629519.837640	1525629519.837640	11.632004	61.505249	-330.228455
1525629519.837686	1525629519.837686	11.707153	61.505692	-330.378204
1525629519.858296	1525629519.858296	11.858688	61.880920	-330.229828
1525629519.858379	1525629519.858379	11.782227	61.506027	-330.453003
1525629519.877162	1525629519.877162	11.783157	61.730911	-330.379211
1525629519.877219	1525629519.877219	11.707367	61.506027	-330.603210
1525629519.899487	1525629519.899487	12.006622	61.356812	-330.526489
1525629519.899557	1525629519.899557	11.783356	61.805695	-330.229645
1525629519.916398	1525629519.916398	12.006470	61.356583	-330.376495
1525629519.916465	1525629519.916465	12.157562	61.582153	-330.452301
1525629519.936398	1525629519.936398	11.482666	61.654800	-330.229706
1525629519.936469	1525629519.936469	11.857559	61.581253	-330.453186
1525629519.956199	1525629519.956199	11.782745	61.655807	-330.303802
1525629519.956315	1525629519.956315	11.931320	61.356140	-330.226715
1525629519.975517	1525629519.975517	12.083206	61.806366	-330.078735
1525629519.977003	1525629519.977003	11.932266	61.581024	-330.152954
1525629519.994982	1525629519.994982	12.233170	61.732269	-330.377869
1525629519.995005	1525629519.995005	12.081177	61.356354	-330.076294
1525629520.014722	1525629520.014722	12.006927	61.506256	-330.152313
1525629520.014741	1525629520.014741	12.308212	61.807037	-330.078064
1525629520.034384	1525629520.034384	12.304794	60.982483	-330.373535
1525629520.034425	1525629520.034425	12.232071	61.507156	-330.301636
1525629520.053967	1525629520.053967	12.006927	61.506256	-330.152313
1525629520.054681	1525629520.054681	12.157379	61.507370	-330.601868
1525629520.073569	1525629520.073569	12.232422	61.582153	-330.302032
1525629520.073604	1525629520.073604	12.005798	61.206589	-330.375671
1525629520.093404	1525629520.093404	12.006622	61.356812	-330.526489
1525629520.093448	1525629520.093448	11.555603	61.130463	-330.526581
1525629520.112894	1525629520.112894	11.704941	60.980896	-330.525330
1525629520.112945	1525629520.112945	11.481125	61.280014	-330.377655
1525629520.132722	1525629520.132722	11.254929	60.979553	-330.526672
1525629520.132774	1525629520.132774	11.106689	61.354218	-330.604187
1525629520.152332	1525629520.152332	10.954590	60.903656	-330.527161
1525629520.152380	1525629520.152380	11.180939	61.204330	-330.528137
1525629520.171896	1525629520.171896	11.180527	61.129227	-330.452728
1525629520.171958	1525629520.171958	11.253769	60.754318	-330.375427
1525629520.192018	1525629520.192018	11.181198	61.279221	-330.453552
1525629520.192128	1525629520.192128	11.029358	60.903534	-330.301910
1525629520.211372	1525629520.211372	11.031021	61.203995	-330.603577
1525629520.211436	1525629520.211436	10.954880	61.053101	-330.152985
1525629520.231077	1525629520.231077	11.779633	60.980682	-330.225098
1525629520.231143	1525629520.231143	11.783279	61.805573	-330.154633
1525629520.251039	1525629520.251039	11.932495	61.581360	-330.377960
1525629520.251272	1525629520.251272	12.610992	62.259079	-330.829651
1525629520.270430	1525629520.270430	13.135513	62.185425	-330.677643
1525629520.271983	1525629520.271983	13.587997	62.637451	-331.128784
1525629520.290109	1525629520.290109	13.587357	62.562012	-330.828400
1525629520.291643	1525629520.291643	13.361710	62.336884	-331.202820
1525629520.310244	1525629520.310244	12.988892	62.786011	-331.356415
1525629520.310317	1525629520.310317	12.909424	61.810638	-331.276276
1525629520.329453	1525629520.329453	12.985779	62.110870	-331.277679
1525629520.329516	1525629520.329516	13.060211	62.035767	-331.052063
1525629520.349189	1525629520.349189	12.984344	61.810760	-331.201050
1525629520.349258	1525629520.349258	12.837494	62.559982	-330.980621
1525629520.368865	1525629520.368865	12.834534	61.885086	-331.051910
1525629520.368936	1525629520.368936	12.759109	61.809738	-330.976715
1525629520.390952	1525629520.390952	12.309113	61.808395	-330.978058
1525629520.391037	1525629520.391037	12.383850	61.733734	-331.052429
1525629520.408385	1525629520.408385	12.085953	62.182953	-331.130798
1525629520.408427	1525629520.408427	12.082413	61.432709	-330.976685
1525629520.427845	1525629520.427845	12.083405	61.583160	-331.277496
1525629520.427953	1525629520.427953	11.932724	61.432709	-331.277130
1525629520.448144	1525629520.448144	11.782043	61.282257	-331.276733
1525629520.448214	1525629520.448214	11.557297	61.356476	-331.202850
1525629520.467230	1525629520.467230	11.406555	61.205917	-331.127472
1525629520.467306	1525629520.467306	11.406204	61.130905	-331.127045
1525629520.486813	1525629520.486813	11.255615	60.980576	-331.201691
1525629520.486888	1525629520.486888	11.181137	61.130127	-331.052704
1525629520.507447	1525629520.507447	10.879593	60.754440	-331.201569
1525629520.507793	1525629520.507793	10.953506	60.529556	-331.125092
1525629520.526196	1525629520.526196	10.955185	60.904556	-331.127167
1525629520.526270	1525629520.526270	10.578766	60.603317	-331.051605
1525629520.546001	1525629520.546001	10.879105	60.679214	-331.051147
1525629520.546071	1525629520.546071	10.504318	60.678421	-331.277252
1525629520.565552	1525629520.565552	10.502487	60.303192	-331.125214
1525629520.565818	1525629520.565818	10.431015	61.053207	-331.279541
1525629520.585326	1525629520.585326	10.278305	60.452744	-331.276703
1525629520.585393	1525629520.585393	10.428162	60.452972	-331.126251
1525629520.605218	1525629520.605218	10.279251	60.677643	-331.202942
1525629520.606914	1525629520.606914	10.127411	60.301956	-331.051300
1525629520.625624	1525629520.625624	10.054016	60.676636	-330.978607
1525629520.625693	1525629520.625693	9.976807	60.151627	-331.125946
1525629520.644387	1525629520.644387	10.276993	60.227295	-330.975464
1525629520.644456	1525629520.644456	9.901123	60.001389	-331.125336
1525629520.664173	1525629520.664173	10.276810	60.152512	-331.125061
1525629520.664231	1525629520.664231	9.977966	60.376846	-331.277191
1525629520.683566	1525629520.683566	9.977036	60.151962	-331.350952
1525629520.683608	1525629520.683608	9.977783	60.302078	-331.426758
1525629520.707131	1525629520.707131	9.751160	59.926498	-331.500397
1525629520.708582	1525629520.708582	9.750977	59.851730	-331.649963
1525629520.723561	1525629520.723561	9.601990	60.076279	-331.651642
1525629520.723675	1525629520.723675	9.524963	59.626053	-331.649414
1525629520.742713	1525629520.742713	9.376160	59.925385	-331.501495
1525629520.742786	1525629520.742786	9.149017	59.400040	-331.724304
1525629520.762539	1525629520.762539	9.224731	59.624817	-331.425293
1525629520.762658	1525629520.762658	8.849915	59.698456	-331.276825
1525629520.782056	1525629520.782056	8.699463	59.548355	-331.501465
1525629520.782128	1525629520.782128	8.400467	59.772461	-331.503601
1525629520.801661	1525629520.801661	8.170959	58.871094	-331.049316
1525629520.801728	1525629520.801728	8.247543	59.171646	-331.275726
1525629520.821310	1525629520.821310	7.421066	58.794510	-331.501160
1525629520.821371	1525629520.821371	7.796112	58.721207	-331.874634
1525629520.841306	1525629520.841306	7.347076	59.019302	-331.502625
1525629520.841384	1525629520.841384	7.269684	58.419510	-331.799530
1525629520.861326	1525629520.861326	7.570206	58.570190	-331.649475
1525629520.861483	1525629520.861483	6.969452	58.418274	-331.575439
1525629520.880494	1525629520.880494	7.418854	58.269730	-331.648254
1525629520.880564	1525629520.880564	6.893768	58.268051	-331.574860
1525629520.900211	1525629520.900211	6.817154	57.892929	-331.648010
1525629520.900280	1525629520.900280	6.817764	58.042816	-331.573853
1525629520.919853	1525629520.919853	6.514679	57.441345	-331.196442
1525629520.919920	1525629520.919920	6.663437	57.216446	-330.969757
1525629520.941167	1525629520.941167	6.438629	57.290543	-330.820831
1525629520.941244	1525629520.941244	6.512115	56.990540	-330.668945
1525629520.961176	1525629520.961176	6.062607	57.213409	-330.146545
1525629520.961264	1525629520.961264	5.910004	56.687607	-329.919098
1525629520.978968	1525629520.978968	5.834183	56.537155	-329.768494
1525629520.979036	1525629520.979036	5.757935	56.311584	-329.542480
1525629520.998560	1525629520.998560	5.306320	55.935349	-329.616791
1525629520.998628	1525629520.998628	5.006607	56.083893	-329.243500
1525629521.018575	1525629521.018575	4.853424	55.408188	-329.090240
1525629521.018702	1525629521.018702	4.779129	55.632523	-328.791687
1525629521.040204	1525629521.040204	4.325439	54.880707	-328.488922
1525629521.040292	1525629521.040292	4.175110	54.805267	-328.488953
1525629521.057516	1525629521.057516	3.950592	55.028793	-327.965881
1525629521.057554	1525629521.057554	3.947693	54.354004	-328.112152
1525629521.077155	1525629521.077155	3.799042	54.653564	-328.114258
1525629521.077193	1525629521.077193	3.647461	54.352783	-327.888062
1525629521.096716	1525629521.096716	3.420776	53.977097	-327.886658
1525629521.096731	1525629521.096731	3.119614	53.750961	-327.736328
1525629521.117343	1525629521.117343	3.044525	53.750626	-327.661560
1525629521.117420	1525629521.117420	2.819122	53.674835	-327.586823
1525629521.136661	1525629521.136661	2.590317	52.849030	-327.507965
1525629521.136906	1525629521.136906	2.665924	52.999146	-327.433563
1525629521.160258	1525629521.160258	2.065842	52.997238	-327.360321
1525629521.162967	1525629521.162967	2.063293	52.397446	-327.507050
1525629521.175590	1525629521.175590	1.539413	52.695541	-327.285217
1525629521.175644	1525629521.175644	1.460510	51.795532	-327.430573
1525629521.195349	1525629521.195349	1.160355	51.794403	-327.281403
1525629521.195458	1525629521.195458	0.933426	51.418381	-327.055054
1525629521.215023	1525629521.215023	1.007126	51.044159	-327.427795
1525629521.215090	1525629521.215090	0.857346	51.193039	-326.979034
1525629521.234875	1525629521.234875	0.255188	50.666565	-327.202942
1525629521.235002	1525629521.235002	0.403625	50.366669	-326.975830
1525629521.254606	1525629521.254606	-0.198700	49.914413	-326.675171
1525629521.254723	1525629521.254723	-0.499161	49.763855	-326.900238
1525629521.274772	1525629521.274772	-0.574463	49.763184	-326.600464
1525629521.274880	1525629521.274880	-0.878784	48.787369	-326.671021
1525629521.295463	1525629521.295463	-1.028442	48.861923	-326.671875
1525629521.295600	1525629521.295600	-1.405624	48.410568	-326.520508
1525629521.313654	1525629521.313654	-1.707138	48.109436	-326.369751
1525629521.313964	1525629521.313964	-2.233566	47.807739	-326.294708
1525629521.333412	1525629521.333412	-2.611832	47.131256	-326.067108
1525629521.333540	1525629521.333540	-2.838074	46.905243	-325.841522
1525629521.353021	1525629521.353021	-3.067444	46.004105	-325.537292
1525629521.353136	1525629521.353136	-3.143600	45.778641	-325.386261
1525629521.372723	1525629521.372723	-3.672363	45.026505	-325.008698
1525629521.372798	1525629521.372798	-3.825638	44.350693	-324.780457
1525629521.395186	1525629521.395186	-4.274628	44.574356	-324.783051
1525629521.395270	1525629521.395270	-4.581955	42.998077	-324.550293
1525629521.412437	1525629521.412437	-4.582474	42.997284	-324.025299
1525629521.412572	1525629521.412572	-4.810516	42.321594	-324.022278
1525629521.431946	1525629521.431946	-4.963684	41.720459	-323.569397
1525629521.432169	1525629521.432169	-5.340347	41.418884	-323.268890
1525629521.451874	1525629521.451874	-5.345566	40.293625	-323.112701
1525629521.452012	1525629521.452012	-5.422699	39.917725	-322.660889
1525629521.470943	1525629521.470943	-5.277054	39.017700	-322.355469
1525629521.472174	1525629521.472174	-5.430222	38.416565	-321.902649
1525629521.490444	1525629521.490444	-5.660629	37.364853	-321.222504
1525629521.491273	1525629521.491273	-5.665848	36.239609	-321.066345
1525629521.510836	1525629521.510836	-6.194275	35.562454	-320.689209
1525629521.510982	1525629521.510982	-5.824295	34.513107	-320.382355
1525629521.529863	1525629521.529863	-5.977951	33.687744	-320.453247
1525629521.529924	1525629521.529924	-6.434677	32.260910	-320.146790
1525629521.549421	1525629521.549421	-6.137970	31.511902	-320.216797
1525629521.549467	1525629521.549467	-6.817108	30.609756	-320.138855
1525629521.569239	1525629521.569239	-6.598831	29.035950	-320.504547
1525629521.569308	1525629521.569308	-7.204010	27.834473	-320.724762
1525629521.588999	1525629521.588999	-7.736343	26.108536	-321.166840
1525629521.590871	1525629521.590871	-7.817871	24.608612	-321.383820
1525629521.608468	1525629521.608468	-8.648590	23.256683	-321.753906
1525629521.608545	1525629521.608545	-8.652374	22.431549	-321.674408
1525629521.628551	1525629521.628551	-8.278992	22.057770	-321.746216
1525629521.628712	1525629521.628712	-7.678009	22.359024	-321.371033
1525629521.648066	1525629521.648066	-6.699997	23.111389	-320.997253
1525629521.648197	1525629521.648197	-6.246918	24.011292	-320.025848
1525629521.667653	1525629521.667653	-4.967468	25.064682	-319.727814
1525629521.667723	1525629521.667723	-4.061646	26.491516	-319.132935
1525629521.687338	1525629521.687338	-3.610291	26.941849	-318.459076
1525629521.687403	1525629521.687403	-2.709732	27.168884	-318.007599
1525629521.707236	1525629521.707236	-2.483521	27.618317	-317.184418
1525629521.707320	1525629521.707320	-1.433594	27.621353	-317.106262
1525629521.726545	1525629521.726545	-0.980133	28.521820	-316.509857
1525629521.726622	1525629521.726622	-0.230011	28.598740	-316.283020
1525629521.746396	1525629521.746396	1.050949	30.026901	-315.837036
1525629521.746467	1525629521.746467	1.807114	31.528275	-315.243011
1525629521.766073	1525629521.766073	3.837540	32.734375	-315.243561
1525629521.766139	1525629521.766139	5.197510	35.062683	-314.727295
1525629521.785712	1525629521.785712	7.452713	36.269104	-314.502167
1525629521.785779	1525629521.785779	9.337524	38.449768	-314.508514
1525629521.805589	1525629521.805589	11.219421	40.030090	-314.286530
1525629521.807140	1525629521.807140	13.478195	41.912323	-314.590149
1525629521.825400	1525629521.825400	15.134216	43.267181	-314.517609
1525629521.825444	1525629521.825444	17.088699	44.248154	-314.592163
1525629521.844856	1525629521.844856	19.644028	45.381149	-314.815704
1525629521.845058	1525629521.845058	21.524902	46.736465	-314.592529
1525629521.864562	1525629521.864562	24.079590	47.645020	-315.189850
1525629521.864982	1525629521.864982	25.885422	48.925568	-315.266479
1525629521.884256	1525629521.884256	28.362900	49.309113	-316.011169
1525629521.884324	1525629521.884324	30.542725	50.365753	-316.085449
1525629521.904036	1525629521.904036	32.795120	50.748520	-316.755798
1525629521.905248	1525629521.905248	35.422897	51.281952	-317.125854
1525629521.924781	1525629521.924781	37.375504	51.813141	-317.347900
1525629521.925052	1525629521.925052	39.476395	51.895233	-317.867035
1525629521.943012	1525629521.943012	41.805969	52.877441	-318.015442
1525629521.943061	1525629521.943061	43.527573	52.058044	-318.305786
1525629521.962868	1525629521.962868	45.703461	52.140350	-318.824707
1525629521.962923	1525629521.962923	47.129715	52.369965	-319.046692
1525629521.982563	1525629521.982563	48.628937	52.149780	-319.265961
1525629521.982628	1525629521.982628	50.055954	52.529510	-319.563782
1525629522.002214	1525629522.002214	50.879562	52.157425	-319.859253
1525629522.002282	1525629522.002282	52.079544	52.086472	-320.155304
1525629522.022067	1525629522.022067	52.529251	51.938385	-320.528137
1525629522.022178	1525629522.022178	52.904907	52.014954	-320.827393
1525629522.042714	1525629522.042714	52.830978	52.239853	-320.903870
1525629522.042792	1525629522.042792	52.304184	51.788605	-321.127960
1525629522.061068	1525629522.061068	51.854355	51.862030	-320.979706
1525629522.061163	1525629522.061163	51.029617	51.934448	-320.907593
1525629522.080688	1525629522.080688	50.205124	52.081757	-320.760864
1525629522.080769	1525629522.080769	49.305344	52.228394	-320.314392
1525629522.100572	1525629522.100572	48.179245	51.999908	-320.241486
1525629522.100602	1525629522.100602	47.130920	52.371765	-320.246674
1525629522.120130	1525629522.120130	45.854523	52.142380	-319.874268
1525629522.120162	1525629522.120162	45.556351	52.516708	-320.027191
1525629522.139782	1525629522.139782	46.157333	52.668961	-320.326263
1525629522.139809	1525629522.139809	47.732285	52.524582	-320.920746
1525629522.159465	1525629522.159465	50.056641	52.381546	-320.912964
1525629522.159493	1525629522.159493	51.328033	51.635010	-320.680054
1525629522.179012	1525629522.179012	51.851807	51.411224	-320.452240
1525629522.179032	1525629522.179032	50.728333	51.782654	-320.307678
1525629522.198749	1525629522.198749	48.706467	52.377274	-320.766968
1525629522.198780	1525629522.198780	46.685120	53.121674	-321.077148
1525629522.218350	1525629522.218350	44.734390	52.891281	-321.381714
1525629522.218375	1525629522.218375	43.536865	53.338364	-321.837830
1525629522.238284	1525629522.238284	43.311478	53.337128	-321.463470
1525629522.238307	1525629522.238307	43.760361	53.038818	-321.685516
1525629522.257710	1525629522.257710	44.361649	53.340500	-321.610352
1525629522.257730	1525629522.257730	44.660263	52.966843	-321.907379
1525629522.277394	1525629522.277394	44.734695	52.891724	-321.681763
1525629522.277412	1525629522.277412	44.135773	53.115051	-321.759796
1525629522.297136	1525629522.297136	43.311600	53.262802	-321.913055
1525629522.297161	1525629522.297161	42.337753	53.485123	-322.067230
1525629522.316687	1525629522.316687	41.287292	53.332306	-322.294525
1525629522.316711	1525629522.316711	40.762543	53.405624	-322.221497
1525629522.336481	1525629522.336481	40.010742	52.953705	-322.446289
1525629522.336505	1525629522.336505	39.862167	53.253372	-322.523376
1525629522.356163	1525629522.356163	39.712494	53.327927	-322.524231
1525629522.356187	1525629522.356187	39.561783	53.102921	-322.823456
1525629522.375979	1525629522.375979	39.265121	53.777481	-323.128052
1525629522.376013	1525629522.376013	38.963852	53.476700	-323.202301
1525629522.395612	1525629522.395612	38.588501	53.400574	-323.203003
1525629522.395645	1525629522.395645	37.613159	53.322647	-323.205505
1525629522.415396	1525629522.415396	37.462891	53.247314	-323.280518
1525629522.415429	1525629522.415429	37.539917	53.697540	-323.282776
1525629522.434980	1525629522.434980	36.938217	53.320740	-323.282501
1525629522.435013	1525629522.435013	37.163574	53.396423	-323.282227
1525629522.454688	1525629522.454688	36.637207	53.094833	-323.282166
1525629522.454731	1525629522.454731	36.561676	52.944839	-323.431549
1525629522.474375	1525629522.474375	36.264236	53.543716	-323.285736
1525629522.474416	1525629522.474416	36.111526	52.943253	-323.282898
1525629522.494030	1525629522.494030	35.886856	53.017593	-323.283997
1525629522.494070	1525629522.494070	35.510925	52.791565	-323.358887
1525629522.513896	1525629522.513896	34.986404	52.865219	-323.510864
1525629522.513923	1525629522.513923	34.762192	53.089218	-323.287750
1525629522.533727	1525629522.533727	34.760315	52.639435	-323.435272
1525629522.533792	1525629522.533792	34.161163	52.862411	-323.288300
1525629522.553813	1525629522.553813	33.785080	52.636185	-323.213226
1525629522.553938	1525629522.553938	33.860336	52.711288	-323.138397
1525629522.573008	1525629522.573008	33.185852	52.859039	-322.991241
1525629522.573069	1525629522.573069	33.183716	52.334366	-323.213348
1525629522.592545	1525629522.592545	32.509079	52.481903	-322.916168
1525629522.592606	1525629522.592606	32.283478	52.331345	-322.991028
1525629522.612232	1525629522.612232	32.132538	52.106003	-323.065216
1525629522.612294	1525629522.612294	31.607468	52.104309	-322.991821
1525629522.632274	1525629522.632274	31.605850	51.729416	-323.064728
1525629522.632386	1525629522.632386	31.231369	51.878067	-322.916687
1525629522.651936	1525629522.651936	30.779816	51.501938	-323.065979
1525629522.652048	1525629522.652048	30.931595	51.877502	-323.142578
1525629522.671636	1525629522.671636	30.254745	51.500244	-322.992554
1525629522.671747	1525629522.671747	30.178879	51.275253	-323.141541
1525629522.691311	1525629522.691311	29.729507	51.498337	-322.769104
1525629522.691422	1525629522.691422	29.878128	51.124237	-323.066589
1525629522.711010	1525629522.711010	29.354813	51.497665	-323.070221
1525629522.711121	1525629522.711121	28.828033	51.120972	-322.994751
1525629522.730845	1525629522.730845	28.752701	51.045746	-322.994568
1525629522.730956	1525629522.730956	28.227386	51.043732	-322.696106
1525629522.750271	1525629522.750271	27.775589	50.592712	-322.919983
1525629522.750355	1525629522.750355	27.552277	50.967041	-322.922729
1525629522.769651	1525629522.769651	27.099945	50.515228	-322.621613
1525629522.769735	1525629522.769735	27.099411	50.365463	-322.770782
1525629522.789984	1525629522.789984	26.346893	49.837967	-322.620148
1525629522.790028	1525629522.790028	26.047302	49.912186	-322.696411
1525629522.811158	1525629522.811158	25.673004	50.135620	-322.398773
1525629522.811202	1525629522.811202	25.220566	49.609146	-322.322235
1525629522.828521	1525629522.828521	24.844467	49.382904	-322.247131
1525629522.828658	1525629522.828658	24.468292	49.156555	-322.097046
1525629522.848455	1525629522.848455	24.090591	48.555405	-322.094849
1525629522.848523	1525629522.848523	23.491333	48.852722	-321.498260
1525629522.868035	1525629522.868035	23.337021	47.877365	-321.568329
1525629522.868088	1525629522.868088	23.486969	47.952255	-321.193298
1525629522.887558	1525629522.887558	22.733398	47.274200	-320.666840
1525629522.888298	1525629522.888298	22.506897	46.973297	-320.515869
1525629522.907412	1525629522.907412	21.979401	46.521042	-320.064972
1525629522.907486	1525629522.907486	21.301132	45.843658	-319.838287
1525629522.927493	1525629522.927493	20.625824	45.841187	-319.540283
1525629522.928171	1525629522.928171	20.094696	44.564026	-319.159851
1525629522.946928	1525629522.946928	19.493027	44.261765	-318.860016
1525629522.946993	1525629522.946993	18.741226	43.958832	-318.410583
1525629522.966484	1525629522.966484	18.736908	42.983932	-318.480255
1525629522.966556	1525629522.966556	17.985764	42.831009	-318.031647
1525629522.986459	1525629522.986459	17.532501	42.154297	-317.804291
1525629522.986587	1525629522.986587	17.154556	41.552826	-317.577148
1525629523.005916	1525629523.005916	16.402969	41.250244	-317.352722
1525629523.009211	1525629523.009211	16.100418	40.649551	-317.500336
1525629523.025442	1525629523.025442	15.423645	40.421402	-316.751099
1525629523.025509	1525629523.025509	15.043564	39.295258	-316.746063
1525629523.045198	1525629523.045198	14.365448	38.618103	-316.669342
1525629523.045270	1525629523.045270	13.309952	37.414810	-316.590912
1525629523.064613	1525629523.064613	12.780670	36.512878	-316.362549
1525629523.064685	1525629523.064685	11.425461	35.458145	-315.910797
1525629523.084427	1525629523.084427	10.367691	33.729965	-315.904449
1525629523.084497	1525629523.084497	9.236099	32.301331	-315.749969
1525629523.104434	1525629523.104434	8.102722	30.423035	-315.818054
1525629523.104550	1525629523.104550	7.197784	29.295532	-315.964600
1525629523.123996	1525629523.123996	6.220032	28.618057	-316.263794
1525629523.125460	1525629523.125460	6.292145	27.943481	-316.409882
1525629523.143724	1525629523.143724	5.843689	28.316925	-316.263275
1525629523.143794	1525629523.143794	6.296158	28.917938	-316.040222
1525629523.163337	1525629523.163337	7.200531	29.970093	-315.668274
1525629523.163786	1525629523.163786	8.027893	30.646576	-314.994507
1525629523.183116	1525629523.183116	9.304794	31.100174	-314.843170
1525629523.183242	1525629523.183242	9.606857	31.774628	-313.870972
1525629523.206071	1525629523.206071	10.506973	31.851990	-313.643707
1525629523.206178	1525629523.206178	10.956223	31.852203	-312.892365
1525629523.224534	1525629523.224534	11.256378	32.002319	-312.367279
1525629523.224613	1525629523.224613	11.856155	32.003784	-312.140503
1525629523.246121	1525629523.246121	12.154648	31.853424	-311.313782
1525629523.246249	1525629523.246249	13.055786	32.155792	-311.087738
1525629523.262095	1525629523.262095	13.659836	33.206604	-310.416718
1525629523.262306	1525629523.262306	14.638824	34.109436	-310.343750
1525629523.282265	1525629523.282265	16.218842	35.239059	-310.270203
1525629523.282388	1525629523.282388	17.199554	36.591446	-309.899689
1525629523.301463	1525629523.301463	18.705887	37.946304	-310.127625
1525629523.301592	1525629523.301592	20.362320	39.376282	-310.130524
1525629523.320736	1525629523.320736	21.643311	40.655457	-310.358734
1525629523.321947	1525629523.321947	23.525009	42.160995	-310.286377
1525629523.340338	1525629523.340338	25.106339	43.516098	-310.514069
1525629523.341556	1525629523.341556	27.059769	44.197510	-310.886963
1525629523.362086	1525629523.362086	28.642456	45.852600	-311.116333
1525629523.362177	1525629523.362177	30.369415	46.307663	-311.038635
1525629523.379835	1525629523.379835	32.250748	47.663651	-311.265442
1525629523.379905	1525629523.379905	33.753128	48.193146	-311.263855
1525629523.399493	1525629523.399493	35.706467	48.799911	-311.861328
1525629523.399560	1525629523.399560	37.586960	50.005661	-311.937347
1525629523.419219	1525629523.419219	39.462479	50.086517	-312.082153
1525629523.419284	1525629523.419284	41.416138	50.768265	-312.680054
1525629523.438941	1525629523.438941	42.992508	51.072998	-312.677002
1525629523.440699	1525629523.440699	44.944214	51.304855	-313.347382
1525629523.462030	1525629523.462030	46.672958	52.135040	-313.346771
1525629523.462443	1525629523.462443	48.696625	51.692108	-314.013245
1525629523.478070	1525629523.478070	50.423416	52.072388	-314.085175
1525629523.478120	1525629523.478120	52.148254	52.002792	-314.229614
1525629523.497912	1525629523.497912	53.572357	51.707733	-314.673737
1525629523.497980	1525629523.497980	55.148621	51.937790	-314.895264
1525629523.518030	1525629523.518030	56.348297	51.717392	-315.565430
1525629523.518142	1525629523.518142	57.699814	52.021667	-315.713043
1525629523.537521	1525629523.537521	58.074371	51.873123	-315.936157
1525629523.538978	1525629523.538978	59.047913	51.501373	-316.156189
1525629523.557113	1525629523.557113	59.724014	51.728516	-316.230377
1525629523.557575	1525629523.557575	60.172485	51.355087	-316.377014
1525629523.577741	1525629523.577741	60.699692	51.881439	-316.228302
1525629523.577872	1525629523.577872	60.323914	51.655655	-316.453186
1525629523.596441	1525629523.596441	60.700485	51.957123	-316.678711
1525629523.596556	1525629523.596556	60.326004	52.105774	-316.530670
1525629523.616515	1525629523.616515	59.950699	51.955215	-316.905975
1525629523.616644	1525629523.616644	59.277756	52.477753	-316.610840
1525629523.636014	1525629523.636014	58.152634	52.548706	-316.164642
1525629523.636140	1525629523.636140	57.403275	52.621902	-316.467255
1525629523.655822	1525629523.655822	56.203812	52.842651	-316.022095
1525629523.656510	1525629523.656510	55.453690	52.914719	-315.574707
1525629523.675052	1525629523.675052	54.328827	53.060577	-315.053894
1525629523.675121	1525629523.675121	53.727737	52.833649	-314.979431
1525629523.695808	1525629523.695808	54.104202	53.060455	-315.429565
1525629523.695905	1525629523.695905	55.379852	53.139725	-315.726166
1525629523.714313	1525629523.714313	56.652100	52.543427	-315.644073
1525629523.714392	1525629523.714392	57.028030	52.769440	-315.569183
1525629523.734105	1525629523.734105	56.502090	52.542969	-315.644531
1525629523.734172	1525629523.734172	55.378876	52.989273	-315.425354
1525629523.757179	1525629523.757179	52.979797	53.206985	-315.358734
1525629523.757307	1525629523.757307	51.106918	53.726028	-315.142212
1525629523.773615	1525629523.773615	49.532791	53.871658	-315.372742
1525629523.773728	1525629523.773728	49.083511	53.945877	-315.749481
1525629523.793113	1525629523.793113	49.310730	54.471329	-315.601685
1525629523.793193	1525629523.793193	49.908585	53.948456	-315.822021
1525629523.812938	1525629523.812938	50.584167	54.025818	-316.045471
1525629523.813060	1525629523.813060	50.436676	54.550613	-316.198792
1525629523.832496	1525629523.832496	49.685135	54.173584	-316.348969
1525629523.832564	1525629523.832564	49.086655	54.546570	-316.202820
1525629523.852052	1525629523.852052	47.661987	54.617294	-316.207489
1525629523.852118	1525629523.852118	46.687469	54.689606	-316.360779
1525629523.871775	1525629523.871775	45.788239	54.911575	-316.139709
1525629523.871843	1525629523.871843	45.113541	54.910004	-316.441742
1525629523.891446	1525629523.891446	45.039246	55.134338	-316.143188
1525629523.891656	1525629523.891656	44.814209	55.059097	-316.443451
1525629523.912658	1525629523.912658	44.889740	55.209106	-316.294037
1525629523.912731	1525629523.912731	44.214874	55.207306	-316.446075
1525629523.930993	1525629523.930993	44.065628	55.356979	-316.522308
1525629523.931033	1525629523.931033	43.167007	55.579849	-316.901245
1525629523.950849	1525629523.950849	42.564972	55.128052	-316.900574
1525629523.950927	1525629523.950927	41.817825	55.726044	-317.056091
1525629523.970252	1525629523.970252	41.068344	55.873566	-316.909149
1525629523.970650	1525629523.970650	40.766159	55.422440	-316.757599
1525629523.990754	1525629523.990754	40.466827	55.571533	-316.759308
1525629523.990878	1525629523.990878	40.541458	55.422211	-317.058258
1525629524.010747	1525629524.010747	40.316498	55.496094	-316.759338
1525629524.011301	1525629524.011301	39.941299	55.420197	-316.910034
1525629524.029316	1525629524.029316	39.791412	55.494400	-316.685883
1525629524.029383	1525629524.029383	39.191696	55.493057	-316.987701
1525629524.049339	1525629524.049339	38.515533	55.265808	-316.838501
1525629524.049469	1525629524.049469	38.142639	55.714798	-316.917053
1525629524.068656	1525629524.068656	37.689514	55.038330	-316.839722
1525629524.068724	1525629524.068724	37.465714	55.337433	-316.692017
1525629524.088915	1525629524.088915	36.939606	55.110748	-316.617371
1525629524.088984	1525629524.088984	36.938110	54.810516	-316.465729
1525629524.108383	1525629524.108383	36.414230	55.108612	-316.243927
1525629524.111878	1525629524.111878	36.112350	54.657928	-316.392334
1525629524.127750	1525629524.127750	35.813965	55.031921	-316.320282
1525629524.127820	1525629524.127820	35.137756	54.730118	-316.470673
1525629524.147419	1525629524.147419	34.762497	54.654099	-316.546356
1525629524.147486	1525629524.147486	34.836166	54.428879	-316.244934
1525629524.167063	1525629524.167063	34.536057	54.353317	-316.470398
1525629524.167131	1525629524.167131	34.087967	54.876297	-316.024628
1525629524.186578	1525629524.186578	33.785339	54.275497	-316.097229
1525629524.186641	1525629524.186641	33.560745	54.349945	-316.173309
1525629524.206736	1525629524.206736	33.110931	54.423370	-316.025055
1525629524.206810	1525629524.206810	33.110443	54.348145	-315.874634
1525629524.226061	1525629524.226061	32.510178	54.271454	-315.951019
1525629524.226137	1525629524.226137	32.208145	53.820557	-315.949432
1525629524.245866	1525629524.245866	31.983887	53.969986	-316.025940
1525629524.246048	1525629524.246048	31.457794	53.743301	-315.951263
1525629524.265523	1525629524.265523	31.232376	53.667511	-315.876526
1525629524.265589	1525629524.265589	30.932709	53.741608	-315.877808
1525629524.285202	1525629524.285202	30.406021	53.365036	-315.877319
1525629524.285273	1525629524.285273	30.107849	53.739365	-316.030304
1525629524.305035	1525629524.305035	29.129501	53.060989	-315.729492
1525629524.306287	1525629524.306287	29.428833	52.911880	-315.727783
1525629524.324534	1525629524.324534	28.530502	53.284195	-315.732513
1525629524.324603	1525629524.324603	28.153061	52.757935	-315.655731
1525629524.345834	1525629524.345834	27.478165	52.830582	-315.433167
1525629524.346056	1525629524.346056	26.651199	52.378204	-315.508179
1525629524.365427	1525629524.365427	26.350113	52.152206	-315.432831
1525629524.366023	1525629524.366023	25.447586	51.624268	-315.282623
1525629524.383911	1525629524.383911	25.297134	51.474152	-315.507263
1525629524.384041	1525629524.384041	24.546265	51.396118	-314.984100
1525629524.403319	1525629524.403319	24.319077	50.945206	-314.832275
1525629524.405755	1525629524.405755	24.316757	50.494751	-314.529816
1525629524.422816	1525629524.422816	23.566071	50.342499	-314.531219
1525629524.423585	1525629524.423585	23.264267	50.040909	-314.080475
1525629524.442490	1525629524.442490	22.887970	49.888885	-313.480774
1525629524.442526	1525629524.442526	22.735077	49.213654	-313.627533
1525629524.462082	1525629524.462082	21.982101	48.685486	-313.026886
1525629524.462112	1525629524.462112	21.453644	47.933792	-312.949310
1525629524.481853	1525629524.481853	21.302109	47.707550	-312.423523
1525629524.481892	1525629524.481892	20.700562	47.479950	-311.899078
1525629524.501579	1525629524.501579	20.471527	46.653809	-311.595245
1525629524.501619	1525629524.501619	20.020294	46.427109	-311.370361
1525629524.521127	1525629524.521127	19.566635	45.749847	-310.767975
1525629524.521173	1525629524.521173	19.489578	45.374054	-310.391144
1525629524.540804	1525629524.540804	18.963181	45.146912	-310.016449
1525629524.540856	1525629524.540856	18.808548	44.171097	-309.786560
1525629524.560705	1525629524.560705	18.357010	43.943970	-309.261658
1525629524.560773	1525629524.560773	18.053696	43.342148	-308.659271
1525629524.580411	1525629524.580411	18.050430	42.666794	-308.430542
1525629524.580520	1525629524.580520	17.447342	42.064423	-308.054047
1525629524.600163	1525629524.600163	17.068024	41.088394	-308.124817
1525629524.600280	1525629524.600280	15.938644	40.333542	-307.149048
1525629524.619639	1525629524.619639	15.183975	39.281387	-307.220551
1525629524.619707	1525629524.619707	14.129013	38.227875	-306.992920
1525629524.642192	1525629524.642192	12.546005	36.497772	-306.763153
1525629524.642295	1525629524.642295	11.490097	35.219391	-306.609283
1525629524.659967	1525629524.659967	10.059708	34.089645	-306.307373
1525629524.663473	1525629524.663473	9.603165	32.588593	-306.525482
1525629524.678796	1525629524.678796	9.376816	32.287918	-306.524506
1525629524.678980	1525629524.678980	9.151657	32.287018	-306.375183
1525629524.698479	1525629524.698479	9.829407	32.963608	-306.076874
1525629524.698550	1525629524.698550	10.281631	33.489731	-305.928406
1525629524.717875	1525629524.717875	11.859390	34.169022	-305.627411
1525629524.717918	1525629524.717918	12.613251	35.145493	-305.105530
1525629524.737614	1525629524.737614	13.215134	35.597076	-304.956207
1525629524.737649	1525629524.737649	14.566055	35.900452	-304.503784
1525629524.757347	1525629524.757347	14.264587	35.673874	-304.053467
1525629524.757388	1525629524.757388	15.013229	35.376114	-304.049591
1525629524.776922	1525629524.776922	15.013977	35.675217	-303.451202
1525629524.776951	1525629524.776951	15.464935	35.901459	-303.376099
1525629524.796649	1525629524.796649	16.668732	36.730179	-303.452057
1525629524.796682	1525629524.796682	17.420471	37.181992	-303.152252
1525629524.816415	1525629524.816415	18.626572	38.535614	-303.156097
1525629524.816450	1525629524.816450	20.281311	39.590576	-303.156921
1525629524.836185	1525629524.836185	22.011063	40.645767	-303.157532
1525629524.836223	1525629524.836223	24.041901	41.926971	-303.233521
1525629524.855748	1525629524.855748	25.245712	42.755692	-303.309479
1525629524.856739	1525629524.856739	27.201706	44.036911	-303.535614
1525629524.875355	1525629524.875355	28.481857	45.165863	-303.613007
1525629524.875400	1525629524.875400	30.360596	45.847504	-304.286102
1525629524.894984	1525629524.894984	32.016403	47.053040	-304.662781
1525629524.895013	1525629524.895013	33.894653	47.659454	-305.185516
1525629524.914682	1525629524.914682	35.549515	48.640106	-305.635925
1525629524.914710	1525629524.914710	36.903992	49.619278	-305.712250
1525629524.934664	1525629524.934664	38.556870	50.075470	-306.534790
1525629524.934708	1525629524.934708	40.210312	50.755997	-306.908569
1525629524.954142	1525629524.954142	41.414047	51.435623	-307.583710
1525629524.954488	1525629524.954488	43.442032	51.967606	-308.180542
1525629524.973951	1525629524.973951	44.869598	52.422668	-308.703766
1525629524.973990	1525629524.973990	46.371460	52.653412	-309.525513
1525629524.993752	1525629524.993752	48.025543	53.558365	-309.525513
1525629524.993790	1525629524.993790	49.223190	52.887955	-310.193298
1525629525.013185	1525629525.013185	50.950241	53.194153	-310.864777
1525629525.013226	1525629525.013226	52.226227	53.348419	-311.161804
1525629525.032821	1525629525.032821	53.801407	53.353363	-311.307098
1525629525.032963	1525629525.032963	54.928223	53.657410	-311.755371
1525629525.052573	1525629525.052573	55.826721	53.210892	-312.275238
1525629525.052605	1525629525.052605	57.402390	53.291061	-312.570953
1525629525.072426	1525629525.072426	58.002808	53.367981	-312.644592
1525629525.072461	1525629525.072461	58.978348	53.371689	-313.166656
1525629525.092003	1525629525.092003	59.729324	53.524384	-313.465240
1525629525.092048	1525629525.092048	60.778412	53.153656	-314.210052
1525629525.111613	1525629525.111613	61.604584	53.381363	-314.358826
1525629525.111657	1525629525.111657	61.904694	53.307922	-314.807526
1525629525.131178	1525629525.131178	62.579712	53.160965	-315.479675
1525629525.134138	1525629525.134138	62.882599	53.836655	-315.332489
1525629525.158040	1525629525.158040	63.032455	53.687881	-315.856232
1525629525.158080	1525629525.158080	63.184677	54.213120	-315.708649
1525629525.170523	1525629525.170523	62.585571	54.361664	-315.936310
1525629525.172204	1525629525.172204	62.884445	54.062897	-316.158752
1525629525.190193	1525629525.190193	62.510681	54.287109	-316.386108
1525629525.190218	1525629525.190218	61.984970	54.060989	-316.686432
1525629525.210132	1525629525.210132	61.312622	54.733414	-316.317169
1525629525.210162	1525629525.210162	59.962234	54.728806	-315.946198
1525629525.229644	1525629525.229644	59.210831	54.500992	-315.572144
1525629525.229674	1525629525.229674	57.938065	55.096512	-315.129242
1525629525.249393	1525629525.249393	56.586960	55.016342	-314.382874
1525629525.249431	1525629525.249431	55.163177	55.386398	-313.939178
1525629525.269071	1525629525.269071	54.262527	55.159256	-314.315643
1525629525.269108	1525629525.269108	54.715668	55.686752	-315.067169
1525629525.288792	1525629525.288792	55.616272	55.839340	-314.990295
1525629525.288852	1525629525.288852	56.588089	55.167023	-314.833679
1525629525.308607	1525629525.308607	56.662827	55.241333	-314.233887
1525629525.308673	1525629525.308673	55.610626	54.787964	-314.084534
1525629525.328207	1525629525.328207	54.561905	55.084702	-314.014313
1525629525.328275	1525629525.328275	52.162430	55.301849	-313.572723
1525629525.348113	1525629525.348113	51.038284	55.523254	-313.427338
1525629525.348167	1525629525.348167	49.766281	56.119904	-313.734406
1525629525.367910	1525629525.367910	49.391129	55.969559	-314.259705
1525629525.367985	1525629525.367985	49.020294	56.794128	-314.715363
1525629525.387527	1525629525.387527	48.869583	56.569122	-315.014557
1525629525.388938	1525629525.388938	49.094727	56.570023	-315.163879
1525629525.407310	1525629525.407310	48.870102	56.718903	-314.865387
1525629525.407917	1525629525.407917	48.193588	56.416656	-314.715759
1525629525.426937	1525629525.426937	47.894638	56.715317	-314.418274
1525629525.427057	1525629525.427057	47.143051	56.412720	-314.193909
1525629525.446731	1525629525.446731	46.693192	56.411591	-314.345245
1525629525.446858	1525629525.446858	46.170609	56.860596	-314.724274
1525629525.466398	1525629525.466398	46.171280	57.010605	-314.725098
1525629525.466527	1525629525.466527	45.944916	56.709915	-314.724121
1525629525.486066	1525629525.486066	45.869812	56.635025	-314.948944
1525629525.486193	1525629525.486193	46.171661	57.011169	-315.100098
1525629525.505712	1525629525.505712	45.495667	56.858688	-314.801270
1525629525.505786	1525629525.505786	45.495590	56.858582	-314.726288
1525629525.526224	1525629525.526224	44.971863	57.156891	-314.654480
1525629525.526344	1525629525.526344	44.594833	56.705765	-314.653137
1525629525.544914	1525629525.544914	43.920425	56.853638	-314.580994
1525629525.545047	1525629525.545047	43.620346	56.852631	-314.506866
1525629525.564903	1525629525.564903	43.545349	56.852402	-314.507080
1525629525.566161	1525629525.566161	43.095108	56.850708	-314.283417
1525629525.584476	1525629525.584476	43.167969	56.326263	-314.505341
1525629525.584603	1525629525.584603	42.568863	56.623795	-314.058746
1525629525.606814	1525629525.606814	42.193680	56.547897	-314.209473
1525629525.607550	1525629525.607550	42.117844	56.397446	-314.058868
1525629525.625009	1525629525.625009	41.443848	56.620422	-314.062103
1525629525.625480	1525629525.625480	41.517838	56.395645	-314.060669
1525629525.644475	1525629525.644475	40.993774	56.618958	-313.988464
1525629525.644595	1525629525.644595	40.840500	55.943161	-313.760223
1525629525.663544	1525629525.663544	40.766785	56.242828	-313.687073
1525629525.663701	1525629525.663701	40.243195	56.541382	-313.765289
1525629525.683115	1525629525.683115	39.866287	56.164902	-313.539337
1525629525.683239	1525629525.683239	39.492737	56.538452	-313.317505
1525629525.702349	1525629525.702349	39.640274	55.939224	-313.538788
1525629525.702421	1525629525.702421	39.339966	55.937881	-313.239685
1525629525.722204	1525629525.722204	39.041229	56.236877	-313.167236
1525629525.723367	1525629525.723367	38.740448	56.011307	-313.391876
1525629525.741897	1525629525.741897	38.364883	55.934845	-313.167603
1525629525.743162	1525629525.743162	38.514053	55.785065	-313.016327
1525629525.761335	1525629525.761335	38.290741	56.159393	-313.019043
1525629525.761469	1525629525.761469	37.764297	55.857712	-312.943970
1525629525.781496	1525629525.781496	37.838287	55.632935	-312.942505
1525629525.781612	1525629525.781612	37.388733	55.781250	-312.719696
1525629525.801092	1525629525.801092	37.160950	55.180450	-312.642059
1525629525.801216	1525629525.801216	37.161713	55.330566	-312.717896
1525629525.820667	1525629525.820667	36.710617	55.104095	-312.643005
1525629525.820782	1525629525.820782	36.710770	55.104324	-312.792999
1525629525.840279	1525629525.840279	36.185120	55.027298	-312.494141
1525629525.840960	1525629525.840960	36.033844	54.726959	-312.567932
1525629525.859870	1525629525.859870	35.811127	55.251175	-312.496521
1525629525.859998	1525629525.859998	35.733200	54.650604	-312.268433
1525629525.879849	1525629525.879849	35.583862	54.800156	-312.269714
1525629525.879971	1525629525.879971	34.908752	54.723465	-312.496307
1525629525.899747	1525629525.899747	34.757019	54.422455	-312.120117
1525629525.899863	1525629525.899863	34.459229	54.946335	-311.973907
1525629525.918930	1525629525.918930	33.930923	54.194870	-312.046326
1525629525.918993	1525629525.918993	33.781937	54.419418	-312.048004
1525629525.938471	1525629525.938471	32.730835	54.191162	-311.974915
1525629525.938538	1525629525.938538	32.654816	53.965927	-311.973907
1525629525.958226	1525629525.958226	31.754318	53.888000	-311.826172
1525629525.958294	1525629525.958294	31.752060	53.437653	-311.598724
1525629525.978290	1525629525.978290	31.077393	53.510635	-311.601135
1525629525.978414	1525629525.978414	30.250366	53.058151	-311.601135
1525629525.997828	1525629525.997828	30.025208	53.057251	-311.451782
1525629525.997954	1525629525.997954	29.349182	52.830231	-311.452576
1525629526.017465	1525629526.017465	28.747528	52.527969	-311.152710
1525629526.017588	1525629526.017588	28.221542	52.375946	-310.853485
1525629526.040950	1525629526.040950	27.768829	51.774582	-310.851532
1525629526.042571	1525629526.042571	27.543945	51.848572	-310.627594
1525629526.058265	1525629526.058265	26.941376	51.395981	-310.101898
1525629526.058355	1525629526.058355	26.940109	51.096085	-310.175232
1525629526.076833	1525629526.076833	25.964340	50.943039	-310.102325
1525629526.076923	1525629526.076923	25.509979	50.041229	-309.798737
1525629526.096477	1525629526.096477	25.059906	50.039764	-309.725098
1525629526.096606	1525629526.096606	24.382751	49.662064	-309.275024
1525629526.116523	1525629526.116523	24.154404	48.985916	-308.972015
1525629526.116646	1525629526.116646	23.178345	48.832428	-308.599091
1525629526.136289	1525629526.136289	22.950974	48.306747	-308.596893
1525629526.136408	1525629526.136408	22.272629	47.629257	-308.295166
1525629526.155165	1525629526.155165	21.294388	47.025543	-307.769806
1525629526.156136	1525629526.156136	21.366074	46.275864	-307.840485
1525629526.175018	1525629526.175018	20.613434	45.822708	-307.240234
1525629526.175134	1525629526.175134	20.459457	44.922348	-307.310730
1525629526.194488	1525629526.194488	19.933289	44.844528	-306.486908
1525629526.194618	1525629526.194618	19.479340	44.017822	-306.258728
1525629526.214525	1525629526.214525	19.175583	43.266342	-305.880493
1525629526.214586	1525629526.214586	18.271393	42.437958	-305.428650
1525629526.233794	1525629526.233794	17.817566	41.685913	-304.975891
1525629526.233856	1525629526.233856	17.213486	40.933090	-304.298523
1525629526.253852	1525629526.253852	16.006378	39.354462	-304.293457
1525629526.256212	1525629526.256212	15.099808	37.926514	-304.138336
1525629526.273187	1525629526.273187	13.591675	36.270966	-303.458771
1525629526.273647	1525629526.273647	12.609634	34.693115	-303.528015
1525629526.292882	1525629526.292882	10.502441	33.111679	-303.450653
1525629526.292948	1525629526.292948	9.448303	32.059418	-304.048035
1525629526.313046	1525629526.313046	8.845566	31.383057	-304.346100
1525629526.313122	1525629526.313122	8.245377	31.306473	-304.497467
1525629526.332081	1525629526.332081	9.450531	32.435211	-304.575104
1525629526.332136	1525629526.332136	9.828613	33.185898	-304.278046
1525629526.352010	1525629526.352010	11.183762	34.315079	-304.355225
1525629526.352051	1525629526.352051	12.088287	35.367462	-304.133270
1525629526.373835	1525629526.373835	13.064117	35.669601	-303.607025
1525629526.373966	1525629526.373966	13.441895	36.270859	-303.684204
1525629526.391838	1525629526.391838	13.215912	36.119720	-303.384033
1525629526.392169	1525629526.392169	13.589279	35.671402	-303.755463
1525629526.411130	1525629526.411130	12.840134	35.893936	-303.608948
1525629526.413054	1525629526.413054	12.838181	35.444031	-303.681488
1525629526.431064	1525629526.431064	12.990768	35.969833	-303.908875
1525629526.431191	1525629526.431191	13.068207	36.495178	-303.986542
1525629526.450877	1525629526.450877	14.497513	37.399811	-304.212250
1525629526.451010	1525629526.451010	15.252701	38.601746	-303.991577
1525629526.470317	1525629526.470317	16.905640	39.207031	-304.214966
1525629526.471787	1525629526.471787	18.261322	40.485992	-304.142914
1525629526.490069	1525629526.490069	19.090195	41.313705	-304.294983
1525629526.490423	1525629526.490423	20.669983	42.294022	-304.670654
1525629526.509571	1525629526.509571	21.125320	43.495270	-304.600922
1525629526.509699	1525629526.509699	22.478088	44.024887	-304.974762
1525629526.529521	1525629526.529521	23.082520	44.927277	-305.352905
1525629526.529649	1525629526.529649	23.985870	45.605438	-305.653931
1525629526.549050	1525629526.549050	25.489685	46.435059	-305.728973
1525629526.549172	1525629526.549172	26.168381	47.187546	-306.031067
1525629526.568408	1525629526.568408	27.595001	47.417725	-306.628052
1525629526.568474	1525629526.568474	28.575760	48.695679	-306.632141
1525629526.588291	1525629526.588291	29.777130	48.850281	-307.304382
1525629526.590439	1525629526.590439	31.129730	49.379684	-307.528229
1525629526.608195	1525629526.608195	31.883240	50.057617	-307.979706
1525629526.608445	1525629526.608445	33.310059	50.362579	-308.427094
1525629526.627595	1525629526.627595	34.214844	51.340851	-308.804749
1525629526.627710	1525629526.627710	35.717072	51.721146	-309.327362
1525629526.647724	1525629526.647724	36.919479	52.175308	-309.701263
1525629526.647854	1525629526.647854	37.971802	52.554367	-310.300171
1525629526.667168	1525629526.667168	39.473206	52.784424	-310.671936
1525629526.667282	1525629526.667282	40.526031	53.313263	-311.121704
1525629526.686858	1525629526.686858	41.652283	53.541977	-311.344574
1525629526.689684	1525629526.689684	43.002747	53.546692	-311.790527
1525629526.706453	1525629526.706453	43.905014	53.999741	-312.015320
1525629526.711308	1525629526.711308	45.104279	53.704224	-312.610107
1525629526.725968	1525629526.725968	46.306061	54.082947	-312.683594
1525629526.726096	1525629526.726096	47.130508	53.861084	-313.129883
1525629526.745688	1525629526.745688	48.182358	54.239471	-313.278809
1525629526.745844	1525629526.745844	49.081573	54.017487	-313.499878
1525629526.765478	1525629526.765478	50.356064	53.871536	-313.645264
1525629526.765571	1525629526.765571	51.257126	54.024796	-314.018402
1525629526.786044	1525629526.786044	52.079773	53.502258	-314.013062
1525629526.786136	1525629526.786136	52.907532	54.030304	-314.388489
1525629526.804947	1525629526.804947	53.731079	53.658112	-314.608948
1525629526.806979	1525629526.806979	54.706055	53.586472	-314.905670
1525629526.824927	1525629526.824927	54.780975	53.586594	-314.830414
1525629526.827247	1525629526.827247	54.780411	53.362259	-315.279205
1525629526.844373	1525629526.844373	54.931992	53.812042	-314.831207
1525629526.845435	1525629526.845435	54.705597	53.436813	-315.129822
1525629526.864759	1525629526.864759	54.630325	53.361694	-315.204651
1525629526.864884	1525629526.864884	54.181793	53.735016	-314.983032
1525629526.883710	1525629526.883710	53.654694	53.283325	-314.907135
1525629526.883831	1525629526.883831	52.982834	54.030975	-314.688263
1525629526.903482	1525629526.903482	51.779465	53.351929	-314.388123
1525629526.903599	1525629526.903599	50.954758	53.498886	-314.016418
1525629526.922927	1525629526.922927	49.455688	53.719284	-313.947144
1525629526.923048	1525629526.923048	49.381104	53.794174	-314.022766
1525629526.942745	1525629526.942745	49.231247	53.793961	-314.173218
1525629526.942820	1525629526.942820	49.980392	53.571426	-314.319763
1525629526.962201	1525629526.962201	50.956146	53.724457	-314.392639
1525629526.962315	1525629526.962315	50.955811	53.649460	-314.392242
1525629526.982010	1525629526.982010	51.029083	53.349106	-314.015350
1525629526.982122	1525629526.982122	50.206039	53.796539	-313.945312
1525629527.004410	1525629527.004410	49.379150	53.344284	-314.095306
1525629527.004469	1525629527.004469	48.858093	54.168060	-314.326385
1525629527.020909	1525629527.020909	47.731308	53.789566	-314.252686
1525629527.020941	1525629527.020941	47.583633	54.239594	-314.555634
1525629527.040687	1525629527.040687	46.909042	54.312668	-314.633026
1525629527.040736	1525629527.040736	46.534607	54.386902	-314.859558
1525629527.060490	1525629527.060490	46.461288	54.761673	-314.861847
1525629527.060517	1525629527.060517	46.309341	54.311325	-314.934845
1525629527.080053	1525629527.080053	46.083771	54.235321	-314.710083
1525629527.080124	1525629527.080124	45.633682	54.233856	-314.636414
1525629527.099837	1525629527.099837	45.783539	54.234085	-314.485992
1525629527.099922	1525629527.099922	45.709473	54.458755	-314.412415
1525629527.119907	1525629527.119907	45.258347	54.157730	-314.637115
1525629527.120464	1525629527.120464	45.184357	54.382507	-314.638580
1525629527.139436	1525629527.139436	44.434769	54.455383	-314.716248
1525629527.139551	1525629527.139551	44.584137	54.231384	-315.089569
1525629527.159347	1525629527.159347	44.136261	54.754715	-314.868774
1525629527.159466	1525629527.159466	43.909271	54.229599	-315.241577
1525629527.179165	1525629527.179165	43.762054	54.829269	-315.320312
1525629527.179298	1525629527.179298	43.387833	55.052811	-315.097687
1525629527.198529	1525629527.198529	43.610138	54.453476	-315.093719
1525629527.198650	1525629527.198650	43.085953	54.602127	-315.246094
1525629527.218366	1525629527.218366	43.310013	54.377914	-315.319183
1525629527.218493	1525629527.218493	43.837769	55.054047	-315.021332
1525629527.237789	1525629527.237789	43.534042	54.228134	-315.017700
1525629527.237904	1525629527.237904	43.609802	54.378479	-315.093292
1525629527.258130	1525629527.258130	43.761673	54.828705	-314.945312
1525629527.258945	1525629527.258945	43.759644	54.378693	-314.942841
1525629527.277248	1525629527.277248	43.535202	54.602356	-314.494751
1525629527.277379	1525629527.277379	43.608902	54.228134	-314.867462
1525629527.296994	1525629527.296994	43.459900	54.452682	-314.869141
1525629527.297117	1525629527.297117	43.309906	54.452240	-314.869598
1525629527.316623	1525629527.316623	43.683670	54.228012	-314.642242
1525629527.316747	1525629527.316747	43.759689	54.453247	-314.643250
1525629527.336187	1525629527.336187	43.684341	54.378021	-314.643066
1525629527.336313	1525629527.336313	43.984802	54.528580	-314.417969
1525629527.356427	1525629527.356427	43.908218	54.228012	-314.191589
1525629527.356543	1525629527.356543	44.283371	54.229370	-314.340454
1525629527.377679	1525629527.377679	43.983139	54.228119	-314.116364
1525629527.377892	1525629527.377892	44.056717	53.928223	-314.039459
1525629527.395071	1525629527.395071	43.758743	54.377350	-314.042816
1525629527.395235	1525629527.395235	43.682465	54.077225	-314.116425
1525629527.414991	1525629527.414991	43.831406	53.927109	-313.740143
1525629527.415117	1525629527.415117	43.832245	54.077332	-313.890961
1525629527.434501	1525629527.434501	44.054535	53.477997	-313.886993
1525629527.434620	1525629527.434620	44.131454	54.002548	-313.439667
1525629527.459767	1525629527.459767	44.204758	53.627762	-313.437408
1525629527.459881	1525629527.459881	44.505524	53.778778	-313.512299
1525629527.474049	1525629527.474049	44.129425	53.552536	-313.437195
1525629527.474111	1525629527.474111	44.503418	53.328659	-313.434845
1525629527.493327	1525629527.493327	44.128113	53.327087	-313.135956
1525629527.493372	1525629527.493372	43.977097	53.101639	-313.135162
1525629527.513037	1525629527.513037	43.977692	53.251526	-313.061005
1525629527.513114	1525629527.513114	43.451935	53.099838	-312.986755
1525629527.532647	1525629527.532647	43.452469	53.249619	-312.837585
1525629527.532692	1525629527.532692	43.076965	53.173264	-312.688293
1525629527.552262	1525629527.552262	43.000427	52.798264	-312.836456
1525629527.552309	1525629527.552309	43.000946	52.948029	-312.687286
1525629527.572045	1525629527.572045	42.550949	52.946686	-312.688629
1525629527.572404	1525629527.572404	42.549789	52.721451	-312.537354
1525629527.591776	1525629527.591776	42.323654	52.570099	-312.087219
1525629527.591844	1525629527.591844	42.397110	52.195541	-312.234924
1525629527.611388	1525629527.611388	42.022217	52.269089	-312.011475
1525629527.611512	1525629527.611512	41.945801	51.968735	-311.935059
1525629527.631674	1525629527.631674	42.320648	51.969635	-311.783905
1525629527.631803	1525629527.631803	41.720901	52.042725	-311.711121
1525629527.651130	1525629527.651130	42.020721	51.968857	-311.859833
1525629527.651281	1525629527.651281	41.570602	52.041824	-311.411560
1525629527.670661	1525629527.670661	41.944656	51.818054	-311.484222
1525629527.673465	1525629527.673465	42.095276	51.968399	-311.409576
1525629527.690328	1525629527.690328	42.319290	51.818619	-311.108093
1525629527.691081	1525629527.691081	42.994980	51.970642	-311.106903
1525629527.710315	1525629527.710315	43.220276	52.120758	-310.732056
1525629527.710739	1525629527.710739	43.218369	51.596420	-311.179199
1525629527.729682	1525629527.729682	43.443253	51.671417	-310.728912
1525629527.729812	1525629527.729812	43.367798	51.521530	-310.953339
1525629527.749348	1525629527.749348	43.892731	51.522995	-310.876740
1525629527.749465	1525629527.749465	43.742508	51.522202	-310.652191
1525629527.769264	1525629527.769264	43.741638	51.297424	-310.800995
1525629527.769382	1525629527.769382	43.593063	51.597107	-310.878052
1525629527.788802	1525629527.788802	43.368515	51.746094	-310.654541
1525629527.788920	1525629527.788920	43.892395	51.447998	-310.876343
1525629527.808915	1525629527.808915	43.741486	51.297195	-310.650970
1525629527.809102	1525629527.809102	44.115143	50.998322	-310.648193
1525629527.828010	1525629527.828010	44.118286	51.748001	-310.427338
1525629527.828150	1525629527.828150	44.040588	51.147751	-310.424255
1525629527.847950	1525629527.847950	44.565933	51.224335	-310.423126
1525629527.848076	1525629527.848076	44.190704	51.222870	-310.199219
1525629527.867626	1525629527.867626	44.114914	50.997971	-310.423218
1525629527.867754	1525629527.867754	44.190475	51.222534	-309.974182
1525629527.887424	1525629527.887424	44.189651	50.923309	-310.497559
1525629527.888822	1525629527.888822	44.715454	51.149551	-310.272217
1525629527.909087	1525629527.909087	44.341003	51.223770	-310.498779
1525629527.913199	1525629527.913199	44.565063	50.999557	-310.571869
1525629527.926525	1525629527.926525	44.640717	51.224228	-310.197876
1525629527.926656	1525629527.926656	44.789734	50.925232	-310.570801
1525629527.946260	1525629527.946260	44.716721	51.449448	-310.198883
1525629527.946387	1525629527.946387	44.789841	50.999893	-310.346191
1525629527.965964	1525629527.965964	45.089584	50.925903	-310.419891
1525629527.966093	1525629527.966093	45.089859	51.000793	-310.345306
1525629527.985590	1525629527.985590	45.239059	50.776566	-310.568634
1525629527.985715	1525629527.985715	45.765198	51.077820	-310.343689
1525629528.005185	1525629528.005185	45.839264	50.853149	-310.417236
1525629528.006046	1525629528.006046	45.914932	51.003372	-310.417847
1525629528.024755	1525629528.024755	45.767120	51.453156	-310.570770
1525629528.024915	1525629528.024915	45.840317	51.003708	-310.793060
1525629528.044526	1525629528.044526	46.067596	51.529282	-310.720276
1525629528.044633	1525629528.044633	46.514496	50.855499	-310.640198
1525629528.063947	1525629528.063947	46.739410	50.856064	-310.564545
1525629528.064087	1525629528.064087	46.740997	51.156403	-310.791199
1525629528.083920	1525629528.083920	47.265930	51.157867	-310.714630
1525629528.084049	1525629528.084049	47.115616	51.156967	-310.415100
1525629528.103675	1525629528.103675	47.114761	50.932190	-310.563843
1525629528.103840	1525629528.103840	47.340668	51.083206	-310.789001
1525629528.123246	1525629528.123246	47.191040	51.232315	-310.490265
1525629528.126720	1525629528.126720	47.640930	51.158997	-310.713501
1525629528.144883	1525629528.144883	47.417801	51.608109	-310.566650
1525629528.144995	1525629528.144995	47.265320	51.007980	-310.788818
1525629528.162530	1525629528.162530	47.268448	51.683105	-310.867493
1525629528.162649	1525629528.162649	47.266190	51.232758	-310.640045
1525629528.182420	1525629528.182420	47.717621	51.534225	-310.715332
1525629528.182537	1525629528.182537	47.417770	51.533554	-310.866241
1525629528.208187	1525629528.208187	47.640488	51.009323	-310.937683
1525629528.208297	1525629528.208297	47.866760	51.309891	-310.863647
1525629528.221432	1525629528.221432	47.566574	51.234222	-311.014130
1525629528.221840	1525629528.221840	47.942993	51.535461	-311.089661
1525629528.240904	1525629528.240904	47.566681	51.308884	-310.789581
1525629528.241312	1525629528.241312	47.941910	51.310349	-311.013428
1525629528.260683	1525629528.260683	47.943344	51.610474	-311.090088
1525629528.260728	1525629528.260728	47.717590	51.459671	-311.014923
1525629528.280444	1525629528.280444	48.319427	51.836700	-311.165222
1525629528.280513	1525629528.280513	47.792923	51.534897	-311.015106
1525629528.299966	1525629528.299966	48.092743	51.461029	-311.163818
1525629528.300035	1525629528.300035	47.943604	51.685349	-311.015472
1525629528.320248	1525629528.320248	48.017471	51.385910	-311.238617
1525629528.320419	1525629528.320419	48.019501	51.835922	-311.241089
1525629528.339618	1525629528.339618	47.719574	51.835129	-311.316986
1525629528.339698	1525629528.339698	48.019287	51.686600	-311.690277
1525629528.359314	1525629528.359314	47.719238	51.760132	-311.316589
1525629528.359425	1525629528.359425	47.719467	51.760468	-311.541595
1525629528.378894	1525629528.378894	47.946198	52.210709	-311.243378
1525629528.379023	1525629528.379023	47.570511	52.059570	-311.243683
1525629528.398792	1525629528.398792	47.570999	52.134811	-311.394073
1525629528.398920	1525629528.398920	47.570511	52.059570	-311.243683
1525629528.418230	1525629528.418230	47.645142	51.910248	-311.542633
1525629528.418356	1525629528.418356	47.496445	52.284241	-311.170135
1525629528.440899	1525629528.440899	47.419037	51.684448	-311.467072
1525629528.440986	1525629528.440986	47.570404	51.984909	-311.468262
1525629528.459013	1525629528.459013	47.344986	51.909134	-311.393524
1525629528.459091	1525629528.459091	47.420395	51.984467	-311.468719
1525629528.477808	1525629528.477808	47.047684	52.508240	-311.397705
1525629528.477946	1525629528.477946	46.894348	51.683334	-311.768616
1525629528.497375	1525629528.497375	47.120804	52.058685	-311.545044
1525629528.497551	1525629528.497551	46.370468	51.981430	-311.546844
1525629528.516854	1525629528.516854	46.895020	51.833344	-311.769440
1525629528.517232	1525629528.517232	46.445923	52.131317	-311.322449
1525629528.536528	1525629528.536528	46.370544	51.981552	-311.621826
1525629528.536662	1525629528.536662	46.297638	52.431442	-311.699554
1525629528.556227	1525629528.556227	45.921463	52.205093	-311.549438
1525629528.557305	1525629528.557305	46.072159	52.355545	-311.549805
1525629528.575516	1525629528.575516	45.846390	52.204758	-311.474640
1525629528.575656	1525629528.575656	45.471466	52.203735	-311.550781
1525629528.595641	1525629528.595641	45.698273	52.654083	-311.327576
1525629528.595773	1525629528.595773	45.472382	52.354080	-311.776581
1525629528.615326	1525629528.615326	45.997482	52.430313	-311.550446
1525629528.615447	1525629528.615447	45.623230	52.579315	-311.627380
1525629528.634866	1525629528.634866	45.923462	52.580551	-311.851471
1525629528.634995	1525629528.634995	45.698166	52.579422	-311.552155
1525629528.655133	1525629528.655133	45.621765	52.204636	-311.850311
1525629528.655253	1525629528.655253	45.696701	52.204758	-311.775085
1525629528.674111	1525629528.674111	45.473648	52.653976	-311.703247
1525629528.674228	1525629528.674228	45.922684	52.355881	-312.075256
1525629528.693873	1525629528.693873	45.999969	52.880997	-312.002899
1525629528.693985	1525629528.693985	46.448105	52.432571	-312.149078
1525629528.713285	1525629528.713285	46.374252	52.657578	-312.300568
1525629528.713419	1525629528.713419	46.374329	52.657684	-312.375549
1525629528.732963	1525629528.732963	46.599747	52.733475	-312.450287
1525629528.733034	1525629528.733034	46.225204	52.882019	-312.227234
1525629528.752563	1525629528.752563	46.298325	52.432449	-312.374542
1525629528.752628	1525629528.752628	46.150955	53.031906	-312.303284
1525629528.772484	1525629528.772484	46.300430	52.882584	-312.452026
1525629528.773891	1525629528.773891	46.974426	52.659592	-312.448761
1525629528.794172	1525629528.794172	46.598587	52.508240	-312.299072
1525629528.794290	1525629528.794290	46.824905	52.734375	-312.599609
1525629528.811844	1525629528.811844	46.900848	52.959488	-312.525604
1525629528.811948	1525629528.811948	46.898254	52.434143	-312.297760
1525629528.831526	1525629528.831526	46.899826	52.734482	-312.524384
1525629528.831607	1525629528.831607	46.599823	52.733597	-312.525269
1525629528.851277	1525629528.851277	46.899796	52.659943	-312.823975
1525629528.851362	1525629528.851362	46.901108	53.034378	-312.451050
1525629528.873395	1525629528.873395	47.125656	52.885391	-312.674561
1525629528.873508	1525629528.873508	47.125549	52.810730	-312.899109
1525629528.890722	1525629528.890722	46.901749	53.109833	-312.751434
1525629528.890884	1525629528.890884	47.350555	52.811401	-312.898438
1525629528.910539	1525629528.910539	47.127914	53.335739	-312.902008
1525629528.910657	1525629528.910657	47.575104	52.662415	-313.121948
1525629528.931606	1525629528.931606	47.503143	53.337204	-313.125885
1525629528.931683	1525629528.931683	47.651459	52.962631	-313.123383
1525629528.950908	1525629528.950908	47.577698	53.187759	-313.349854
1525629528.951245	1525629528.951245	47.578064	53.337311	-313.050690
1525629528.969355	1525629528.969355	47.277023	53.036865	-313.349915
1525629528.973595	1525629528.973595	47.353363	53.337097	-313.351349
1525629528.988886	1525629528.988886	47.352203	53.111862	-313.200104
1525629528.990840	1525629528.990840	47.352539	53.186859	-313.200531
1525629529.008949	1525629529.008949	47.352280	53.111969	-313.275085
1525629529.009149	1525629529.009149	47.652924	53.188324	-313.574615
1525629529.028191	1525629529.028191	47.579315	53.562653	-313.276886
1525629529.028307	1525629529.028307	47.503830	53.338211	-313.800903
1525629529.048314	1525629529.048314	47.953522	53.339111	-313.499542
1525629529.048430	1525629529.048430	47.504272	53.487885	-313.576721
1525629529.067271	1525629529.067271	47.878601	53.339005	-313.574768
1525629529.067400	1525629529.067400	47.879807	53.638779	-313.426422
1525629529.090209	1525629529.090209	47.654083	53.413559	-313.725861
1525629529.090317	1525629529.090317	47.955933	53.789688	-313.877014
1525629529.107622	1525629529.107622	47.655136	53.564117	-314.101685
1525629529.107727	1525629529.107727	48.029465	53.415237	-314.099731
1525629529.126385	1525629529.126385	47.732773	54.164246	-314.029724
1525629529.126429	1525629529.126429	48.030380	53.565582	-314.325562
1525629529.146266	1525629529.146266	47.956238	53.790131	-314.177032
1525629529.146306	1525629529.146306	47.956909	53.940140	-314.177856
1525629529.167274	1525629529.167274	48.032028	53.866043	-314.627197
1525629529.167590	1525629529.167590	47.883682	54.315033	-314.255127
1525629529.185915	1525629529.185915	47.732620	54.015030	-314.553925
1525629529.186052	1525629529.186052	47.732468	54.014801	-314.403900
1525629529.205045	1525629529.205045	47.732132	53.939804	-314.403503
1525629529.205396	1525629529.205396	48.032700	54.016037	-314.628021
1525629529.224696	1525629529.224696	47.659576	54.464706	-314.481628
1525629529.224778	1525629529.224778	47.958008	54.016266	-314.928253
1525629529.244546	1525629529.244546	47.733383	54.165146	-314.629730
1525629529.244618	1525629529.244618	47.883194	54.090820	-314.778870
1525629529.264121	1525629529.264121	48.183868	54.241714	-314.778809
1525629529.264190	1525629529.264190	47.733414	54.090714	-315.004333
1525629529.284101	1525629529.284101	47.957596	53.941147	-314.852844
1525629529.284148	1525629529.284148	47.808929	54.240707	-314.854950
1525629529.303363	1525629529.303363	47.732849	54.015366	-314.778900
1525629529.303403	1525629529.303403	47.884094	54.241165	-315.004700
1525629529.322953	1525629529.322953	47.733673	54.165588	-314.929749
1525629529.322988	1525629529.322988	47.959396	54.241837	-315.304504
1525629529.342863	1525629529.342863	47.584015	54.240143	-314.930634
1525629529.342912	1525629529.342912	47.582886	53.940475	-315.153961
1525629529.362329	1525629529.362329	47.659958	54.465271	-314.856628
1525629529.362368	1525629529.362368	47.284164	54.239487	-315.081512
1525629529.383118	1525629529.383118	47.584274	54.315033	-314.856018
1525629529.383168	1525629529.383168	47.360855	54.614716	-315.083344
1525629529.401685	1525629529.401685	47.733383	54.016159	-315.303925
1525629529.401730	1525629529.401730	47.361191	54.689713	-315.083740
1525629529.421917	1525629529.421917	47.359055	54.165039	-315.305878
1525629529.421981	1525629529.421981	47.734909	54.390945	-315.155975
