1525657231.823705	1525657231.823705	-0.076233	0.982346	0.144730
1525657231.823760	1525657231.823760	-0.073303	0.983688	0.150360
1525657231.833164	1525657231.833164	-0.072067	0.984207	0.148102
1525657231.843077	1525657231.843077	-0.073425	0.988846	0.154388
1525657231.853025	1525657231.853025	-0.077652	0.994690	0.161835
1525657231.862966	1525657231.862966	-0.083420	0.991257	0.158157
1525657231.873065	1525657231.873065	-0.084930	0.984528	0.152802
1525657231.885502	1525657231.885502	-0.084763	0.981384	0.148605
1525657231.892981	1525657231.892981	-0.082504	0.979034	0.142807
1525657231.903260	1525657231.903260	-0.074371	0.978104	0.137970
1525657231.912939	1525657231.912939	-0.070938	0.980469	0.145020
1525657231.922913	1525657231.922913	-0.072983	0.983353	0.142181
1525657231.932774	1525657231.932774	-0.078049	0.986389	0.138748
1525657231.942873	1525657231.942873	-0.080307	0.989899	0.149780
1525657231.952931	1525657231.952931	-0.080048	0.987289	0.153931
1525657231.962837	1525657231.962837	-0.079712	0.981735	0.156097
1525657231.974513	1525657231.974513	-0.080170	0.981171	0.158188
1525657231.983028	1525657231.983028	-0.081757	0.983398	0.148056
1525657231.992929	1525657231.992929	-0.080063	0.984177	0.144623
1525657232.004114	1525657232.004114	-0.073456	0.991165	0.144165
1525657232.014353	1525657232.014353	-0.067932	0.992706	0.144791
1525657232.023186	1525657232.023186	-0.069000	0.986420	0.142273
1525657232.033934	1525657232.033934	-0.070816	0.982086	0.138168
1525657232.042794	1525657232.042794	-0.073135	0.981262	0.129562
1525657232.052966	1525657232.052966	-0.071579	0.977356	0.126205
1525657232.062814	1525657232.062814	-0.070343	0.975281	0.131851
1525657232.072717	1525657232.072717	-0.068909	0.977615	0.147766
1525657232.083091	1525657232.083091	-0.070953	0.979736	0.162552
1525657232.092711	1525657232.092711	-0.078323	0.982849	0.163483
1525657232.106242	1525657232.106242	-0.083908	0.982864	0.168427
1525657232.112959	1525657232.112959	-0.088577	0.984543	0.171112
1525657232.123254	1525657232.123254	-0.090591	0.985016	0.167694
1525657232.132805	1525657232.132805	-0.091705	0.987854	0.158569
1525657232.142536	1525657232.142536	-0.087524	0.981934	0.149841
1525657232.154021	1525657232.154021	-0.084305	0.976913	0.139267
1525657232.162457	1525657232.162457	-0.077881	0.980927	0.129135
1525657232.172586	1525657232.172586	-0.077057	0.984421	0.138046
1525657232.182628	1525657232.182628	-0.073212	0.984573	0.141251
1525657232.193252	1525657232.193252	-0.071640	0.984802	0.148773
1525657232.202740	1525657232.202740	-0.071518	0.986206	0.160522
1525657232.212795	1525657232.212795	-0.071121	0.982300	0.156998
1525657232.222654	1525657232.222654	-0.071762	0.975159	0.144623
1525657232.232533	1525657232.232533	-0.073227	0.975449	0.143463
1525657232.242404	1525657232.242404	-0.072418	0.986923	0.131729
1525657232.252329	1525657232.252329	-0.068924	0.985489	0.104904
1525657232.262394	1525657232.262394	-0.060852	0.973816	0.097961
1525657232.272548	1525657232.272548	-0.049652	0.970795	0.123779
1525657232.283323	1525657232.283323	-0.051346	0.977982	0.157471
1525657232.292363	1525657232.292363	-0.062958	0.988968	0.181061
1525657232.302298	1525657232.302298	-0.082657	0.984085	0.184036
1525657232.312256	1525657232.312256	-0.091385	0.978531	0.190399
1525657232.322431	1525657232.322431	-0.096176	0.967194	0.213791
1525657232.333833	1525657232.333833	-0.079193	1.011566	0.240570
1525657232.342380	1525657232.342380	-0.115158	1.030014	0.162369
1525657232.354051	1525657232.354051	-0.139603	0.979828	0.117081
1525657232.362475	1525657232.362475	-0.131180	0.960861	0.159866
1525657232.372357	1525657232.372357	-0.117950	0.990204	0.156387
1525657232.382504	1525657232.382504	-0.107300	1.012466	0.131500
1525657232.392394	1525657232.392394	-0.104111	1.010086	0.130951
1525657232.402444	1525657232.402444	-0.100876	0.993759	0.135849
1525657232.412338	1525657232.412338	-0.095047	0.974991	0.145630
1525657232.422838	1525657232.422838	-0.095215	0.966385	0.154877
1525657232.432318	1525657232.432318	-0.112091	0.927536	0.165558
1525657232.442034	1525657232.442034	-0.159531	0.807434	0.151398
1525657232.454210	1525657232.454210	-0.151382	0.878403	0.134216
1525657232.462274	1525657232.462274	-0.109589	1.017227	0.165741
1525657232.473887	1525657232.473887	-0.068497	1.068558	0.189545
1525657232.482181	1525657232.482181	-0.023666	1.065079	0.133026
1525657232.492058	1525657232.492058	0.018265	1.028381	0.078552
1525657232.502235	1525657232.502235	0.056381	1.000793	0.075363
1525657232.512161	1525657232.512161	0.078445	1.005020	0.110992
1525657232.524160	1525657232.524160	0.077255	1.022202	0.164398
1525657232.532079	1525657232.532079	0.054550	1.019638	0.182632
1525657232.541945	1525657232.541945	0.016388	0.986832	0.174561
1525657232.552516	1525657232.552516	-0.018677	0.952545	0.186432
1525657232.562030	1525657232.562030	-0.048187	0.944962	0.199997
1525657232.572048	1525657232.572048	-0.066269	0.959793	0.201614
1525657232.581980	1525657232.581980	-0.072037	0.986221	0.207031
1525657232.591982	1525657232.591982	-0.073944	1.002106	0.206482
1525657232.601786	1525657232.601786	-0.085724	1.000748	0.211899
1525657232.613525	1525657232.613525	-0.110855	0.996918	0.181992
1525657232.621791	1525657232.621791	-0.149475	0.985291	0.161743
1525657232.631831	1525657232.631831	-0.188110	0.978394	0.165283
1525657232.641738	1525657232.641738	-0.211243	0.971878	0.165100
1525657232.654090	1525657232.654090	-0.216278	0.955002	0.170502
1525657232.661960	1525657232.661960	-0.194427	0.947845	0.170273
1525657232.673088	1525657232.673088	-0.145081	0.960373	0.163025
1525657232.681903	1525657232.681903	-0.075775	0.975922	0.164062
1525657232.691609	1525657232.691609	0.001541	0.990295	0.177551
1525657232.701700	1525657232.701700	0.076965	0.998520	0.191315
1525657232.711706	1525657232.711706	0.129486	1.009766	0.194290
1525657232.721979	1525657232.721979	0.141174	1.027267	0.160477
1525657232.731533	1525657232.731533	0.104233	1.026123	0.144363
1525657232.741520	1525657232.741520	0.023331	1.002808	0.161758
1525657232.751596	1525657232.751596	-0.072754	0.972412	0.163574
1525657232.761377	1525657232.761377	-0.157486	0.940308	0.166031
1525657232.771453	1525657232.771453	-0.219208	0.931351	0.168030
1525657232.781525	1525657232.781525	-0.274643	0.936920	0.182114
1525657232.791414	1525657232.791414	-0.318237	0.942368	0.197861
1525657232.801520	1525657232.801520	-0.333054	0.935852	0.199539
1525657232.811492	1525657232.811492	-0.310684	0.910049	0.221176
1525657232.821397	1525657232.821397	-0.257385	0.897842	0.230316
1525657232.831450	1525657232.831450	-0.193909	0.917038	0.219009
1525657232.841678	1525657232.841678	-0.140320	0.960190	0.197189
1525657232.851299	1525657232.851299	-0.102417	0.991180	0.181427
1525657232.864020	1525657232.864020	-0.082138	0.990433	0.178619
1525657232.871340	1525657232.871340	-0.076035	0.963318	0.172348
1525657232.881031	1525657232.881031	-0.077713	0.935104	0.182663
1525657232.890832	1525657232.890832	-0.090927	0.925995	0.188095
1525657232.900915	1525657232.900915	-0.104141	0.935593	0.162292
1525657232.910956	1525657232.910956	-0.102600	0.950470	0.136398
1525657232.920939	1525657232.920939	-0.083862	0.964584	0.132080
1525657232.931004	1525657232.931004	-0.063141	0.984024	0.149582
1525657232.941120	1525657232.941120	-0.060043	1.001556	0.175049
1525657232.951182	1525657232.951182	-0.083847	1.005966	0.189606
1525657232.961280	1525657232.961280	-0.154312	0.977722	0.254974
1525657232.971722	1525657232.971722	-0.241348	0.948853	0.260696
1525657232.981137	1525657232.981137	-0.319260	0.923203	0.275452
1525657232.991021	1525657232.991021	-0.366272	0.912674	0.261139
1525657233.001068	1525657233.001068	-0.380630	0.914795	0.255737
1525657233.011085	1525657233.011085	-0.352966	0.922226	0.257828
1525657233.021640	1525657233.021640	-0.300095	0.919891	0.242172
1525657233.031037	1525657233.031037	-0.246140	0.920227	0.264709
1525657233.040910	1525657233.040910	-0.195084	0.935623	0.310776
1525657233.050882	1525657233.050882	-0.169449	0.917297	0.371872
1525657233.060970	1525657233.060970	-0.170990	0.889572	0.378891
1525657233.070867	1525657233.070867	-0.192596	0.887100	0.313263
1525657233.080968	1525657233.080968	-0.220215	0.910172	0.250900
1525657233.090845	1525657233.090845	-0.247467	0.934143	0.229294
1525657233.101022	1525657233.101022	-0.274734	0.938293	0.251328
1525657233.110881	1525657233.110881	-0.299179	0.925842	0.246521
1525657233.120818	1525657233.120818	-0.321365	0.906250	0.267822
1525657233.130551	1525657233.130551	-0.330093	0.898941	0.312302
1525657233.140737	1525657233.140737	-0.320114	0.896210	0.357925
1525657233.150837	1525657233.150837	-0.298264	0.893753	0.368820
1525657233.160766	1525657233.160766	-0.266418	0.904861	0.321045
1525657233.170667	1525657233.170667	-0.231628	0.919098	0.294922
1525657233.180715	1525657233.180715	-0.198425	0.937119	0.295273
1525657233.190642	1525657233.190642	-0.179199	0.956726	0.308731
1525657233.200717	1525657233.200717	-0.181549	0.958130	0.339066
1525657233.210557	1525657233.210557	-0.207947	0.943512	0.359756
1525657233.220549	1525657233.220549	-0.247879	0.932678	0.362381
1525657233.230498	1525657233.230498	-0.291992	0.935760	0.362274
1525657233.241267	1525657233.241267	-0.331650	0.949493	0.380417
1525657233.250567	1525657233.250567	-0.357727	0.978928	0.399582
1525657233.260585	1525657233.260585	-0.371216	1.019104	0.411087
1525657233.270437	1525657233.270437	-0.372437	1.022980	0.458771
1525657233.280616	1525657233.280616	-0.348221	0.981247	0.544769
1525657233.290400	1525657233.290400	-0.344849	1.007492	0.494293
1525657233.300638	1525657233.300638	-0.346436	1.016113	0.362930
1525657233.310453	1525657233.310453	-0.319229	1.006332	0.398636
1525657233.321025	1525657233.321025	-0.283234	1.009125	0.423264
1525657233.330407	1525657233.330407	-0.261719	1.039276	0.418396
1525657233.341459	1525657233.341459	-0.245132	1.097321	0.450577
1525657233.350319	1525657233.350319	-0.224030	1.191513	0.492966
1525657233.362015	1525657233.362015	-0.204651	1.265884	0.448822
1525657233.370112	1525657233.370112	-0.218811	1.201538	0.381409
1525657233.380242	1525657233.380242	-0.260361	1.060638	0.365646
1525657233.390223	1525657233.390223	-0.306335	0.991226	0.311752
1525657233.400173	1525657233.400173	-0.344421	0.982864	0.266830
1525657233.410135	1525657233.410135	-0.351364	0.986328	0.274551
1525657233.420359	1525657233.420359	-0.334610	1.007980	0.291306
1525657233.430101	1525657233.430101	-0.306442	1.037888	0.293915
1525657233.440712	1525657233.440712	-0.265045	1.044754	0.293121
1525657233.449719	1525657233.449719	-0.216705	1.032242	0.288330
1525657233.459774	1525657233.459774	-0.167908	1.021942	0.252563
1525657233.469756	1525657233.469756	-0.120514	1.023605	0.206192
1525657233.479834	1525657233.479834	-0.073898	1.041443	0.182144
1525657233.489833	1525657233.489833	-0.030350	1.069260	0.158585
1525657233.499820	1525657233.499820	0.002930	1.103180	0.136505
1525657233.509948	1525657233.509948	0.030701	1.125259	0.119888
1525657233.519793	1525657233.519793	0.046951	1.128174	0.107239
1525657233.529907	1525657233.529907	0.047775	1.116837	0.111526
1525657233.539956	1525657233.539956	0.032227	1.110260	0.134262
1525657233.549950	1525657233.549950	-0.002472	1.133240	0.152313
1525657233.559883	1525657233.559883	-0.045502	1.169083	0.178070
1525657233.570994	1525657233.570994	-0.095795	1.202362	0.216614
1525657233.579891	1525657233.579891	-0.172409	1.208771	0.257431
1525657233.590389	1525657233.590389	-0.263504	1.162521	0.268768
1525657233.599903	1525657233.599903	-0.361923	1.055939	0.261414
1525657233.609845	1525657233.609845	-0.475372	0.893036	0.276016
1525657233.619690	1525657233.619690	-0.600769	0.719345	0.334930
1525657233.629784	1525657233.629784	-0.736618	0.570511	0.427002
1525657233.640676	1525657233.640676	-0.848755	0.455734	0.554016
1525657233.649767	1525657233.649767	-0.917801	0.398376	0.648270
1525657233.659814	1525657233.659814	-0.961273	0.401871	0.659729
1525657233.669621	1525657233.669621	-1.006561	0.417374	0.626617
1525657233.679830	1525657233.679830	-1.046890	0.392807	0.560760
1525657233.690134	1525657233.690134	-1.057190	0.324554	0.479843
1525657233.699686	1525657233.699686	-1.028778	0.240082	0.408463
1525657233.709713	1525657233.709713	-0.970322	0.169434	0.356094
1525657233.719532	1525657233.719532	-0.886429	0.121613	0.310120
1525657233.729703	1525657233.729703	-0.789368	0.106796	0.243896
1525657233.740282	1525657233.740282	-0.697037	0.116928	0.150757
1525657233.749506	1525657233.749506	-0.609863	0.126846	0.049866
1525657233.759522	1525657233.759522	-0.516052	0.129791	-0.050278
1525657233.769429	1525657233.769429	-0.422775	0.128952	-0.132645
1525657233.779421	1525657233.779421	-0.345612	0.129471	-0.159836
1525657233.789620	1525657233.789620	-0.283325	0.152786	-0.127930
1525657233.799539	1525657233.799539	-0.235931	0.233017	-0.064117
1525657233.809369	1525657233.809369	-0.228485	0.378754	0.030792
1525657233.819168	1525657233.819168	-0.273926	0.579346	0.153595
1525657233.829478	1525657233.829478	-0.365189	0.799026	0.254654
1525657233.839317	1525657233.839317	-0.510437	0.964050	0.312180
1525657233.849502	1525657233.849502	-0.677338	1.005127	0.350525
1525657233.859267	1525657233.859267	-0.806900	0.937698	0.340302
1525657233.869201	1525657233.869201	-0.864944	0.870056	0.284088
1525657233.879334	1525657233.879334	-0.832840	0.852859	0.241852
1525657233.889221	1525657233.889221	-0.713120	0.900467	0.207840
1525657233.899326	1525657233.899326	-0.545670	1.001862	0.172882
1525657233.909285	1525657233.909285	-0.372894	1.113846	0.170151
1525657233.919086	1525657233.919086	-0.231003	1.188644	0.219147
1525657233.929180	1525657233.929180	-0.137054	1.212494	0.307846
1525657233.939220	1525657233.939220	-0.095276	1.202271	0.396500
1525657233.949147	1525657233.949147	-0.108047	1.186417	0.453613
1525657233.959154	1525657233.959154	-0.162216	1.185471	0.451965
1525657233.969025	1525657233.969025	-0.249588	1.195816	0.375854
1525657233.979005	1525657233.979005	-0.373444	1.183395	0.277100
1525657233.990340	1525657233.990340	-0.503311	1.117722	0.263412
1525657233.999121	1525657233.999121	-0.568939	1.026459	0.297180
1525657234.009304	1525657234.009304	-0.542938	0.951813	0.322021
1525657234.019073	1525657234.019073	-0.445877	0.921616	0.322266
1525657234.029232	1525657234.029232	-0.313507	0.958130	0.276413
1525657234.039129	1525657234.039129	-0.165268	1.050659	0.204758
1525657234.049438	1525657234.049438	-0.014526	1.157410	0.157211
1525657234.059001	1525657234.059001	0.129974	1.241776	0.172668
1525657234.068906	1525657234.068906	0.261475	1.315414	0.271973
1525657234.078892	1525657234.078892	0.408295	1.404572	0.438080
1525657234.091370	1525657234.091370	0.581116	1.480499	0.259125
1525657234.098959	1525657234.098959	0.614319	1.451813	-0.459991
1525657234.111951	1525657234.111951	0.451553	1.292297	-0.730759
1525657234.118730	1525657234.118730	0.294022	1.142303	-0.425186
1525657234.128674	1525657234.128674	0.144653	1.032272	0.072266
1525657234.138560	1525657234.138560	-0.037231	0.937881	0.533813
1525657234.148483	1525657234.148483	-0.196289	0.878464	0.594498
1525657234.158621	1525657234.158621	-0.356186	0.843338	0.411758
1525657234.169385	1525657234.169385	-0.507141	0.803574	0.221024
1525657234.178467	1525657234.178467	-0.573029	0.778397	0.051300
1525657234.188307	1525657234.188307	-0.542542	0.790039	0.032181
1525657234.198442	1525657234.198442	-0.437271	0.810440	0.168167
1525657234.208205	1525657234.208205	-0.317917	0.817337	0.347610
1525657234.218164	1525657234.218164	-0.233734	0.834320	0.478531
1525657234.228240	1525657234.228240	-0.173752	0.892914	0.497986
1525657234.238249	1525657234.238249	-0.105957	0.991928	0.379395
1525657234.248209	1525657234.248209	-0.008453	1.078522	0.181732
1525657234.258089	1525657234.258089	0.117111	1.102859	0.035690
1525657234.268029	1525657234.268029	0.219376	1.081161	0.031601
1525657234.278084	1525657234.278084	0.254013	1.033142	0.156097
1525657234.288099	1525657234.288099	0.239410	0.991150	0.285965
1525657234.297919	1525657234.297919	0.181412	0.968567	0.355591
1525657234.308108	1525657234.308108	0.082108	0.945068	0.376907
1525657234.318072	1525657234.318072	-0.035049	0.925751	0.368210
1525657234.328051	1525657234.328051	-0.171783	0.909561	0.365128
1525657234.338014	1525657234.338014	-0.307755	0.899185	0.369720
1525657234.348305	1525657234.348305	-0.409729	0.908432	0.358215
1525657234.358218	1525657234.358218	-0.441864	0.923508	0.325684
1525657234.368167	1525657234.368167	-0.384323	0.934097	0.298279
1525657234.378424	1525657234.378424	-0.258209	0.938156	0.313950
1525657234.388157	1525657234.388157	-0.123962	0.937897	0.354233
1525657234.398252	1525657234.398252	-0.023926	0.936035	0.372101
1525657234.408080	1525657234.408080	0.031799	0.949127	0.373672
1525657234.420434	1525657234.420434	0.057251	0.978149	0.319595
1525657234.428147	1525657234.428147	0.047119	0.977661	0.261063
1525657234.438172	1525657234.438172	0.010986	0.948517	0.241043
1525657234.448092	1525657234.448092	-0.035675	0.922806	0.249985
1525657234.458321	1525657234.458321	-0.081192	0.916016	0.267471
1525657234.468628	1525657234.468628	-0.115860	0.917282	0.293137
1525657234.478041	1525657234.478041	-0.142456	0.918289	0.320648
1525657234.487961	1525657234.487961	-0.165573	0.918671	0.341034
1525657234.498025	1525657234.498025	-0.187286	0.924988	0.352875
1525657234.507881	1525657234.507881	-0.203293	0.937515	0.341064
1525657234.517933	1525657234.517933	-0.209045	0.942245	0.312668
1525657234.527948	1525657234.527948	-0.201828	0.933777	0.290085
1525657234.537918	1525657234.537918	-0.186340	0.931885	0.283737
1525657234.547889	1525657234.547889	-0.168793	0.949142	0.261810
1525657234.557823	1525657234.557823	-0.162659	0.980240	0.246796
1525657234.567844	1525657234.567844	-0.183914	1.002090	0.256821
1525657234.577830	1525657234.577830	-0.226089	1.010681	0.273911
1525657234.587859	1525657234.587859	-0.254044	0.999557	0.281265
1525657234.597816	1525657234.597816	-0.253418	0.960068	0.300110
1525657234.607667	1525657234.607667	-0.219513	0.920212	0.341019
1525657234.617685	1525657234.617685	-0.166870	0.906631	0.375244
1525657234.627730	1525657234.627730	-0.109070	0.930328	0.389023
1525657234.638931	1525657234.638931	-0.053619	0.964249	0.405533
1525657234.647712	1525657234.647712	-0.014801	0.983200	0.407516
1525657234.657531	1525657234.657531	-0.006775	0.985336	0.385818
1525657234.670764	1525657234.670764	-0.019012	0.979172	0.362015
1525657234.677620	1525657234.677620	-0.035858	0.957977	0.350052
1525657234.688173	1525657234.688173	-0.046539	0.930038	0.391174
1525657234.697937	1525657234.697937	-0.063339	0.935257	0.463959
1525657234.707470	1525657234.707470	-0.104279	0.981003	0.469711
1525657234.717788	1525657234.717788	-0.163742	1.051300	0.430237
1525657234.727529	1525657234.727529	-0.224854	1.095245	0.449417
1525657234.737720	1525657234.737720	-0.270462	1.106293	0.486221
1525657234.747349	1525657234.747349	-0.316391	1.132111	0.486984
1525657234.757653	1525657234.757653	-0.371140	1.161377	0.386688
1525657234.767496	1525657234.767496	-0.413940	1.167557	0.299561
1525657234.777297	1525657234.777297	-0.442612	1.157272	0.296204
1525657234.787335	1525657234.787335	-0.443863	1.151398	0.284927
1525657234.797398	1525657234.797398	-0.409592	1.148743	0.292191
1525657234.807275	1525657234.807275	-0.346100	1.194305	0.407669
1525657234.817314	1525657234.817314	-0.257385	1.333527	0.398346
1525657234.827323	1525657234.827323	-0.181747	1.370148	0.275620
1525657234.837174	1525657234.837174	-0.128479	1.227188	0.308197
1525657234.847268	1525657234.847268	-0.099838	1.132629	0.276505
1525657234.857118	1525657234.857118	-0.099426	1.116837	0.180084
1525657234.867205	1525657234.867205	-0.104385	1.105057	0.146912
1525657234.877198	1525657234.877198	-0.102951	1.107132	0.163300
1525657234.887151	1525657234.887151	-0.089386	1.125961	0.170990
1525657234.897111	1525657234.897111	-0.048279	1.136581	0.148331
1525657234.906909	1525657234.906909	0.023560	1.118378	0.125458
1525657234.917044	1525657234.917044	0.110519	1.087112	0.115021
1525657234.927165	1525657234.927165	0.180267	1.049484	0.120300
1525657234.937320	1525657234.937320	0.208176	0.999908	0.136063
1525657234.946650	1525657234.946650	0.189499	0.951553	0.147354
1525657234.956766	1525657234.956766	0.121368	0.929443	0.176849
1525657234.966633	1525657234.966633	0.001343	0.943481	0.225342
1525657234.976567	1525657234.976567	-0.166473	0.947830	0.287094
1525657234.986654	1525657234.986654	-0.371017	0.899033	0.405289
1525657234.997280	1525657234.997280	-0.561951	0.814117	0.581070
1525657235.006715	1525657235.006715	-0.707809	0.721924	0.726547
1525657235.016651	1525657235.016651	-0.810440	0.634674	0.797150
1525657235.026587	1525657235.026587	-0.893372	0.575180	0.766785
1525657235.036562	1525657235.036562	-0.994629	0.516129	0.664978
1525657235.046626	1525657235.046626	-1.092728	0.392792	0.527725
1525657235.056800	1525657235.056800	-1.138611	0.257355	0.418869
1525657235.066701	1525657235.066701	-1.113922	0.186462	0.405685
1525657235.076924	1525657235.076924	-1.035217	0.169891	0.456497
1525657235.086665	1525657235.086665	-0.915390	0.182709	0.506912
1525657235.096857	1525657235.096857	-0.781799	0.235474	0.485306
1525657235.107814	1525657235.107814	-0.669785	0.299622	0.385498
1525657235.116719	1525657235.116719	-0.582428	0.329391	0.248657
1525657235.126694	1525657235.126694	-0.501755	0.300827	0.114456
1525657235.136558	1525657235.136558	-0.411880	0.234985	0.012802
1525657235.146632	1525657235.146632	-0.315613	0.183853	-0.049667
1525657235.156505	1525657235.156505	-0.237457	0.193970	-0.066635
1525657235.166592	1525657235.166592	-0.200745	0.272614	-0.023575
1525657235.176559	1525657235.176559	-0.206772	0.416367	0.056671
1525657235.186482	1525657235.186482	-0.253998	0.610886	0.143311
1525657235.196596	1525657235.196596	-0.357941	0.819183	0.235321
1525657235.206671	1525657235.206671	-0.510208	0.982010	0.319931
1525657235.216585	1525657235.216585	-0.675934	1.009644	0.397369
1525657235.226399	1525657235.226399	-0.797287	0.904663	0.430435
1525657235.236387	1525657235.236387	-0.839890	0.779831	0.387405
1525657235.246431	1525657235.246431	-0.804901	0.727905	0.307922
1525657235.256475	1525657235.256475	-0.715500	0.768738	0.244949
1525657235.266624	1525657235.266624	-0.597321	0.876144	0.216064
1525657235.276421	1525657235.276421	-0.465271	1.004379	0.217636
1525657235.287197	1525657235.287197	-0.329590	1.101486	0.227890
1525657235.296468	1525657235.296468	-0.224533	1.155396	0.252350
1525657235.306229	1525657235.306229	-0.183624	1.181549	0.331406
1525657235.316274	1525657235.316274	-0.186188	1.205795	0.432983
1525657235.326191	1525657235.326191	-0.227066	1.232697	0.480499
1525657235.336171	1525657235.336171	-0.317154	1.233292	0.483047
1525657235.346299	1525657235.346299	-0.460373	1.173950	0.498123
1525657235.357413	1525657235.357413	-0.598663	1.059174	0.554260
1525657235.366221	1525657235.366221	-0.643616	0.934845	0.592606
1525657235.376268	1525657235.376268	-0.558090	0.854813	0.570404
1525657235.385944	1525657235.385944	-0.358658	0.873672	0.461639
1525657235.396268	1525657235.396268	-0.102280	0.976227	0.302124
1525657235.406900	1525657235.406900	0.132553	1.088211	0.205475
1525657235.416217	1525657235.416217	0.258804	1.149399	0.206940
1525657235.426194	1525657235.426194	0.249100	1.169815	0.241135
1525657235.437584	1525657235.437584	0.141739	1.228195	0.208481
1525657235.446884	1525657235.446884	0.012695	1.328690	0.216110
1525657235.455929	1525657235.455929	-0.027222	1.374557	0.322815
1525657235.466143	1525657235.466143	0.097626	1.319321	0.297760
1525657235.476429	1525657235.476429	0.322113	1.251099	0.170349
1525657235.485895	1525657235.485895	0.546494	1.268066	0.018127
1525657235.495986	1525657235.495986	0.625565	1.285217	-0.169830
1525657235.505800	1525657235.505800	0.518250	1.243011	-0.264053
1525657235.515889	1525657235.515889	0.335846	1.177963	-0.246826
1525657235.525742	1525657235.525742	0.130676	1.119583	-0.060379
1525657235.537145	1525657235.537145	-0.054138	1.082535	0.087357
1525657235.545710	1525657235.545710	-0.223480	1.037552	0.014542
1525657235.555914	1525657235.555914	-0.349213	0.958939	0.071198
1525657235.565653	1525657235.565653	-0.382462	0.877640	0.315857
1525657235.575757	1525657235.575757	-0.383423	0.848801	0.556168
1525657235.585775	1525657235.585775	-0.396408	0.830673	0.668182
1525657235.595798	1525657235.595798	-0.382233	0.791534	0.622925
1525657235.605773	1525657235.605773	-0.308502	0.801361	0.416672
1525657235.615573	1525657235.615573	-0.169693	0.848251	0.168625
1525657235.626116	1525657235.626116	-0.020386	0.877258	0.061996
1525657235.635548	1525657235.635548	0.060806	0.901566	0.113876
1525657235.645625	1525657235.645625	0.039902	0.944702	0.241348
1525657235.656660	1525657235.656660	-0.049713	0.987381	0.352142
1525657235.665574	1525657235.665574	-0.147491	0.981750	0.436218
1525657235.675336	1525657235.675336	-0.216476	0.928314	0.480606
1525657235.687253	1525657235.687253	-0.260223	0.873245	0.496567
1525657235.695587	1525657235.695587	-0.280334	0.868942	0.501816
1525657235.706746	1525657235.706746	-0.278534	0.907761	0.465225
1525657235.715470	1525657235.715470	-0.257614	0.938477	0.424332
1525657235.725324	1525657235.725324	-0.218613	0.951584	0.394043
1525657235.735352	1525657235.735352	-0.159409	0.963928	0.360672
1525657235.745422	1525657235.745422	-0.104630	0.976044	0.339706
1525657235.755474	1525657235.755474	-0.063217	0.979462	0.348267
1525657235.765350	1525657235.765350	-0.040573	0.974625	0.359116
1525657235.775315	1525657235.775315	-0.040527	0.966309	0.374588
1525657235.785250	1525657235.785250	-0.058350	0.952530	0.380585
1525657235.796906	1525657235.796906	-0.085938	0.931580	0.388718
1525657235.805440	1525657235.805440	-0.115356	0.900665	0.399994
1525657235.815265	1525657235.815265	-0.125641	0.866547	0.392395
1525657235.825203	1525657235.825203	-0.124054	0.863342	0.375275
1525657235.836184	1525657235.836184	-0.098846	0.875809	0.379105
1525657235.845218	1525657235.845218	-0.047363	0.897095	0.373337
1525657235.856532	1525657235.856532	-0.005753	0.911789	0.384201
1525657235.865187	1525657235.865187	0.008881	0.917313	0.412796
1525657235.875046	1525657235.875046	-0.008591	0.919220	0.414246
1525657235.884998	1525657235.884998	-0.052948	0.902725	0.387329
1525657235.895133	1525657235.895133	-0.107315	0.865768	0.365646
1525657235.905005	1525657235.905005	-0.150848	0.835052	0.355896
1525657235.915051	1525657235.915051	-0.185440	0.811859	0.400284
1525657235.925556	1525657235.925556	-0.224792	0.832901	0.441132
1525657235.934879	1525657235.934879	-0.281693	0.897751	0.374695
1525657235.945006	1525657235.945006	-0.338364	0.933945	0.311829
1525657235.956370	1525657235.956370	-0.372589	0.928497	0.298721
1525657235.964945	1525657235.964945	-0.385254	0.916412	0.297806
1525657235.974818	1525657235.974818	-0.385345	0.916824	0.282425
1525657235.984832	1525657235.984832	-0.363220	0.918549	0.268494
1525657235.994830	1525657235.994830	-0.311539	0.919342	0.281219
1525657236.004973	1525657236.004973	-0.234467	0.929199	0.302429
1525657236.014844	1525657236.014844	-0.147369	0.959030	0.319077
1525657236.024748	1525657236.024748	-0.073135	0.981796	0.345490
1525657236.034748	1525657236.034748	-0.035828	0.983887	0.370270
1525657236.044888	1525657236.044888	-0.046280	0.981491	0.365860
1525657236.055790	1525657236.055790	-0.093628	0.988693	0.350235
1525657236.064747	1525657236.064747	-0.155273	1.006912	0.358826
1525657236.074711	1525657236.074711	-0.220840	1.024307	0.366104
1525657236.084691	1525657236.084691	-0.275345	1.026535	0.366470
1525657236.094870	1525657236.094870	-0.304230	1.025360	0.381882
1525657236.104766	1525657236.104766	-0.297348	1.033508	0.417221
1525657236.114746	1525657236.114746	-0.266357	1.047806	0.463745
1525657236.124500	1525657236.124500	-0.233841	1.066559	0.509033
1525657236.137870	1525657236.137870	-0.210266	1.095566	0.510162
1525657236.144601	1525657236.144601	-0.198242	1.108200	0.484406
1525657236.154774	1525657236.154774	-0.202133	1.103210	0.466354
1525657236.164561	1525657236.164561	-0.215057	1.102585	0.437119
1525657236.174519	1525657236.174519	-0.225052	1.132828	0.457489
1525657236.187099	1525657236.187099	-0.213959	1.248505	0.482727
1525657236.194428	1525657236.194428	-0.197479	1.363312	0.312988
1525657236.204985	1525657236.204985	-0.201981	1.275192	0.262177
1525657236.214427	1525657236.214427	-0.212738	1.155777	0.270065
1525657236.224332	1525657236.224332	-0.237808	1.156311	0.175217
1525657236.236744	1525657236.236744	-0.262268	1.196564	0.145004
1525657236.244361	1525657236.244361	-0.257111	1.239441	0.170364
1525657236.254280	1525657236.254280	-0.217056	1.274551	0.165817
1525657236.264324	1525657236.264324	-0.133957	1.263382	0.116898
1525657236.274226	1525657236.274226	-0.023224	1.191925	0.100327
1525657236.285125	1525657236.285125	0.081665	1.108185	0.142395
1525657236.294296	1525657236.294296	0.148819	1.049942	0.201736
1525657236.304700	1525657236.304700	0.163330	1.019531	0.233948
1525657236.314099	1525657236.314099	0.120804	1.037750	0.227280
1525657236.324092	1525657236.324092	0.025513	1.111038	0.237610
1525657236.334047	1525657236.334047	-0.100189	1.181473	0.303253
1525657236.344073	1525657236.344073	-0.238022	1.148682	0.393845
1525657236.354113	1525657236.354113	-0.391266	0.950073	0.479370
1525657236.364116	1525657236.364116	-0.542648	0.683868	0.546082
1525657236.374000	1525657236.374000	-0.678024	0.469376	0.598190
1525657236.384357	1525657236.384357	-0.787979	0.323471	0.628845
1525657236.393864	1525657236.393864	-0.877945	0.236877	0.609894
1525657236.403958	1525657236.403958	-0.981674	0.165985	0.541931
1525657236.414014	1525657236.414014	-1.104736	0.119217	0.429550
1525657236.423944	1525657236.423944	-1.206650	0.128906	0.314880
1525657236.433959	1525657236.433959	-1.244202	0.180786	0.281967
1525657236.444345	1525657236.444345	-1.213409	0.225281	0.340317
1525657236.453837	1525657236.453837	-1.127609	0.251663	0.449936
1525657236.463902	1525657236.463902	-1.004242	0.278015	0.518784
1525657236.473829	1525657236.473829	-0.869034	0.298935	0.496185
1525657236.483745	1525657236.483745	-0.744537	0.297470	0.391373
1525657236.493898	1525657236.493898	-0.637085	0.262985	0.228577
1525657236.503741	1525657236.503741	-0.538696	0.206894	0.032684
1525657236.513799	1525657236.513799	-0.449188	0.141006	-0.140411
1525657236.523716	1525657236.523716	-0.366730	0.089523	-0.248016
1525657236.533746	1525657236.533746	-0.299866	0.096237	-0.266647
1525657236.543645	1525657236.543645	-0.255722	0.186218	-0.189621
1525657236.553614	1525657236.553614	-0.231766	0.364334	-0.084717
1525657236.563898	1525657236.563898	-0.255981	0.612350	0.018585
1525657236.573845	1525657236.573845	-0.343735	0.881500	0.131241
1525657236.583653	1525657236.583653	-0.476608	1.051132	0.226883
1525657236.593732	1525657236.593732	-0.612869	1.018906	0.276123
1525657236.603739	1525657236.603739	-0.716461	0.897842	0.245102
1525657236.613621	1525657236.613621	-0.807007	0.845200	0.215256
1525657236.624125	1525657236.624125	-0.850555	0.817398	0.290039
1525657236.633512	1525657236.633512	-0.799393	0.819153	0.359009
1525657236.643460	1525657236.643460	-0.675888	0.865250	0.350967
1525657236.653442	1525657236.653442	-0.519897	0.939407	0.292282
1525657236.663490	1525657236.663490	-0.360703	1.012634	0.216278
1525657236.673558	1525657236.673558	-0.228577	1.054367	0.158630
1525657236.683442	1525657236.683442	-0.132675	1.063904	0.133041
1525657236.693485	1525657236.693485	-0.066223	1.062653	0.141983
1525657236.703350	1525657236.703350	-0.024567	1.070267	0.168442
1525657236.713416	1525657236.713416	-0.010361	1.100967	0.190903
1525657236.723552	1525657236.723552	-0.018524	1.160858	0.203278
1525657236.733378	1525657236.733378	-0.046860	1.242142	0.206329
1525657236.743359	1525657236.743359	-0.137253	1.320023	0.259995
1525657236.753256	1525657236.753256	-0.247375	1.280411	0.430344
1525657236.763189	1525657236.763189	-0.197617	1.148392	0.587402
1525657236.773245	1525657236.773245	0.040665	1.067520	0.496445
1525657236.783296	1525657236.783296	0.301102	1.029877	0.202484
1525657236.793440	1525657236.793440	0.414154	0.964157	-0.031479
1525657236.803810	1525657236.803810	0.348251	0.881119	-0.021194
1525657236.813217	1525657236.813217	0.208282	0.879654	0.118958
1525657236.823628	1525657236.823628	0.053955	1.012329	0.231201
1525657236.833164	1525657236.833164	-0.126328	1.190674	0.292114
1525657236.843139	1525657236.843139	-0.311874	1.256561	0.300781
1525657236.853019	1525657236.853019	-0.466843	1.193130	0.313614
1525657236.863167	1525657236.863167	-0.531189	1.081665	0.382767
1525657236.872978	1525657236.872978	-0.458160	0.995636	0.408417
1525657236.883183	1525657236.883183	-0.325882	0.981522	0.314514
1525657236.893084	1525657236.893084	-0.221878	1.051346	0.233414
1525657236.906453	1525657236.906453	-0.101593	1.194290	0.143951
1525657236.912982	1525657236.912982	0.068192	1.287628	0.007187
1525657236.922893	1525657236.922893	0.255508	1.281754	-0.082718
1525657236.932853	1525657236.932853	0.401169	1.247879	-0.057632
1525657236.943251	1525657236.943251	0.479523	1.193436	0.098312
1525657236.952944	1525657236.952944	0.497375	1.109665	0.199982
1525657236.962891	1525657236.962891	0.412003	1.041443	0.061142
1525657236.972797	1525657236.972797	0.234222	1.035706	-0.187500
1525657236.982851	1525657236.982851	0.084686	1.088654	-0.292282
1525657236.992906	1525657236.992906	0.007736	1.139664	-0.158966
1525657237.002706	1525657237.002706	-0.001587	1.085785	0.075012
1525657237.012798	1525657237.012798	0.045486	0.904480	0.332703
1525657237.023249	1525657237.023249	0.115555	0.716263	0.524963
1525657237.032745	1525657237.032745	0.191437	0.594528	0.602173
1525657237.042735	1525657237.042735	0.252350	0.563187	0.575699
1525657237.052606	1525657237.052606	0.251328	0.618729	0.480408
1525657237.062654	1525657237.062654	0.189102	0.741928	0.386795
1525657237.072566	1525657237.072566	0.079773	0.925018	0.322556
1525657237.082467	1525657237.082467	-0.056076	1.125870	0.270538
1525657237.092705	1525657237.092705	-0.187073	1.250259	0.186890
1525657237.102506	1525657237.102506	-0.278229	1.204117	0.098755
1525657237.112648	1525657237.112648	-0.312119	1.026978	0.127914
1525657237.123125	1525657237.123125	-0.316757	0.855347	0.324844
1525657237.132541	1525657237.132541	-0.324387	0.761612	0.488617
1525657237.142545	1525657237.142545	-0.354111	0.745056	0.541946
1525657237.152401	1525657237.152401	-0.394440	0.796585	0.510101
1525657237.162490	1525657237.162490	-0.425217	0.873459	0.424622
1525657237.172381	1525657237.172381	-0.425827	0.928970	0.337219
1525657237.182453	1525657237.182453	-0.384201	0.952576	0.265854
1525657237.192505	1525657237.192505	-0.306091	0.946762	0.272018
1525657237.202280	1525657237.202280	-0.223618	0.935440	0.323898
1525657237.212374	1525657237.212374	-0.164047	0.940491	0.369934
1525657237.222315	1525657237.222315	-0.137756	0.952545	0.387299
1525657237.232350	1525657237.232350	-0.153366	0.948257	0.393875
1525657237.242082	1525657237.242082	-0.193970	0.929337	0.380203
1525657237.252198	1525657237.252198	-0.226044	0.897064	0.361511
1525657237.262239	1525657237.262239	-0.225098	0.862030	0.358795
1525657237.272949	1525657237.272949	-0.190308	0.858124	0.355530
1525657237.282231	1525657237.282231	-0.139633	0.889053	0.346924
1525657237.292183	1525657237.292183	-0.092712	0.930038	0.347687
1525657237.302098	1525657237.302098	-0.059265	0.958145	0.353851
1525657237.312092	1525657237.312092	-0.048950	0.963333	0.370529
1525657237.323376	1525657237.323376	-0.069977	0.950943	0.365051
1525657237.332191	1525657237.332191	-0.121307	0.933136	0.339310
1525657237.341998	1525657237.341998	-0.185974	0.924591	0.324203
1525657237.351990	1525657237.351990	-0.249542	0.933167	0.329529
1525657237.362271	1525657237.362271	-0.305481	0.948807	0.332779
1525657237.373295	1525657237.373295	-0.349457	0.950348	0.337891
1525657237.381994	1525657237.381994	-0.367874	0.933029	0.363739
1525657237.391969	1525657237.391969	-0.347382	0.914413	0.367294
1525657237.401852	1525657237.401852	-0.295761	0.906982	0.352219
1525657237.411679	1525657237.411679	-0.227371	0.915924	0.343399
1525657237.422884	1525657237.422884	-0.154373	0.943405	0.322723
1525657237.431964	1525657237.431964	-0.089188	0.958359	0.331924
1525657237.441880	1525657237.441880	-0.043198	0.960220	0.348999
1525657237.453008	1525657237.453008	-0.029343	0.912537	0.410782
1525657237.461680	1525657237.461680	-0.035873	0.818253	0.617493
1525657237.471872	1525657237.471872	-0.104675	0.945038	0.539001
1525657237.481877	1525657237.481877	-0.184479	1.074371	0.215469
1525657237.491777	1525657237.491777	-0.228638	1.068161	0.279602
1525657237.501542	1525657237.501542	-0.247925	1.077820	0.408981
1525657237.511875	1525657237.511875	-0.270477	1.138184	0.333313
1525657237.522912	1525657237.522912	-0.287537	1.157852	0.278915
1525657237.531783	1525657237.531783	-0.301178	1.139694	0.346680
1525657237.541648	1525657237.541648	-0.326752	1.148163	0.384964
1525657237.561630	1525657237.561630	-0.357925	1.187073	0.375839
1525657237.561712	1525657237.561712	-0.375168	1.208145	0.366150
1525657237.571793	1525657237.571793	-0.381714	1.193817	0.376343
1525657237.581336	1525657237.581336	-0.378174	1.177628	0.354691
1525657237.591328	1525657237.591328	-0.355057	1.169693	0.317169
1525657237.601200	1525657237.601200	-0.316010	1.178894	0.374557
1525657237.611239	1525657237.611239	-0.254440	1.257767	0.411224
1525657237.621435	1525657237.621435	-0.182281	1.345886	0.259186
1525657237.631489	1525657237.631489	-0.150116	1.280701	0.187836
1525657237.641421	1525657237.641421	-0.143082	1.175720	0.168945
1525657237.652631	1525657237.652631	-0.130905	1.160431	0.046967
1525657237.661038	1525657237.661038	-0.095093	1.182266	0.007324
1525657237.671043	1525657237.671043	-0.015686	1.239380	0.053055
1525657237.681097	1525657237.681097	0.106903	1.313446	0.045593
1525657237.691125	1525657237.691125	0.251648	1.327744	0.032120
1525657237.702978	1525657237.702978	0.387802	1.291733	0.062439
1525657237.711109	1525657237.711109	0.457611	1.264038	0.108200
1525657237.721001	1525657237.721001	0.438614	1.258804	0.157608
1525657237.731027	1525657237.731027	0.332870	1.256821	0.222580
1525657237.741007	1525657237.741007	0.176300	1.233612	0.266037
1525657237.750954	1525657237.750954	0.028458	1.189850	0.294022
1525657237.761155	1525657237.761155	-0.114761	1.118469	0.317566
1525657237.772962	1525657237.772962	-0.272049	1.005890	0.367584
1525657237.781181	1525657237.781181	-0.465073	0.843384	0.456757
1525657237.791153	1525657237.791153	-0.676971	0.631195	0.602142
1525657237.801148	1525657237.801148	-0.851395	0.391129	0.823227
1525657237.811136	1525657237.811136	-0.977676	0.203995	0.992416
1525657237.821420	1525657237.821420	-1.100937	0.082642	1.013077
1525657237.831076	1525657237.831076	-1.258865	-0.030060	0.888336
1525657237.841225	1525657237.841225	-1.423630	-0.109909	0.642654
1525657237.850972	1525657237.850972	-1.505432	-0.107407	0.375229
1525657237.861032	1525657237.861032	-1.459076	-0.065414	0.216019
1525657237.870923	1525657237.870923	-1.322189	-0.057343	0.207336
1525657237.881025	1525657237.881025	-1.133682	-0.064697	0.268204
1525657237.890940	1525657237.890940	-0.931534	-0.052109	0.298004
1525657237.903458	1525657237.903458	-0.744171	-0.027878	0.284348
1525657237.910904	1525657237.910904	-0.576981	-0.003967	0.215286
1525657237.920825	1525657237.920825	-0.428970	0.017990	0.076584
1525657237.930869	1525657237.930869	-0.311829	0.034714	-0.106537
1525657237.940784	1525657237.940784	-0.238464	0.029617	-0.248535
1525657237.950955	1525657237.950955	-0.185287	0.020172	-0.308716
1525657237.960706	1525657237.960706	-0.131927	0.066055	-0.294968
1525657237.970687	1525657237.970687	-0.085190	0.222198	-0.231003
1525657237.980760	1525657237.980760	-0.071228	0.496399	-0.159637
1525657237.990698	1525657237.990698	-0.140045	0.894806	-0.070343
1525657238.000672	1525657238.000672	-0.300797	1.316116	0.087494
1525657238.010586	1525657238.010586	-0.482254	1.475464	0.235565
1525657238.020600	1525657238.020600	-0.628433	1.301056	0.261353
1525657238.030655	1525657238.030655	-0.698349	1.077209	0.169266
1525657238.040549	1525657238.040549	-0.675430	1.020508	0.042130
1525657238.050700	1525657238.050700	-0.577301	1.116562	-0.026779
1525657238.060667	1525657238.060667	-0.439575	1.274918	-0.026642
1525657238.070516	1525657238.070516	-0.300629	1.373703	0.037445
1525657238.080516	1525657238.080516	-0.192932	1.336838	0.150604
1525657238.090669	1525657238.090669	-0.144714	1.220398	0.287231
1525657238.100424	1525657238.100424	-0.181458	1.146729	0.396179
1525657238.110594	1525657238.110594	-0.319031	1.159241	0.445496
1525657238.120415	1525657238.120415	-0.540161	1.186874	0.570557
1525657238.130447	1525657238.130447	-0.690521	1.112595	0.783310
1525657238.140334	1525657238.140334	-0.620392	0.992310	0.710495
1525657238.150459	1525657238.150459	-0.433197	0.893509	0.437698
1525657238.160475	1525657238.160475	-0.193848	0.847870	0.223083
1525657238.170188	1525657238.170188	0.052277	0.925262	0.107422
1525657238.180455	1525657238.180455	0.209671	1.066101	0.133255
1525657238.191006	1525657238.191006	0.252548	1.176788	0.222290
1525657238.201238	1525657238.201238	0.189362	1.219452	0.268997
1525657238.211313	1525657238.211313	0.054245	1.189743	0.247223
1525657238.220433	1525657238.220433	-0.082382	1.116211	0.173203
1525657238.230340	1525657238.230340	-0.163834	1.052155	0.094528
1525657238.240409	1525657238.240409	-0.185211	1.024338	0.049835
1525657238.250307	1525657238.250307	-0.180954	0.995773	0.080276
1525657238.260274	1525657238.260274	-0.143860	0.950195	0.212158
1525657238.270108	1525657238.270108	-0.045868	0.990875	0.378601
1525657238.280209	1525657238.280209	0.118042	1.255753	0.493484
1525657238.290215	1525657238.290215	0.299927	1.635361	-0.066528
1525657238.300088	1525657238.300088	0.368515	1.686249	-0.953857
1525657238.310115	1525657238.310115	0.292389	1.373093	-0.882050
1525657238.320136	1525657238.320136	0.213043	1.025284	-0.355865
1525657238.329998	1525657238.329998	0.138397	0.775543	0.162003
1525657238.340951	1525657238.340951	0.101517	0.775375	0.336594
1525657238.350013	1525657238.350013	0.042709	0.934662	0.181381
1525657238.359928	1525657238.359928	-0.139557	1.002869	0.065567
1525657238.369967	1525657238.369967	-0.274246	0.992264	0.025864
1525657238.380030	1525657238.380030	-0.311661	0.916672	0.207352
1525657238.389950	1525657238.389950	-0.313705	0.785629	0.587692
1525657238.399923	1525657238.399923	-0.361832	0.714462	0.753250
1525657238.409922	1525657238.409922	-0.482544	0.749756	0.523209
1525657238.420809	1525657238.420809	-0.596451	0.844925	0.122284
1525657238.429899	1525657238.429899	-0.592331	0.917419	-0.150070
1525657238.439977	1525657238.439977	-0.458923	0.919159	-0.095490
1525657238.449921	1525657238.449921	-0.290070	0.947372	0.181198
1525657238.459829	1525657238.459829	-0.144455	1.033966	0.426682
1525657238.469726	1525657238.469726	-0.025864	1.078430	0.581375
1525657238.479822	1525657238.479822	0.042679	1.037064	0.616821
1525657238.489581	1525657238.489581	0.041016	0.950729	0.531570
1525657238.499735	1525657238.499735	-0.023026	0.884232	0.397751
1525657238.509726	1525657238.509726	-0.115311	0.869293	0.310028
1525657238.519587	1525657238.519587	-0.191589	0.894852	0.293457
1525657238.529698	1525657238.529698	-0.229980	0.931747	0.295105
1525657238.540705	1525657238.540705	-0.229645	0.949814	0.339752
1525657238.549663	1525657238.549663	-0.200165	0.959518	0.369034
1525657238.559740	1525657238.559740	-0.165985	0.959320	0.357300
1525657238.569492	1525657238.569492	-0.144882	0.948685	0.331039
1525657238.579658	1525657238.579658	-0.146957	0.938843	0.319046
1525657238.589525	1525657238.589525	-0.167923	0.940689	0.326431
1525657238.599580	1525657238.599580	-0.192505	0.946747	0.318192
1525657238.609656	1525657238.609656	-0.221054	0.933807	0.330048
1525657238.619244	1525657238.619244	-0.251633	0.909775	0.344009
1525657238.629508	1525657238.629508	-0.284164	0.896042	0.346146
1525657238.640380	1525657238.640380	-0.315048	0.887451	0.343567
1525657238.649421	1525657238.649421	-0.338333	0.879684	0.338318
1525657238.659495	1525657238.659495	-0.346619	0.882034	0.340591
1525657238.669252	1525657238.669252	-0.335480	0.896301	0.339127
1525657238.679700	1525657238.679700	-0.312195	0.916702	0.348236
1525657238.689668	1525657238.689668	-0.289230	0.938705	0.382034
1525657238.699171	1525657238.699171	-0.283218	0.960480	0.395782
1525657238.709351	1525657238.709351	-0.300491	0.972183	0.375763
1525657238.719170	1525657238.719170	-0.331528	0.966721	0.359863
1525657238.729370	1525657238.729370	-0.358582	0.960800	0.346970
1525657238.739608	1525657238.739608	-0.362656	0.968094	0.313126
1525657238.749095	1525657238.749095	-0.329590	0.984009	0.276062
1525657238.759058	1525657238.759058	-0.264771	0.987305	0.278915
1525657238.769072	1525657238.769072	-0.177505	0.954208	0.369415
1525657238.779001	1525657238.779001	-0.095047	0.969162	0.438263
1525657238.789705	1525657238.789705	-0.027771	1.078308	0.254715
1525657238.799174	1525657238.799174	0.049576	1.090652	0.172592
1525657238.809340	1525657238.809340	0.113083	1.035004	0.294037
1525657238.819073	1525657238.819073	0.134369	1.028763	0.277786
1525657238.828916	1525657238.828916	0.112518	1.028076	0.210281
1525657238.840591	1525657238.840591	0.057220	1.001831	0.251984
1525657238.849020	1525657238.849020	-0.030884	0.978958	0.320633
1525657238.859000	1525657238.859000	-0.137482	0.977219	0.362259
1525657238.868852	1525657238.868852	-0.244949	0.998093	0.410385
1525657238.878911	1525657238.878911	-0.339691	1.023254	0.472641
1525657238.890392	1525657238.890392	-0.419739	1.035431	0.516266
1525657238.898934	1525657238.898934	-0.480530	1.034439	0.509430
1525657238.908939	1525657238.908939	-0.516983	1.025681	0.467209
1525657238.918824	1525657238.918824	-0.521988	1.020889	0.389252
1525657238.929051	1525657238.929051	-0.488235	1.016235	0.349808
1525657238.938598	1525657238.938598	-0.429489	1.058823	0.396637
1525657238.948960	1525657238.948960	-0.352097	1.212357	0.464630
1525657238.958489	1525657238.958489	-0.260300	1.435043	0.266891
1525657238.969016	1525657238.969016	-0.196945	1.443207	0.150436
1525657238.978778	1525657238.978778	-0.157181	1.315979	0.192276
1525657238.988594	1525657238.988594	-0.131790	1.266174	0.076920
1525657238.998598	1525657238.998598	-0.089172	1.236923	-0.011215
1525657239.008644	1525657239.008644	-0.017075	1.213882	0.023178
1525657239.018625	1525657239.018625	0.066406	1.207092	0.066391
1525657239.028610	1525657239.028610	0.146210	1.189713	0.075134
1525657239.038591	1525657239.038591	0.203171	1.146713	0.074677
1525657239.048618	1525657239.048618	0.223969	1.099945	0.096848
1525657239.058533	1525657239.058533	0.175705	1.075134	0.147461
1525657239.068474	1525657239.068474	0.053467	1.081833	0.209427
1525657239.078758	1525657239.078758	-0.106293	1.111679	0.259781
1525657239.088564	1525657239.088564	-0.239578	1.137421	0.269135
1525657239.098610	1525657239.098610	-0.327866	1.126160	0.233734
1525657239.108571	1525657239.108571	-0.396362	1.058411	0.203156
1525657239.118552	1525657239.118552	-0.457031	0.924683	0.205353
1525657239.128592	1525657239.128592	-0.527878	0.750671	0.236725
1525657239.138558	1525657239.138558	-0.632416	0.581314	0.314880
1525657239.148678	1525657239.148678	-0.756912	0.419968	0.462936
1525657239.158517	1525657239.158517	-0.835297	0.287292	0.583786
1525657239.168315	1525657239.168315	-0.857376	0.223129	0.547714
1525657239.178471	1525657239.178471	-0.889069	0.214401	0.382538
1525657239.189899	1525657239.189899	-0.969193	0.209625	0.196457
1525657239.198211	1525657239.198211	-1.055161	0.179123	0.111542
1525657239.208095	1525657239.208095	-1.110214	0.133514	0.122360
1525657239.218173	1525657239.218173	-1.119888	0.113434	0.166641
1525657239.228209	1525657239.228209	-1.098770	0.123596	0.209869
1525657239.238129	1525657239.238129	-1.061844	0.153229	0.242233
1525657239.248173	1525657239.248173	-1.003113	0.202515	0.241302
1525657239.258008	1525657239.258008	-0.915070	0.246796	0.193390
1525657239.268041	1525657239.268041	-0.795517	0.270126	0.095474
1525657239.285016	1525657239.285016	-0.675735	0.269867	-0.027542
1525657239.290958	1525657239.290958	-0.578110	0.253601	-0.124176
1525657239.297981	1525657239.297981	-0.490738	0.252335	-0.163437
1525657239.308029	1525657239.308029	-0.406021	0.302948	-0.134354
1525657239.318046	1525657239.318046	-0.330154	0.434723	-0.057297
1525657239.327932	1525657239.327932	-0.270126	0.645523	0.004517
1525657239.337981	1525657239.337981	-0.260925	0.873444	0.004944
1525657239.348121	1525657239.348121	-0.333405	1.027039	-0.034027
1525657239.357936	1525657239.357936	-0.441788	1.059006	-0.051620
1525657239.367894	1525657239.367894	-0.511719	1.022156	-0.028931
1525657239.377879	1525657239.377879	-0.525848	1.001373	0.023239
1525657239.387952	1525657239.387952	-0.499634	1.048462	0.086960
1525657239.401242	1525657239.401242	-0.450775	1.142319	0.143311
1525657239.407698	1525657239.407698	-0.382462	1.202744	0.175812
1525657239.417718	1525657239.417718	-0.298691	1.217255	0.144745
1525657239.427868	1525657239.427868	-0.222504	1.217468	0.077362
1525657239.437632	1525657239.437632	-0.164825	1.201904	0.031219
1525657239.447669	1525657239.447669	-0.117386	1.175552	0.017136
1525657239.457471	1525657239.457471	-0.079208	1.160690	0.048782
1525657239.467664	1525657239.467664	-0.064255	1.175034	0.144974
1525657239.477704	1525657239.477704	-0.062363	1.194016	0.293427
1525657239.487706	1525657239.487706	-0.024200	1.184509	0.347763
1525657239.497623	1525657239.497623	0.004196	1.118988	0.269775
1525657239.507611	1525657239.507611	0.008835	1.009491	0.163925
1525657239.517584	1525657239.517584	0.010651	0.926880	0.094070
1525657239.527538	1525657239.527538	-0.015549	0.909653	0.112396
1525657239.538046	1525657239.538046	-0.068527	0.949280	0.183228
1525657239.547454	1525657239.547454	-0.143860	1.004318	0.248566
1525657239.557523	1525657239.557523	-0.245468	1.009399	0.285614
1525657239.567608	1525657239.567608	-0.339645	0.940674	0.294235
1525657239.577489	1525657239.577489	-0.400436	0.845016	0.276474
1525657239.587549	1525657239.587549	-0.424789	0.780029	0.264557
1525657239.597497	1525657239.597497	-0.424316	0.758652	0.267914
1525657239.607494	1525657239.607494	-0.409424	0.765991	0.301682
1525657239.617767	1525657239.617767	-0.378357	0.817169	0.384384
1525657239.627385	1525657239.627385	-0.288895	1.075714	0.528244
1525657239.637533	1525657239.637533	-0.056717	1.719086	0.578873
1525657239.647437	1525657239.647437	0.209213	2.188568	-0.393509
1525657239.657567	1525657239.657567	0.263382	1.786591	-1.199890
1525657239.667516	1525657239.667516	0.197327	1.124725	-0.717163
1525657239.677173	1525657239.677173	0.187805	0.735764	-0.128189
1525657239.687719	1525657239.687719	0.165894	0.618484	0.265549
1525657239.697278	1525657239.697278	0.105789	0.749588	0.313934
1525657239.707058	1525657239.707058	-0.032089	0.948685	0.159454
1525657239.717175	1525657239.717175	-0.218964	1.042664	0.106888
1525657239.727149	1525657239.727149	-0.348526	1.024673	0.170914
1525657239.737162	1525657239.737162	-0.411667	0.953430	0.296066
1525657239.747109	1525657239.747109	-0.403244	0.861816	0.414490
1525657239.757088	1525657239.757088	-0.365707	0.758682	0.489075
1525657239.767134	1525657239.767134	-0.370209	0.701782	0.456741
1525657239.777047	1525657239.777047	-0.426926	0.735291	0.330048
1525657239.787101	1525657239.787101	-0.488678	0.855133	0.106033
1525657239.797000	1525657239.797000	-0.516113	1.007156	-0.140854
1525657239.807011	1525657239.807011	-0.487244	1.084305	-0.159729
1525657239.817036	1525657239.817036	-0.393234	1.065567	0.036972
1525657239.826935	1525657239.826935	-0.259323	1.032211	0.242081
1525657239.836913	1525657239.836913	-0.111099	1.033859	0.346985
1525657239.846897	1525657239.846897	0.007431	1.038452	0.399200
1525657239.856873	1525657239.856873	0.064651	1.012909	0.449554
1525657239.866815	1525657239.866815	0.061264	0.960129	0.502655
1525657239.876866	1525657239.876866	0.006104	0.915619	0.508377
1525657239.886887	1525657239.886887	-0.083847	0.901947	0.420929
1525657239.896953	1525657239.896953	-0.180237	0.915161	0.321030
1525657239.906770	1525657239.906770	-0.257339	0.949173	0.285431
1525657239.941587	1525657239.941587	-0.308792	0.983887	0.299347
1525657239.941677	1525657239.941677	-0.343231	0.992554	0.323074
1525657239.941796	1525657239.941796	-0.371979	0.975723	0.340286
1525657239.946729	1525657239.946729	-0.399994	0.948074	0.337280
1525657239.956692	1525657239.956692	-0.426483	0.924103	0.327148
1525657239.966745	1525657239.966745	-0.440735	0.908386	0.319382
1525657239.976656	1525657239.976656	-0.433685	0.898102	0.309250
1525657239.986672	1525657239.986672	-0.405823	0.889404	0.309738
1525657239.996676	1525657239.996676	-0.364655	0.885452	0.314667
1525657240.006563	1525657240.006563	-0.321777	0.893539	0.313263
1525657240.016540	1525657240.016540	-0.288101	0.910034	0.305984
1525657240.026396	1525657240.026396	-0.265793	0.925079	0.294235
1525657240.036499	1525657240.036499	-0.259323	0.931229	0.283325
1525657240.046641	1525657240.046641	-0.266846	0.931534	0.279770
1525657240.056532	1525657240.056532	-0.282196	0.928299	0.287704
1525657240.066436	1525657240.066436	-0.301819	0.925232	0.283630
1525657240.076412	1525657240.076412	-0.316284	0.922791	0.272842
1525657240.086466	1525657240.086466	-0.320465	0.913223	0.277344
1525657240.096461	1525657240.096461	-0.319458	0.900574	0.292084
1525657240.109372	1525657240.109372	-0.315353	0.889450	0.301498
1525657240.117083	1525657240.117083	-0.315872	0.864395	0.322037
1525657240.126314	1525657240.126314	-0.321869	0.865524	0.329483
1525657240.136291	1525657240.136291	-0.319199	0.900940	0.233948
1525657240.146270	1525657240.146270	-0.297043	0.909805	0.202362
1525657240.156248	1525657240.156248	-0.239883	0.911423	0.229156
1525657240.166227	1525657240.166227	-0.157074	0.932526	0.215057
1525657240.176203	1525657240.176203	-0.063995	0.953430	0.171677
1525657240.186139	1525657240.186139	0.021332	0.955780	0.171783
1525657240.196168	1525657240.196168	0.102753	0.958038	0.188507
1525657240.206141	1525657240.206141	0.172180	0.976990	0.220703
1525657240.216205	1525657240.216205	0.199127	1.002319	0.282471
1525657240.226104	1525657240.226104	0.153076	1.042572	0.346466
1525657240.235958	1525657240.235958	0.028946	1.102463	0.395462
1525657240.246063	1525657240.246063	-0.154541	1.154404	0.415436
1525657240.256071	1525657240.256071	-0.346664	1.167877	0.411652
1525657240.266632	1525657240.266632	-0.507858	1.145218	0.387177
1525657240.275998	1525657240.275998	-0.614670	1.098389	0.360794
1525657240.286461	1525657240.286461	-0.653473	1.055099	0.335754
1525657240.295945	1525657240.295945	-0.622284	1.043472	0.316620
1525657240.306347	1525657240.306347	-0.533432	1.069305	0.297852
1525657240.315885	1525657240.315885	-0.416016	1.102097	0.282974
1525657240.326219	1525657240.326219	-0.300171	1.124405	0.277298
1525657240.335877	1525657240.335877	-0.205307	1.141830	0.259857
1525657240.345934	1525657240.345934	-0.149750	1.147324	0.237732
1525657240.355832	1525657240.355832	-0.135284	1.160278	0.291321
1525657240.365790	1525657240.365790	-0.141617	1.248657	0.362137
1525657240.375881	1525657240.375881	-0.146652	1.370071	0.199371
1525657240.385751	1525657240.385751	-0.166077	1.315948	0.106247
1525657240.395787	1525657240.395787	-0.176010	1.193558	0.132172
1525657240.405730	1525657240.405730	-0.166809	1.168304	0.101883
1525657240.415708	1525657240.415708	-0.115021	1.209335	0.056091
1525657240.425688	1525657240.425688	-0.011673	1.258316	0.041306
1525657240.435667	1525657240.435667	0.109207	1.267807	0.055847
1525657240.445700	1525657240.445700	0.205124	1.224899	0.135468
1525657240.455624	1525657240.455624	0.233475	1.154053	0.229553
1525657240.465605	1525657240.465605	0.171555	1.077911	0.272430
1525657240.475583	1525657240.475583	0.039444	1.015411	0.293060
1525657240.485631	1525657240.485631	-0.136978	0.987122	0.314377
1525657240.495598	1525657240.495598	-0.311020	0.971115	0.364761
1525657240.505399	1525657240.505399	-0.444962	0.946793	0.398941
1525657240.515498	1525657240.515498	-0.570282	0.894608	0.400040
1525657240.525477	1525657240.525477	-0.715790	0.765839	0.421021
1525657240.535460	1525657240.535460	-0.844177	0.573380	0.480667
1525657240.545475	1525657240.545475	-0.926239	0.373322	0.554459
1525657240.555416	1525657240.555416	-0.976959	0.203033	0.595383
1525657240.565395	1525657240.565395	-1.021408	0.085037	0.550140
1525657240.575634	1525657240.575634	-1.087494	0.016373	0.397644
1525657240.586230	1525657240.586230	-1.142593	-0.001343	0.243240
1525657240.595535	1525657240.595535	-1.145645	0.027328	0.182266
1525657240.605314	1525657240.605314	-1.113785	0.055267	0.206650
1525657240.615292	1525657240.615292	-1.049332	0.085526	0.300430
1525657240.625393	1525657240.625393	-0.950165	0.148819	0.380020
1525657240.635064	1525657240.635064	-0.845535	0.230453	0.381454
1525657240.645230	1525657240.645230	-0.751114	0.282074	0.316544
1525657240.655204	1525657240.655204	-0.658936	0.285141	0.190491
1525657240.665266	1525657240.665266	-0.575027	0.243484	0.029877
1525657240.675165	1525657240.675165	-0.500946	0.169937	-0.094620
1525657240.685183	1525657240.685183	-0.437973	0.114609	-0.151917
1525657240.695123	1525657240.695123	-0.400253	0.127945	-0.142532
1525657240.705101	1525657240.705101	-0.398193	0.237534	-0.077835
1525657240.715081	1525657240.715081	-0.421860	0.448563	0.004745
1525657240.725060	1525657240.725060	-0.462494	0.739700	0.057144
1525657240.735041	1525657240.735041	-0.526520	0.996857	0.066620
1525657240.745019	1525657240.745019	-0.584595	1.052231	0.027145
1525657240.754999	1525657240.754999	-0.598434	0.938858	-0.062119
1525657240.765424	1525657240.765424	-0.567062	0.830200	-0.121933
1525657240.774911	1525657240.774911	-0.495209	0.841873	-0.127762
1525657240.785010	1525657240.785010	-0.416489	0.982376	-0.081726
1525657240.794789	1525657240.794789	-0.347885	1.149902	0.008377
1525657240.804888	1525657240.804888	-0.286774	1.233765	0.084900
1525657240.814871	1525657240.814871	-0.253418	1.218201	0.114456
1525657240.824934	1525657240.824934	-0.257370	1.163483	0.118454
1525657240.834836	1525657240.834836	-0.287399	1.136703	0.111069
1525657240.844810	1525657240.844810	-0.316086	1.137421	0.116531
1525657240.854790	1525657240.854790	-0.330017	1.140045	0.150925
1525657240.864769	1525657240.864769	-0.327805	1.137695	0.205551
1525657240.874767	1525657240.874767	-0.311859	1.127380	0.265533
1525657240.884735	1525657240.884735	-0.275192	1.112930	0.303680
1525657240.894702	1525657240.894702	-0.231400	1.109177	0.330063
1525657240.904685	1525657240.904685	-0.155411	1.089539	0.322174
1525657240.914663	1525657240.914663	-0.051102	1.049622	0.225327
1525657240.924562	1525657240.924562	0.019623	0.994003	0.121384
1525657240.934623	1525657240.934623	0.057816	0.948898	0.069077
1525657240.944601	1525657240.944601	0.070648	0.951675	0.095718
1525657240.954453	1525657240.954453	0.051941	0.999222	0.197174
1525657240.964559	1525657240.964559	0.006226	1.055176	0.260345
1525657240.974951	1525657240.974951	-0.046066	1.077713	0.222031
1525657240.985900	1525657240.985900	-0.084442	1.062027	0.101425
1525657240.994915	1525657240.994915	-0.108154	1.014267	-0.023727
1525657241.004487	1525657241.004487	-0.131760	0.929916	-0.056641
1525657241.014904	1525657241.014904	-0.131424	0.846375	-0.002701
1525657241.024433	1525657241.024433	-0.109848	0.796158	0.079681
1525657241.034985	1525657241.034985	-0.098267	0.779922	0.155365
1525657241.044393	1525657241.044393	-0.112839	0.786133	0.213974
1525657241.054473	1525657241.054473	-0.141907	0.825104	0.272537
1525657241.064351	1525657241.064351	-0.159668	0.920532	0.323181
1525657241.074235	1525657241.074235	-0.140717	1.138092	0.365601
1525657241.084547	1525657241.084547	-0.044998	1.538559	0.419907
1525657241.094282	1525657241.094282	0.143402	1.848801	0.189713
1525657241.104262	1525657241.104262	0.313736	1.667938	-0.485657
1525657241.114122	1525657241.114122	0.389313	1.244904	-0.670486
1525657241.124226	1525657241.124226	0.458694	1.006226	-0.400772
1525657241.134509	1525657241.134509	0.550888	1.035233	-0.174759
1525657241.144302	1525657241.144302	0.497650	1.119446	0.026978
1525657241.154163	1525657241.154163	0.264572	1.067291	0.254272
1525657241.164141	1525657241.164141	0.027954	0.911346	0.392715
1525657241.174117	1525657241.174117	-0.204147	0.774567	0.378540
1525657241.184390	1525657241.184390	-0.482315	0.677399	0.391586
1525657241.194077	1525657241.194077	-0.798523	0.619415	0.457184
1525657241.204058	1525657241.204058	-1.084778	0.633347	0.426865
1525657241.214038	1525657241.214038	-1.250122	0.664597	0.342621
1525657241.224018	1525657241.224018	-1.192917	0.656235	0.251648
1525657241.234217	1525657241.234217	-0.929520	0.677979	0.177612
1525657241.243976	1525657241.243976	-0.606232	0.774841	0.141235
1525657241.253954	1525657241.253954	-0.310547	0.929977	0.136383
1525657241.263935	1525657241.263935	-0.055038	1.124878	0.154602
1525657241.273787	1525657241.273787	0.160507	1.264359	0.225571
1525657241.284191	1525657241.284191	0.314423	1.249283	0.354385
1525657241.293948	1525657241.293948	0.367722	1.091827	0.422241
1525657241.303902	1525657241.303902	0.300354	0.912842	0.412170
1525657241.313831	1525657241.313831	0.146774	0.810196	0.395248
1525657241.323807	1525657241.323807	-0.037354	0.810745	0.418961
1525657241.333819	1525657241.333819	-0.202286	0.874023	0.429947
1525657241.343798	1525657241.343798	-0.324539	0.931656	0.411835
1525657241.353780	1525657241.353780	-0.392441	0.941010	0.386642
1525657241.363756	1525657241.363756	-0.404724	0.918579	0.367706
1525657241.373737	1525657241.373737	-0.370193	0.908401	0.358765
1525657241.383791	1525657241.383791	-0.311310	0.928574	0.363068
1525657241.393695	1525657241.393695	-0.261246	0.961945	0.364197
1525657241.403676	1525657241.403676	-0.242096	0.994385	0.352692
1525657241.413776	1525657241.413776	-0.255875	1.013474	0.331009
1525657241.423633	1525657241.423633	-0.299469	1.002075	0.299072
1525657241.433488	1525657241.433488	-0.360748	0.967682	0.293961
1525657241.443593	1525657241.443593	-0.418961	0.944626	0.293091
1525657241.453570	1525657241.453570	-0.462158	0.928192	0.293243
1525657241.463630	1525657241.463630	-0.479218	0.912399	0.300293
1525657241.473522	1525657241.473522	-0.478256	0.940460	0.256882
1525657241.483579	1525657241.483579	-0.440002	0.968002	0.193771
1525657241.493779	1525657241.493779	-0.348724	0.882599	0.411148
1525657241.503466	1525657241.503466	-0.266495	0.859589	0.534958
1525657241.513446	1525657241.513446	-0.211838	0.903473	0.437729
1525657241.523376	1525657241.523376	-0.177246	0.906769	0.446976
1525657241.533404	1525657241.533404	-0.161682	0.899612	0.470413
1525657241.543299	1525657241.543299	-0.172363	0.907440	0.416321
1525657241.553696	1525657241.553696	-0.191452	0.922165	0.338852
1525657241.563530	1525657241.563530	-0.212967	0.925797	0.272858
1525657241.573401	1525657241.573401	-0.226044	0.912537	0.266983
1525657241.583380	1525657241.583380	-0.208466	0.927338	0.269608
1525657241.593453	1525657241.593453	-0.166229	0.967209	0.256851
1525657241.603419	1525657241.603419	-0.111816	0.997574	0.267136
1525657241.613757	1525657241.613757	-0.057083	1.019653	0.267960
1525657241.624502	1525657241.624502	-0.015778	1.033875	0.253998
1525657241.633519	1525657241.633519	-0.001633	1.019653	0.229324
1525657241.644353	1525657241.644353	-0.018463	0.985016	0.216187
1525657241.653444	1525657241.653444	-0.064423	0.955612	0.239700
1525657241.663869	1525657241.663869	-0.132721	0.955658	0.301575
1525657241.673098	1525657241.673098	-0.220963	0.978271	0.371750
1525657241.683029	1525657241.683029	-0.317612	1.008774	0.430328
1525657241.692796	1525657241.692796	-0.410446	1.037521	0.476822
1525657241.703103	1525657241.703103	-0.488174	1.048645	0.518234
1525657241.713058	1525657241.713058	-0.534119	1.054184	0.500305
1525657241.723093	1525657241.723093	-0.542511	1.066635	0.448837
1525657241.732940	1525657241.732940	-0.497818	1.131027	0.566223
1525657241.743015	1525657241.743015	-0.377304	1.365738	0.504486
1525657241.753032	1525657241.753032	-0.251083	1.520767	0.222488
1525657241.762805	1525657241.762805	-0.156311	1.359100	0.232834
1525657241.772979	1525657241.772979	-0.083633	1.236908	0.144730
1525657241.782937	1525657241.782937	0.004776	1.262970	0.059921
1525657241.792934	1525657241.792934	0.149048	1.390594	0.128372
1525657241.802871	1525657241.802871	0.280090	1.498260	0.097122
1525657241.812749	1525657241.812749	0.327866	1.428589	0.084793
1525657241.822759	1525657241.822759	0.303345	1.265457	0.144791
1525657241.832477	1525657241.832477	0.238449	1.118774	0.168198
1525657241.842219	1525657241.842219	0.153442	1.026154	0.147308
1525657241.852434	1525657241.852434	0.039291	0.993164	0.133942
1525657241.862358	1525657241.862358	-0.116531	1.001968	0.139114
1525657241.872317	1525657241.872317	-0.294998	1.024567	0.192627
1525657241.882220	1525657241.882220	-0.447556	1.043472	0.262329
1525657241.892393	1525657241.892393	-0.558182	1.033890	0.280670
1525657241.902372	1525657241.902372	-0.658920	0.941193	0.275787
1525657241.912752	1525657241.912752	-0.767609	0.775711	0.292099
1525657241.922697	1525657241.922697	-0.891891	0.595703	0.331024
1525657241.932604	1525657241.932604	-1.012161	0.418732	0.413742
1525657241.942579	1525657241.942579	-1.106750	0.274643	0.494766
1525657241.952559	1525657241.952559	-1.182144	0.192551	0.498886
1525657241.962593	1525657241.962593	-1.242142	0.162949	0.429474
1525657241.972518	1525657241.972518	-1.266525	0.197723	0.344910
1525657241.982908	1525657241.982908	-1.255295	0.253174	0.272583
1525657241.992431	1525657241.992431	-1.207428	0.278793	0.232834
1525657242.002420	1525657242.002420	-1.117355	0.265747	0.230026
1525657242.012460	1525657242.012460	-0.997299	0.248062	0.236282
1525657242.022373	1525657242.022373	-0.870667	0.262360	0.220016
1525657242.032357	1525657242.032357	-0.752792	0.304581	0.172195
1525657242.042210	1525657242.042210	-0.652557	0.351944	0.095596
1525657242.052402	1525657242.052402	-0.569046	0.387192	0.007187
1525657242.062492	1525657242.062492	-0.506042	0.409775	-0.070374
1525657242.072348	1525657242.072348	-0.467560	0.428574	-0.120346
1525657242.082328	1525657242.082328	-0.450272	0.449402	-0.126648
1525657242.092231	1525657242.092231	-0.450851	0.483627	-0.097961
1525657242.102211	1525657242.102211	-0.487808	0.528671	-0.038696
1525657242.112248	1525657242.112248	-0.570053	0.565613	0.053467
1525657242.122305	1525657242.122305	-0.681610	0.580948	0.154770
1525657242.132149	1525657242.132149	-0.802719	0.575928	0.238892
1525657242.142127	1525657242.142127	-0.920898	0.545319	0.299393
1525657242.152100	1525657242.152100	-1.005356	0.492065	0.327667
1525657242.162302	1525657242.162302	-1.039001	0.438400	0.309250
1525657242.175862	1525657242.175862	-1.026566	0.391281	0.285126
1525657242.182299	1525657242.182299	-0.969467	0.360931	0.257080
1525657242.191977	1525657242.191977	-0.895325	0.369644	0.224731
1525657242.201820	1525657242.201820	-0.826462	0.405106	0.225739
1525657242.212002	1525657242.212002	-0.755600	0.452347	0.233795
1525657242.221761	1525657242.221761	-0.692230	0.493301	0.235092
1525657242.231568	1525657242.231568	-0.633850	0.514374	0.229401
1525657242.241672	1525657242.241672	-0.581360	0.531967	0.193756
1525657242.251661	1525657242.251661	-0.566208	0.570206	0.174011
1525657242.261779	1525657242.261779	-0.574081	0.613342	0.210526
1525657242.271486	1525657242.271486	-0.572678	0.665375	0.246841
1525657242.281488	1525657242.281488	-0.574051	0.720215	0.258392
1525657242.291469	1525657242.291469	-0.579376	0.746002	0.256805
1525657242.301525	1525657242.301525	-0.574203	0.741470	0.233276
1525657242.311449	1525657242.311449	-0.564774	0.737152	0.200180
1525657242.321464	1525657242.321464	-0.552017	0.726898	0.201523
1525657242.331840	1525657242.331840	-0.508804	0.731461	0.214935
1525657242.341401	1525657242.341401	-0.442383	0.776855	0.208542
1525657242.351333	1525657242.351333	-0.370239	0.853363	0.201675
1525657242.361251	1525657242.361251	-0.290878	0.933884	0.213791
1525657242.371272	1525657242.371272	-0.210144	1.010117	0.218628
1525657242.381273	1525657242.381273	-0.139542	1.072723	0.198395
1525657242.391311	1525657242.391311	-0.092041	1.094147	0.151581
1525657242.401250	1525657242.401250	-0.070435	1.078568	0.080734
1525657242.411190	1525657242.411190	-0.068848	1.058807	0.014816
1525657242.421171	1525657242.421171	-0.072449	1.053848	-0.013550
1525657242.431023	1525657242.431023	-0.068893	1.074203	0.005783
1525657242.441317	1525657242.441317	-0.043869	1.098709	0.056091
1525657242.450993	1525657242.450993	0.005157	1.111603	0.107346
1525657242.461205	1525657242.461205	0.060608	1.110962	0.134064
1525657242.471026	1525657242.471026	0.114349	1.100540	0.140778
1525657242.481014	1525657242.481014	0.160141	1.089600	0.128525
1525657242.490899	1525657242.490899	0.187927	1.078293	0.105118
1525657242.501075	1525657242.501075	0.192932	1.076202	0.077026
1525657242.510992	1525657242.510992	0.179520	1.076355	0.038742
1525657242.521007	1525657242.521007	0.143433	1.068268	0.013901
1525657242.531025	1525657242.531025	0.090591	1.067261	0.036911
1525657242.540966	1525657242.540966	0.033737	1.081787	0.076431
1525657242.550947	1525657242.550947	-0.029724	1.089905	0.085617
1525657242.561028	1525657242.561028	-0.055832	1.056580	0.102600
1525657242.570976	1525657242.570976	0.006058	1.035233	0.137405
1525657242.581306	1525657242.581306	0.172806	1.080429	-0.092346
1525657242.591247	1525657242.591247	0.369461	1.121826	-0.484894
1525657242.601168	1525657242.601168	0.491074	1.138306	-0.481949
1525657242.611181	1525657242.611181	0.564468	1.197433	-0.065094
1525657242.621293	1525657242.621293	0.625061	1.325897	0.325668
1525657242.631145	1525657242.631145	0.666855	1.448380	0.463303
1525657242.641123	1525657242.641123	0.671783	1.497025	0.384857
1525657242.650947	1525657242.650947	0.533981	1.465759	0.198685
1525657242.662507	1525657242.662507	0.212021	1.356293	-0.071381
1525657242.670734	1525657242.670734	-0.106277	1.164917	-0.197296
1525657242.680843	1525657242.680843	-0.302353	0.954498	-0.120438
1525657242.691012	1525657242.691012	-0.362823	0.782196	-0.032959
1525657242.701000	1525657242.701000	-0.304642	0.689117	0.112305
1525657242.710849	1525657242.710849	-0.157532	0.709030	0.328003
1525657242.720948	1525657242.720948	-0.000610	0.801971	0.522797
1525657242.730938	1525657242.730938	0.093475	0.889236	0.674133
1525657242.740907	1525657242.740907	0.100372	0.931717	0.723877
1525657242.750910	1525657242.750910	0.043945	0.926895	0.599915
1525657242.760877	1525657242.760877	-0.025726	0.894440	0.366470
1525657242.770850	1525657242.770850	-0.076920	0.873749	0.170944
1525657242.780899	1525657242.780899	-0.099686	0.894028	0.092758
1525657242.790808	1525657242.790808	-0.085480	0.969040	0.135864
1525657242.800924	1525657242.800924	-0.057541	1.075012	0.216782
1525657242.810609	1525657242.810609	-0.042267	1.134598	0.253815
1525657242.820770	1525657242.820770	-0.044037	1.100098	0.255173
1525657242.830759	1525657242.830759	-0.050003	0.996216	0.253464
1525657242.840764	1525657242.840764	-0.045975	0.894821	0.281036
1525657242.850723	1525657242.850723	-0.030670	0.858322	0.352066
1525657242.860695	1525657242.860695	0.005768	0.890564	0.402344
1525657242.870679	1525657242.870679	0.061020	0.962601	0.387711
1525657242.880719	1525657242.880719	0.109497	1.016846	0.337494
1525657242.890629	1525657242.890629	0.134171	1.026016	0.285370
1525657242.900664	1525657242.900664	0.120132	1.004272	0.234650
1525657242.910582	1525657242.910582	0.080811	0.982056	0.191971
1525657242.920518	1525657242.920518	0.047546	0.979187	0.165848
1525657242.930506	1525657242.930506	0.026047	0.983444	0.166412
1525657242.940539	1525657242.940539	0.019272	0.972992	0.193237
1525657242.950290	1525657242.950290	0.016159	0.958267	0.218628
1525657242.960134	1525657242.960134	0.004684	0.945694	0.228439
1525657242.969921	1525657242.969921	-0.010345	0.944077	0.217407
1525657242.980130	1525657242.980130	-0.014191	0.955551	0.193222
1525657242.990104	1525657242.990104	0.000168	0.961166	0.187164
1525657243.000105	1525657243.000105	0.029831	0.952881	0.211945
1525657243.010041	1525657243.010041	0.069092	0.949585	0.233917
1525657243.022120	1525657243.022120	0.114990	0.952011	0.237595
1525657243.029937	1525657243.029937	0.167343	0.949310	0.233337
1525657243.039875	1525657243.039875	0.204834	0.950516	0.233063
1525657243.049802	1525657243.049802	0.212769	0.966385	0.246857
1525657243.059879	1525657243.059879	0.193222	0.977432	0.258667
1525657243.069769	1525657243.069769	0.147354	0.973694	0.251831
1525657243.079810	1525657243.079810	0.076797	0.984650	0.215286
1525657243.089715	1525657243.089715	-0.007385	1.002121	0.184692
1525657243.099592	1525657243.099592	-0.096893	1.024445	0.160446
1525657243.109670	1525657243.109670	-0.182404	1.045792	0.135666
1525657243.119499	1525657243.119499	-0.234406	1.035355	0.124191
1525657243.129508	1525657243.129508	-0.233826	0.983963	0.149841
1525657243.139587	1525657243.139587	-0.187119	0.920013	0.231888
1525657243.149600	1525657243.149600	-0.121933	0.888916	0.318466
1525657243.159551	1525657243.159551	-0.065399	0.896591	0.367157
1525657243.169543	1525657243.169543	-0.032501	0.924072	0.374191
1525657243.179523	1525657243.179523	-0.022751	0.955826	0.347900
1525657243.189519	1525657243.189519	-0.052734	1.000885	0.297165
1525657243.199441	1525657243.199441	-0.116592	1.049927	0.241165
1525657243.209526	1525657243.209526	-0.177719	1.057663	0.213913
1525657243.219911	1525657243.219911	-0.211960	1.009979	0.234329
1525657243.229437	1525657243.229437	-0.225311	0.943390	0.256180
1525657243.239460	1525657243.239460	-0.235504	0.897858	0.274185
1525657243.249437	1525657243.249437	-0.228302	0.897842	0.293304
1525657243.259466	1525657243.259466	-0.195633	0.932571	0.304428
1525657243.269392	1525657243.269392	-0.143326	0.966141	0.319031
1525657243.279361	1525657243.279361	-0.077896	0.982010	0.336349
1525657243.289294	1525657243.289294	-0.014008	0.989655	0.348480
1525657243.299408	1525657243.299408	0.036713	0.991562	0.338242
1525657243.309388	1525657243.309388	0.060043	0.983276	0.296036
1525657243.319375	1525657243.319375	0.050446	0.961121	0.241989
1525657243.329279	1525657243.329279	0.025711	0.938828	0.188889
1525657243.339327	1525657243.339327	0.002441	0.933914	0.162308
1525657243.349311	1525657243.349311	-0.009232	0.943283	0.186829
1525657243.359280	1525657243.359280	0.000443	0.964005	0.234283
1525657243.369305	1525657243.369305	0.014114	0.999710	0.271454
1525657243.379262	1525657243.379262	0.001602	1.036133	0.271530
1525657243.389214	1525657243.389214	-0.036270	1.036209	0.209183
1525657243.399198	1525657243.399198	-0.082153	0.996292	0.138657
1525657243.409136	1525657243.409136	-0.116852	0.951172	0.112808
1525657243.418980	1525657243.418980	-0.123749	0.949326	0.113281
1525657243.429098	1525657243.429098	-0.094727	0.995132	0.109863
1525657243.439127	1525657243.439127	-0.062042	1.016327	0.131653
1525657243.449206	1525657243.449206	-0.044708	0.975998	0.193893
1525657243.459206	1525657243.459206	-0.035782	0.936508	0.238724
1525657243.469185	1525657243.469185	-0.042892	0.944962	0.267883
1525657243.479231	1525657243.479231	-0.071762	0.991425	0.281250
1525657243.489144	1525657243.489144	-0.121979	1.013855	0.272369
1525657243.499122	1525657243.499122	-0.170486	0.977005	0.232788
1525657243.509094	1525657243.509094	-0.179199	0.929535	0.148438
1525657243.519078	1525657243.519078	-0.136841	0.930740	0.034851
1525657243.529065	1525657243.529065	-0.056122	0.961441	-0.052002
1525657243.539315	1525657243.539315	0.049301	0.985840	-0.084152
1525657243.549145	1525657243.549145	0.163437	1.012207	-0.047089
1525657243.559108	1525657243.559108	0.251480	1.030930	0.040665
1525657243.569091	1525657243.569091	0.291458	1.036758	0.139465
1525657243.581151	1525657243.581151	0.278931	1.037903	0.199677
1525657243.589096	1525657243.589096	0.207581	1.033737	0.192368
1525657243.598901	1525657243.598901	0.100937	1.018204	0.141846
1525657243.608890	1525657243.608890	0.004562	0.993271	0.102997
1525657243.618832	1525657243.618832	-0.049103	0.971146	0.083557
1525657243.629029	1525657243.629029	-0.054703	0.964386	0.075073
1525657243.639126	1525657243.639126	-0.027054	0.976120	0.078720
1525657243.649105	1525657243.649105	0.010040	0.995941	0.099655
1525657243.659024	1525657243.659024	0.035965	1.001511	0.132584
1525657243.669080	1525657243.669080	0.036713	0.998642	0.126785
1525657243.679269	1525657243.679269	0.015915	0.996445	0.089310
1525657243.689018	1525657243.689018	-0.012756	0.993652	0.083466
1525657243.698952	1525657243.698952	-0.034637	0.995712	0.097229
1525657243.708902	1525657243.708902	-0.037582	1.004761	0.087036
1525657243.718906	1525657243.718906	-0.036163	0.998016	0.070831
1525657243.728864	1525657243.728864	-0.035919	0.971573	0.073242
1525657243.738802	1525657243.738802	-0.034866	0.948776	0.087570
1525657243.748851	1525657243.748851	-0.041321	0.949509	0.081772
1525657243.758793	1525657243.758793	-0.061829	0.975525	0.065338
1525657243.768954	1525657243.768954	-0.088837	1.010712	0.044266
1525657243.778853	1525657243.778853	-0.108231	1.019302	0.021271
1525657243.788923	1525657243.788923	-0.104675	1.003433	0.007553
1525657243.798779	1525657243.798779	-0.084579	0.983902	0.013153
1525657243.808923	1525657243.808923	-0.056366	0.982880	0.032974
1525657243.818755	1525657243.818755	-0.030945	0.997238	0.073364
1525657243.828845	1525657243.828845	-0.005402	1.012161	0.105576
1525657243.838757	1525657243.838757	0.019379	1.014267	0.116547
1525657243.848885	1525657243.848885	0.027893	0.999664	0.125244
1525657243.858738	1525657243.858738	0.023392	0.969131	0.134018
1525657243.868901	1525657243.868901	0.020050	0.963745	0.107025
1525657243.878779	1525657243.878779	0.008469	0.989120	0.050446
1525657243.888885	1525657243.888885	-0.024719	1.020691	0.012573
1525657243.898540	1525657243.898540	-0.068802	1.012741	0.042404
1525657243.908632	1525657243.908632	-0.133850	0.980576	0.074051
1525657243.918553	1525657243.918553	-0.160828	0.964996	0.019012
1525657243.928662	1525657243.928662	-0.136002	0.974564	-0.033447
1525657243.938568	1525657243.938568	-0.104233	0.997345	-0.028717
1525657243.948558	1525657243.948558	-0.021255	1.036255	-0.034256
1525657243.958533	1525657243.958533	0.014648	1.015717	0.056320
1525657243.968518	1525657243.968518	0.012985	0.966095	0.105652
1525657243.978567	1525657243.978567	-0.013763	0.951172	0.074020
1525657243.988473	1525657243.988473	-0.051254	0.976593	0.053986
1525657243.998439	1525657243.998439	-0.074997	1.005707	0.049103
1525657244.008427	1525657244.008427	-0.085495	1.018753	0.053894
1525657244.018424	1525657244.018424	-0.091537	1.013535	0.046051
1525657244.028223	1525657244.028223	-0.099762	0.986862	0.028259
1525657244.038205	1525657244.038205	-0.111145	0.974411	0.018188
1525657244.048186	1525657244.048186	-0.104660	0.980179	0.020309
1525657244.058037	1525657244.058037	-0.076187	0.990585	0.029404
1525657244.067987	1525657244.067987	-0.052307	0.981522	0.026382
1525657244.078256	1525657244.078256	-0.001129	0.978897	0.041229
1525657244.088186	1525657244.088186	0.035202	0.995026	0.062302
1525657244.098081	1525657244.098081	0.038712	1.018860	0.076218
1525657244.108057	1525657244.108057	0.027359	1.030701	0.072830
1525657244.117991	1525657244.117991	0.009857	1.020584	0.055283
1525657244.128005	1525657244.128005	-0.015594	0.995575	0.034698
1525657244.137996	1525657244.137996	-0.045227	0.975922	0.029968
1525657244.147974	1525657244.147974	-0.077927	0.977341	0.040619
1525657244.157953	1525657244.157953	-0.098328	0.988022	0.046646
1525657244.167977	1525657244.167977	-0.100494	0.991943	0.045624
1525657244.177992	1525657244.177992	-0.100174	0.988068	0.053329
1525657244.187890	1525657244.187890	-0.087921	0.990677	0.061600
1525657244.197871	1525657244.197871	-0.061874	0.999023	0.065338
1525657244.207845	1525657244.207845	-0.039429	1.006912	0.062897
1525657244.217884	1525657244.217884	-0.026917	1.013168	0.059357
1525657244.227802	1525657244.227802	-0.023712	1.010681	0.046494
1525657244.237783	1525657244.237783	-0.032867	1.002350	0.034927
1525657244.247855	1525657244.247855	-0.047485	0.998001	0.042816
1525657244.257744	1525657244.257744	-0.049988	1.000885	0.057220
1525657244.267855	1525657244.267855	-0.045456	1.002182	0.065582
1525657244.278289	1525657244.278289	-0.043121	0.996490	0.066971
1525657244.290778	1525657244.290778	-0.048737	0.987061	0.072571
1525657244.327949	1525657244.327949	-0.055527	0.984589	0.088165
1525657244.328314	1525657244.328314	-0.046768	0.999573	0.059692
1525657244.328447	1525657244.328447	-0.042908	1.001541	0.028854
1525657244.328697	1525657244.328697	-0.049484	0.994446	0.045166
1525657244.338210	1525657244.338210	-0.053162	0.996841	0.049515
1525657244.347823	1525657244.347823	-0.058197	0.992004	0.045578
1525657244.357572	1525657244.357572	-0.065247	0.982697	0.038544
1525657244.367847	1525657244.367847	-0.067230	0.981476	0.040924
1525657244.377468	1525657244.377468	-0.072159	0.987427	0.046219
1525657244.387535	1525657244.387535	-0.074448	0.988327	0.051224
1525657244.397592	1525657244.397592	-0.064087	0.987915	0.055725
1525657244.407505	1525657244.407505	-0.052216	0.991486	0.059845
1525657244.417869	1525657244.417869	-0.044907	0.995026	0.064362
1525657244.427455	1525657244.427455	-0.044769	1.002869	0.068649
1525657244.437648	1525657244.437648	-0.045776	1.002289	0.062332
1525657244.447281	1525657244.447281	-0.053070	0.990616	0.054520
1525657244.457415	1525657244.457415	-0.070251	0.985031	0.053665
1525657244.467746	1525657244.467746	-0.077118	0.995621	0.057404
1525657244.477529	1525657244.477529	-0.082397	1.002243	0.056702
1525657244.487355	1525657244.487355	-0.090744	0.997681	0.050842
1525657244.497480	1525657244.497480	-0.087585	0.998383	0.045883
1525657244.507179	1525657244.507179	-0.082779	0.990585	0.038422
1525657244.517805	1525657244.517805	-0.077423	0.982941	0.039581
1525657244.529209	1525657244.529209	-0.071381	0.983856	0.044479
1525657244.537222	1525657244.537222	-0.065491	0.989944	0.049316
1525657244.547270	1525657244.547270	-0.061035	0.999786	0.058624
1525657244.557040	1525657244.557040	-0.061691	1.003647	0.057816
1525657244.567854	1525657244.567854	-0.064346	0.998901	0.045700
1525657244.580153	1525657244.580153	-0.064026	1.001663	0.039444
1525657244.587031	1525657244.587031	-0.062088	1.013306	0.038849
1525657244.597012	1525657244.597012	-0.058960	1.011963	0.044067
1525657244.607010	1525657244.607010	-0.064560	0.997208	0.049500
1525657244.618721	1525657244.618721	-0.065399	0.992645	0.055176
1525657244.626818	1525657244.626818	-0.067505	0.991287	0.064301
1525657244.636749	1525657244.636749	-0.065842	0.988571	0.075119
1525657244.646735	1525657244.646735	-0.060257	0.985550	0.078232
1525657244.656698	1525657244.656698	-0.057907	0.984360	0.064941
1525657244.668858	1525657244.668858	-0.055283	0.987213	0.049240
1525657244.677054	1525657244.677054	-0.050201	0.989838	0.040970
1525657244.686926	1525657244.686926	-0.041351	0.995331	0.042221
1525657244.697087	1525657244.697087	-0.029373	1.001389	0.045914
1525657244.706804	1525657244.706804	-0.021622	1.001511	0.045624
1525657244.719659	1525657244.719659	-0.015594	1.003677	0.053391
1525657244.726833	1525657244.726833	-0.011307	1.010040	0.070648
1525657244.736818	1525657244.736818	-0.014832	1.009857	0.085693
1525657244.746822	1525657244.746822	-0.033081	1.005676	0.086411
1525657244.757436	1525657244.757436	-0.057800	1.000717	0.079315
1525657244.767083	1525657244.767083	-0.069794	1.000305	0.077972
1525657244.776785	1525657244.776785	-0.074905	0.998657	0.076538
1525657244.786714	1525657244.786714	-0.078995	0.991547	0.071915
1525657244.796710	1525657244.796710	-0.079041	0.986176	0.059372
1525657244.807980	1525657244.807980	-0.085007	0.982880	0.053635
