1525657231.823744	1525657231.823744	-0.005432	-0.018094	0.004192
1525657231.829025	1525657231.829025	-0.006608	-0.020217	0.012692
1525657231.839213	1525657231.839213	0.000807	-0.025576	0.015976
1525657231.849246	1525657231.849246	0.013638	-0.024565	0.014004
1525657231.859076	1525657231.859076	0.019098	-0.016066	0.005556
1525657231.870323	1525657231.870323	0.013890	-0.002192	-0.001959
1525657231.879018	1525657231.879018	0.007463	0.003166	0.001156
1525657231.889109	1525657231.889109	0.002103	0.008519	0.004283
1525657231.899209	1525657231.899209	-0.005360	0.005353	0.003127
1525657231.909442	1525657231.909442	0.002066	-0.001072	0.005347
1525657231.918940	1525657231.918940	0.000867	-0.022380	0.011719
1525657231.928952	1525657231.928952	-0.008795	-0.030864	0.014794
1525657231.939005	1525657231.939005	-0.008739	-0.019142	0.012666
1525657231.949372	1525657231.949372	-0.006600	-0.017019	0.012692
1525657231.959049	1525657231.959049	-0.005528	-0.009563	0.013769
1525657231.968969	1525657231.968969	0.000798	-0.003191	0.021297
1525657231.979011	1525657231.979011	0.006061	-0.010672	0.025619
1525657231.989180	1525657231.989180	0.008221	-0.016012	0.022453
1525657232.003031	1525657232.003031	0.005164	-0.016004	0.010707
1525657232.009104	1525657232.009104	-0.003219	-0.007447	-0.000039
1525657232.019203	1525657232.019203	-0.007387	-0.004235	-0.007541
1525657232.029028	1525657232.029028	-0.004200	-0.014907	-0.008566
1525657232.038966	1525657232.038966	-0.003236	-0.035160	-0.004296
1525657232.048846	1525657232.048846	-0.002288	-0.061807	-0.000026
1525657232.058769	1525657232.058769	-0.001319	-0.085258	0.003180
1525657232.068774	1525657232.068774	-0.000255	-0.086328	0.003193
1525657232.078853	1525657232.078853	-0.001285	-0.076732	0.002115
1525657232.090077	1525657232.090077	-0.005444	-0.059664	-0.003258
1525657232.098872	1525657232.098872	-0.004241	-0.036224	-0.009630
1525657232.109138	1525657232.109138	-0.001015	-0.010657	-0.006398
1525657232.118743	1525657232.118743	-0.001059	0.003202	-0.000013
1525657232.130727	1525657232.130727	-0.010775	0.004313	0.009447
1525657232.138581	1525657232.138581	-0.006588	0.024551	0.020141
1525657232.148539	1525657232.148539	-0.009836	0.016039	0.022231
1525657232.158700	1525657232.158700	-0.010929	0.005385	0.022218
1525657232.168439	1525657232.168439	-0.007706	-0.006354	0.018000
1525657232.178776	1525657232.178776	-0.016186	-0.005254	0.013639
1525657232.188567	1525657232.188567	-0.020430	-0.000973	0.012522
1525657232.198422	1525657232.198422	-0.011769	0.007513	0.004113
1525657232.208659	1525657232.208659	-0.014888	0.013918	-0.001247
1525657232.220562	1525657232.220562	-0.026647	0.015035	0.000738
1525657232.228628	1525657232.228628	-0.019143	0.013936	-0.002363
1525657232.238296	1525657232.238296	-0.014630	0.012842	-0.022531
1525657232.248379	1525657232.248379	-0.037880	0.002273	-0.043038
1525657232.258417	1525657232.258417	-0.070715	-0.001860	-0.063662
1525657232.268250	1525657232.268250	-0.102339	0.020645	-0.090659
1525657232.278461	1525657232.278461	-0.116875	0.039878	-0.119575
1525657232.288275	1525657232.288275	-0.124125	0.069746	-0.131372
1525657232.298317	1525657232.298317	-0.144449	0.079427	-0.125235
1525657232.309268	1525657232.309268	-0.142438	0.129521	-0.104989
1525657232.318165	1525657232.318165	-0.076378	0.142035	-0.094602
1525657232.328241	1525657232.328241	0.048690	0.088200	-0.123937
1525657232.338138	1525657232.338138	-0.013456	0.101264	-0.100217
1525657232.348449	1525657232.348449	-0.104480	0.179474	-0.057694
1525657232.358297	1525657232.358297	-0.078766	0.223063	-0.057381
1525657232.368311	1525657232.368311	-0.065784	0.227265	-0.071059
1525657232.378273	1525657232.378273	-0.077751	0.233720	-0.050983
1525657232.388295	1525657232.388295	-0.084817	0.202863	-0.003172
1525657232.398363	1525657232.398363	-0.071797	0.134620	0.052336
1525657232.408277	1525657232.408277	-0.056510	0.067430	0.097228
1525657232.418197	1525657232.418197	-0.059132	0.049338	0.133384
1525657232.428350	1525657232.428350	-0.077782	0.073952	0.179987
1525657232.438695	1525657232.438695	-0.121174	0.096585	0.329531
1525657232.448274	1525657232.448274	-0.179353	0.139450	0.296887
1525657232.458943	1525657232.458943	-0.179252	0.267316	0.227701
1525657232.468132	1525657232.468132	-0.136008	0.338527	0.196297
1525657232.478200	1525657232.478200	-0.107211	0.272319	0.183879
1525657232.488362	1525657232.488362	-0.107367	0.131626	0.167916
1525657232.498132	1525657232.498132	-0.109302	-0.023995	0.120001
1525657232.508062	1525657232.508062	-0.084856	-0.145648	0.015996
1525657232.518026	1525657232.518026	-0.041617	-0.208780	-0.129290
1525657232.528106	1525657232.528106	-0.022089	-0.241956	-0.249323
1525657232.538627	1525657232.538627	-0.038653	-0.253630	-0.293164
1525657232.548037	1525657232.548037	-0.074087	-0.219362	-0.268054
1525657232.557944	1525657232.557944	-0.102218	-0.182987	-0.229017
1525657232.568311	1525657232.568311	-0.109901	-0.159497	-0.206761
1525657232.578004	1525657232.578004	-0.101115	-0.131830	-0.221555
1525657232.588116	1525657232.588116	-0.083636	-0.093546	-0.246887
1525657232.597927	1525657232.597927	-0.063027	-0.057406	-0.266859
1525657232.607831	1525657232.607831	-0.060790	-0.073407	-0.278539
1525657232.617895	1525657232.617895	-0.062916	-0.080860	-0.280693
1525657232.627916	1525657232.627916	-0.057726	-0.049965	-0.262537
1525657232.639332	1525657232.639332	-0.069829	0.022581	-0.217984
1525657232.647834	1525657232.647834	-0.098084	0.118651	-0.156600
1525657232.657741	1525657232.657741	-0.133672	0.227539	-0.103820
1525657232.667664	1525657232.667664	-0.178625	0.294887	-0.078828
1525657232.677796	1525657232.677796	-0.204234	0.314182	-0.074884
1525657232.687645	1525657232.687645	-0.216822	0.274789	-0.100581
1525657232.697654	1525657232.697654	-0.202504	0.208626	-0.150429
1525657232.707635	1525657232.707635	-0.174017	0.100821	-0.233097
1525657232.718393	1525657232.718393	-0.159082	-0.078354	-0.356375
1525657232.727695	1525657232.727695	-0.136363	-0.220266	-0.497652
1525657232.737625	1525657232.737625	-0.111737	-0.296092	-0.606978
1525657232.747625	1525657232.747625	-0.125219	-0.339751	-0.647587
1525657232.757880	1525657232.757880	-0.143898	-0.310873	-0.597791
1525657232.767562	1525657232.767562	-0.171729	-0.284064	-0.498083
1525657232.777945	1525657232.777945	-0.181130	-0.223236	-0.415180
1525657232.787518	1525657232.787518	-0.184761	-0.165646	-0.368394
1525657232.797523	1525657232.797523	-0.223680	-0.119628	-0.317782
1525657232.807465	1525657232.807465	-0.248156	-0.067258	-0.225484
1525657232.817868	1525657232.817868	-0.264290	-0.076739	-0.129889
1525657232.827404	1525657232.827404	-0.250018	-0.102357	-0.080753
1525657232.837562	1525657232.837562	-0.249665	-0.138612	-0.116936
1525657232.847559	1525657232.847559	-0.238000	-0.152555	-0.200877
1525657232.857473	1525657232.857473	-0.249796	-0.167465	-0.286170
1525657232.867845	1525657232.867845	-0.265213	-0.188739	-0.338511
1525657232.879802	1525657232.879802	-0.269329	-0.201518	-0.353462
1525657232.887597	1525657232.887597	-0.292652	-0.209951	-0.367584
1525657232.896897	1525657232.896897	-0.303135	-0.261077	-0.393255
1525657232.906810	1525657232.906810	-0.316823	-0.334573	-0.423222
1525657232.917083	1525657232.917083	-0.333747	-0.385670	-0.445779
1525657232.926938	1525657232.926938	-0.342829	-0.444275	-0.500171
1525657232.937197	1525657232.937197	-0.302687	-0.484975	-0.562476
1525657232.947228	1525657232.947228	-0.356453	-0.509286	-0.620608
1525657232.957137	1525657232.957137	-0.324908	-0.449751	-0.657477
1525657232.967020	1525657232.967020	-0.327733	-0.403919	-0.678800
1525657232.977163	1525657232.977163	-0.355547	-0.246044	-0.640828
1525657232.986867	1525657232.986867	-0.377689	-0.149989	-0.555953
1525657232.997109	1525657232.997109	-0.394725	-0.046486	-0.450793
1525657233.007124	1525657233.007124	-0.417917	0.077286	-0.361674
1525657233.017112	1525657233.017112	-0.438341	0.229803	-0.318290
1525657233.027031	1525657233.027031	-0.457146	0.321536	-0.332360
1525657233.036902	1525657233.036902	-0.484476	0.291792	-0.372074
1525657233.046987	1525657233.046987	-0.433983	0.270246	-0.404451
1525657233.056893	1525657233.056893	-0.368713	0.174031	-0.438774
1525657233.066944	1525657233.066944	-0.359109	0.065268	-0.461004
1525657233.076973	1525657233.076973	-0.374148	-0.017805	-0.469701
1525657233.087121	1525657233.087121	-0.406181	-0.038987	-0.472221
1525657233.096907	1525657233.096907	-0.406085	-0.000618	-0.472221
1525657233.106660	1525657233.106660	-0.413332	0.051634	-0.479761
1525657233.116763	1525657233.116763	-0.456926	0.121098	-0.478168
1525657233.126691	1525657233.126691	-0.466795	0.160588	-0.448488
1525657233.136497	1525657233.136497	-0.455774	0.172292	-0.387685
1525657233.146660	1525657233.146660	-0.442649	0.150946	-0.331113
1525657233.156672	1525657233.156672	-0.455816	0.114774	-0.308921
1525657233.166657	1525657233.166657	-0.475988	0.107395	-0.318747
1525657233.176794	1525657233.176794	-0.468043	0.089223	-0.361223
1525657233.186588	1525657233.186588	-0.460751	0.059314	-0.439896
1525657233.196695	1525657233.196695	-0.447935	0.047495	-0.530209
1525657233.206570	1525657233.206570	-0.444930	0.041055	-0.602549
1525657233.216642	1525657233.216642	-0.458439	0.038968	-0.632516
1525657233.226531	1525657233.226531	-0.489471	0.070014	-0.619060
1525657233.236505	1525657233.236505	-0.495158	0.111621	-0.581878
1525657233.246646	1525657233.246646	-0.493344	0.140405	-0.549926
1525657233.256485	1525657233.256485	-0.475192	0.182963	-0.542255
1525657233.266505	1525657233.266505	-0.631511	0.257156	-0.570778
1525657233.276553	1525657233.276553	-0.420309	0.513144	-0.512856
1525657233.286385	1525657233.286385	-0.454117	0.614536	-0.519659
1525657233.296484	1525657233.296484	-0.439986	0.572897	-0.549287
1525657233.306291	1525657233.306291	-0.439529	0.641096	-0.572699
1525657233.316431	1525657233.316431	-0.369817	0.656775	-0.598456
1525657233.326468	1525657233.326468	-0.320044	0.617100	-0.662772
1525657233.336313	1525657233.336313	-0.272092	0.545444	-0.759040
1525657233.346437	1525657233.346437	-0.187910	0.472570	-0.851671
1525657233.356323	1525657233.356323	-0.139971	0.479791	-0.930912
1525657233.366415	1525657233.366415	-0.198714	0.562079	-0.996559
1525657233.376727	1525657233.376727	-0.195829	0.653707	-1.039101
1525657233.387120	1525657233.387120	-0.182257	0.711180	-1.090026
1525657233.396234	1525657233.396234	-0.253106	0.786071	-1.127083
1525657233.407094	1525657233.407094	-0.333050	0.908987	-1.108906
1525657233.416263	1525657233.416263	-0.349276	1.033775	-1.065470
1525657233.426196	1525657233.426196	-0.364153	1.120174	-1.052882
1525657233.436138	1525657233.436138	-0.381814	1.237481	-1.068002
1525657233.446104	1525657233.446104	-0.416240	1.403880	-1.098231
1525657233.455851	1525657233.455851	-0.491098	1.582171	-1.135340
1525657233.465803	1525657233.465803	-0.593470	1.777626	-1.187687
1525657233.475888	1525657233.475888	-0.689287	1.982640	-1.250598
1525657233.485777	1525657233.485777	-0.778468	2.213199	-1.327266
1525657233.495675	1525657233.495675	-0.891894	2.472630	-1.422325
1525657233.505818	1525657233.505818	-1.004299	2.744849	-1.510985
1525657233.516027	1525657233.516027	-1.099054	2.942398	-1.574947
1525657233.526082	1525657233.526082	-1.185953	2.967261	-1.618585
1525657233.535881	1525657233.535881	-1.188924	2.766875	-1.678220
1525657233.546010	1525657233.546010	-1.099828	2.306005	-1.815482
1525657233.556059	1525657233.556059	-0.997158	1.631869	-2.059009
1525657233.565937	1525657233.565937	-0.900120	0.941740	-2.368593
1525657233.576047	1525657233.576047	-0.810640	0.382752	-2.644215
1525657233.585808	1525657233.585808	-0.741985	-0.031124	-2.758313
1525657233.595869	1525657233.595869	-0.715000	-0.472457	-2.699430
1525657233.605824	1525657233.605824	-0.706488	-1.010658	-2.546042
1525657233.615805	1525657233.615805	-0.622260	-1.483092	-2.375764
1525657233.625748	1525657233.625748	-0.545549	-1.734851	-2.156625
1525657233.635877	1525657233.635877	-0.378075	-1.640539	-1.785247
1525657233.645815	1525657233.645815	-0.127208	-1.294956	-1.202113
1525657233.656578	1525657233.656578	0.212633	-0.787670	-0.445470
1525657233.665722	1525657233.665722	0.575342	-0.239955	0.368927
1525657233.675428	1525657233.675428	0.874766	0.159842	1.093148
1525657233.685569	1525657233.685569	1.076506	0.417165	1.661846
1525657233.695661	1525657233.695661	1.186054	0.683345	2.093179
1525657233.705620	1525657233.705620	1.232798	1.098974	2.455620
1525657233.715621	1525657233.715621	1.243680	1.595750	2.800590
1525657233.725960	1525657233.725960	1.240459	1.935905	3.132621
1525657233.735458	1525657233.735458	1.216474	1.974515	3.443119
1525657233.745589	1525657233.745589	1.161875	1.690313	3.747931
1525657233.755973	1525657233.755973	1.083923	1.162152	4.080138
1525657233.765521	1525657233.765521	0.981838	0.499814	4.438663
1525657233.775401	1525657233.775401	0.871109	-0.253086	4.787505
1525657233.785622	1525657233.785622	0.793268	-0.977377	5.070759
1525657233.795308	1525657233.795308	0.756964	-1.486608	5.229984
1525657233.806292	1525657233.806292	0.757504	-1.744540	5.220419
1525657233.815291	1525657233.815291	0.821912	-1.775779	5.095613
1525657233.825323	1525657233.825323	0.969328	-1.666701	4.930309
1525657233.835021	1525657233.835021	1.155591	-1.584413	4.811248
1525657233.845441	1525657233.845441	1.337042	-1.567065	4.810274
1525657233.855433	1525657233.855433	1.467579	-1.569687	4.954495
1525657233.865317	1525657233.865317	1.496662	-1.611274	5.184753
1525657233.875158	1525657233.875158	1.418231	-1.671599	5.390282
1525657233.885155	1525657233.885155	1.261461	-1.682622	5.468191
1525657233.895260	1525657233.895260	1.055006	-1.664750	5.340071
1525657233.906599	1525657233.906599	0.838656	-1.621359	4.979799
1525657233.915079	1525657233.915079	0.660985	-1.555837	4.428414
1525657233.925106	1525657233.925106	0.551765	-1.449081	3.785267
1525657233.935032	1525657233.935032	0.483969	-1.379800	3.150078
1525657233.945230	1525657233.945230	0.475029	-1.305407	2.589049
1525657233.955036	1525657233.955036	0.480199	-1.222516	2.097376
1525657233.965111	1525657233.965111	0.423192	-1.112703	1.634744
1525657233.974987	1525657233.974987	0.264971	-0.999268	1.160230
1525657233.984975	1525657233.984975	0.068539	-0.744978	0.698016
1525657233.995058	1525657233.995058	-0.146297	-0.236915	0.309011
1525657234.004936	1525657234.004936	-0.351625	0.391598	0.039326
1525657234.014987	1525657234.014987	-0.482693	0.863161	-0.140040
1525657234.024913	1525657234.024913	-0.536690	1.015722	-0.317388
1525657234.034878	1525657234.034878	-0.574538	0.839910	-0.573292
1525657234.045071	1525657234.045071	-0.627598	0.411513	-0.945389
1525657234.055876	1525657234.055876	-0.698067	-0.070131	-1.387945
1525657234.064886	1525657234.064886	-0.712744	-0.252465	-1.707427
1525657234.074678	1525657234.074678	-0.031079	0.553745	-1.355326
1525657234.084742	1525657234.084742	0.556104	0.812814	-0.371070
1525657234.094868	1525657234.094868	0.031835	-0.828260	0.019573
1525657234.104903	1525657234.104903	-0.609708	-2.218702	-0.329891
1525657234.114706	1525657234.114706	-0.964182	-2.817566	-1.043071
1525657234.124696	1525657234.124696	-1.092348	-2.484844	-1.835467
1525657234.134656	1525657234.134656	-0.879762	-1.366907	-2.410848
1525657234.144814	1525657234.144814	-0.530439	-0.739638	-2.576892
1525657234.154625	1525657234.154625	-0.245525	-0.873971	-2.344566
1525657234.164525	1525657234.164525	-0.044471	-1.281706	-1.768405
1525657234.174450	1525657234.174450	-0.081577	-1.458146	-1.040832
1525657234.184353	1525657234.184353	-0.443278	-0.982048	-0.423685
1525657234.194438	1525657234.194438	-0.926555	-0.032329	-0.063486
1525657234.204459	1525657234.204459	-1.232307	0.962338	0.012571
1525657234.214233	1525657234.214233	-1.163868	1.628116	-0.124979
1525657234.224252	1525657234.224252	-0.821346	1.782165	-0.354953
1525657234.235207	1525657234.235207	-0.528390	1.537833	-0.539754
1525657234.244216	1525657234.244216	-0.515942	1.187110	-0.582165
1525657234.254118	1525657234.254118	-0.679149	0.787099	-0.493679
1525657234.264094	1525657234.264094	-0.808236	0.358165	-0.409031
1525657234.274092	1525657234.274092	-0.782439	-0.070407	-0.424668
1525657234.284214	1525657234.284214	-0.615308	-0.480449	-0.563107
1525657234.294047	1525657234.294047	-0.447762	-0.766903	-0.797336
1525657234.304175	1525657234.304175	-0.359968	-0.833451	-1.009132
1525657234.314066	1525657234.314066	-0.361723	-0.735433	-1.107078
1525657234.324046	1525657234.324046	-0.404257	-0.538065	-1.078866
1525657234.334076	1525657234.334076	-0.404200	-0.284343	-0.944764
1525657234.344201	1525657234.344201	-0.391122	-0.066886	-0.748769
1525657234.354904	1525657234.354904	-0.410520	0.082509	-0.528688
1525657234.364327	1525657234.364327	-0.420257	0.182828	-0.323389
1525657234.374185	1525657234.374185	-0.431340	0.294849	-0.179840
1525657234.384281	1525657234.384281	-0.453126	0.366374	-0.129019
1525657234.394113	1525657234.394113	-0.421417	0.413111	-0.181851
1525657234.404033	1525657234.404033	-0.334284	0.395622	-0.329795
1525657234.414171	1525657234.414171	-0.286399	0.296216	-0.513340
1525657234.424019	1525657234.424019	-0.293708	0.170425	-0.639020
1525657234.434163	1525657234.434163	-0.314956	0.075646	-0.665886
1525657234.444094	1525657234.444094	-0.332472	0.022442	-0.640554
1525657234.453988	1525657234.453988	-0.344545	0.012912	-0.615157
1525657234.463923	1525657234.463923	-0.352113	0.051320	-0.599285
1525657234.473984	1525657234.473984	-0.363835	0.103599	-0.589851
1525657234.484104	1525657234.484104	-0.369017	0.185690	-0.585659
1525657234.494033	1525657234.494033	-0.352745	0.282609	-0.587592
1525657234.504152	1525657234.504152	-0.342921	0.350777	-0.591731
1525657234.513968	1525657234.513968	-0.347271	0.375314	-0.580077
1525657234.523869	1525657234.523869	-0.351919	0.379612	-0.548203
1525657234.533968	1525657234.533968	-0.350072	0.379614	-0.524765
1525657234.543904	1525657234.543904	-0.331831	0.379533	-0.533057
1525657234.553637	1525657234.553637	-0.319262	0.446601	-0.587187
1525657234.563842	1525657234.563842	-0.305040	0.602111	-0.671102
1525657234.573793	1525657234.573793	-0.295200	0.764039	-0.744428
1525657234.583817	1525657234.583817	-0.316110	0.851517	-0.761716
1525657234.593848	1525657234.593848	-0.330553	0.909158	-0.703355
1525657234.603695	1525657234.603695	-0.347427	0.989204	-0.616286
1525657234.613755	1525657234.613755	-0.359770	1.038311	-0.556835
1525657234.623657	1525657234.623657	-0.360714	1.051101	-0.564297
1525657234.633620	1525657234.633620	-0.341716	1.045659	-0.635376
1525657234.643697	1525657234.643697	-0.293384	0.975054	-0.762506
1525657234.653559	1525657234.653559	-0.258664	0.840542	-0.923860
1525657234.663635	1525657234.663635	-0.324429	0.641444	-1.083248
1525657234.673567	1525657234.673567	-0.402612	0.446687	-1.186376
1525657234.683454	1525657234.683454	-0.394024	0.352849	-1.209684
1525657234.693607	1525657234.693607	-0.447416	0.276332	-1.222043
1525657234.703458	1525657234.703458	-0.439596	0.202738	-1.265584
1525657234.713728	1525657234.713728	-0.413052	0.092803	-1.364241
1525657234.723595	1525657234.723595	-0.451222	0.076929	-1.474337
1525657234.733494	1525657234.733494	-0.423721	0.215349	-1.513386
1525657234.743516	1525657234.743516	-0.402999	0.443349	-1.503560
1525657234.753356	1525657234.753356	-0.430576	0.591621	-1.486872
1525657234.763450	1525657234.763450	-0.499879	0.713427	-1.466436
1525657234.773561	1525657234.773561	-0.506152	0.874400	-1.444166
1525657234.783388	1525657234.783388	-0.481507	0.985146	-1.430032
1525657234.793415	1525657234.793415	-0.474984	1.081045	-1.420376
1525657234.803274	1525657234.803274	-0.403389	1.074342	-1.430143
1525657234.813340	1525657234.813340	-0.219540	1.009595	-1.469403
1525657234.824046	1525657234.824046	-0.313606	1.066454	-1.531223
1525657234.833270	1525657234.833270	-0.359628	1.282995	-1.562659
1525657234.843138	1525657234.843138	-0.327635	1.438443	-1.616555
1525657234.853145	1525657234.853145	-0.419997	1.598665	-1.709224
1525657234.863167	1525657234.863167	-0.561441	1.892334	-1.774825
1525657234.873240	1525657234.873240	-0.672456	2.285022	-1.778324
1525657234.883251	1525657234.883251	-0.759588	2.728795	-1.717670
1525657234.893115	1525657234.893115	-0.870858	3.171630	-1.603030
1525657234.903097	1525657234.903097	-1.030778	3.494247	-1.461307
1525657234.913160	1525657234.913160	-1.170855	3.520474	-1.344877
1525657234.923105	1525657234.923105	-1.243564	3.148826	-1.321275
1525657234.933029	1525657234.933029	-1.233590	2.411203	-1.414794
1525657234.942710	1525657234.942710	-1.168412	1.437750	-1.620453
1525657234.952722	1525657234.952722	-1.066690	0.466226	-1.934229
1525657234.962867	1525657234.962867	-1.017981	-0.420918	-2.345513
1525657234.972675	1525657234.972675	-1.075244	-1.178664	-2.790028
1525657234.982742	1525657234.982742	-1.083013	-1.762853	-3.145601
1525657234.992706	1525657234.992706	-0.962948	-2.034124	-3.246303
1525657235.002930	1525657235.002930	-0.636770	-2.003403	-2.951744
1525657235.012719	1525657235.012719	-0.127359	-1.735598	-2.236658
1525657235.022687	1525657235.022687	0.487675	-1.248547	-1.214816
1525657235.032610	1525657235.032610	0.953652	-0.732056	-0.126680
1525657235.042604	1525657235.042604	1.168792	-0.422387	0.839187
1525657235.052881	1525657235.052881	1.245386	-0.301944	1.578785
1525657235.062929	1525657235.062929	1.226065	-0.138579	2.056441
1525657235.073523	1525657235.073523	1.198103	0.312504	2.340269
1525657235.082812	1525657235.082812	1.248514	1.058453	2.557992
1525657235.092692	1525657235.092692	1.353184	1.696521	2.766803
1525657235.102661	1525657235.102661	1.454455	1.869915	2.984101
1525657235.112597	1525657235.112597	1.520879	1.537216	3.242498
1525657235.122945	1525657235.122945	1.516020	0.878724	3.591569
1525657235.132712	1525657235.132712	1.450959	0.127809	4.045277
1525657235.142725	1525657235.142725	1.343069	-0.612260	4.513362
1525657235.152556	1525657235.152556	1.197341	-1.339437	4.850068
1525657235.162518	1525657235.162518	1.095221	-1.957122	4.959531
1525657235.172973	1525657235.172973	1.106215	-2.338775	4.855371
1525657235.182586	1525657235.182586	1.203476	-2.479972	4.639435
1525657235.192437	1525657235.192437	1.320295	-2.495488	4.420542
1525657235.202442	1525657235.202442	1.423390	-2.451221	4.288757
1525657235.212388	1525657235.212388	1.532107	-2.351484	4.318821
1525657235.223549	1525657235.223549	1.645079	-2.197325	4.535199
1525657235.232476	1525657235.232476	1.710690	-2.052503	4.870206
1525657235.242386	1525657235.242386	1.658681	-1.924227	5.221869
1525657235.252354	1525657235.252354	1.495618	-1.784857	5.495538
1525657235.262440	1525657235.262440	1.268293	-1.617569	5.620476
1525657235.273785	1525657235.273785	1.029285	-1.457772	5.565394
1525657235.282377	1525657235.282377	0.813245	-1.361022	5.364778
1525657235.292104	1525657235.292104	0.611214	-1.350713	5.048321
1525657235.302248	1525657235.302248	0.476478	-1.277843	4.651793
1525657235.312249	1525657235.312249	0.453572	-1.037067	4.219376
1525657235.322100	1525657235.322100	0.490461	-0.734724	3.796203
1525657235.332293	1525657235.332293	0.496808	-0.418370	3.430132
1525657235.342183	1525657235.342183	0.425756	-0.064359	3.118459
1525657235.354283	1525657235.354283	0.300413	0.505190	2.840175
1525657235.362235	1525657235.362235	0.133317	1.359480	2.544342
1525657235.372581	1525657235.372581	-0.097855	2.238482	2.083814
1525657235.382167	1525657235.382167	-0.403212	2.853358	1.354167
1525657235.392054	1525657235.392054	-0.762115	3.155014	0.402489
1525657235.402052	1525657235.402052	-1.071236	3.139898	-0.583695
1525657235.412129	1525657235.412129	-1.194046	2.778770	-1.345138
1525657235.422124	1525657235.422124	-1.106660	2.015097	-1.752760
1525657235.432055	1525657235.432055	-1.075031	0.573872	-2.015226
1525657235.441957	1525657235.441957	-1.140718	-0.966100	-2.367220
1525657235.451930	1525657235.451930	-1.042094	-1.651991	-2.718296
1525657235.461929	1525657235.461929	-0.741616	-1.997540	-2.753991
1525657235.472108	1525657235.472108	-0.170224	-2.296036	-2.248873
1525657235.481938	1525657235.481938	0.172428	-2.353561	-1.314431
1525657235.491855	1525657235.491855	-0.184180	-2.347462	-0.599286
1525657235.501820	1525657235.501820	-0.654721	-2.445658	-0.621004
1525657235.511977	1525657235.511977	-0.938810	-2.496944	-1.219454
1525657235.521797	1525657235.521797	-0.785496	-2.063123	-2.060564
1525657235.531867	1525657235.531867	-0.404863	-1.702712	-2.832901
1525657235.541756	1525657235.541756	-0.166673	-1.853116	-3.231247
1525657235.551689	1525657235.551689	-0.208423	-1.785664	-2.945447
1525657235.561826	1525657235.561826	-0.515720	-1.141266	-2.031748
1525657235.571960	1525657235.571960	-0.847073	-0.141837	-1.085359
1525657235.581760	1525657235.581760	-0.916757	0.651622	-0.636012
1525657235.591654	1525657235.591654	-0.700583	0.965122	-0.623798
1525657235.601619	1525657235.601619	-0.499981	0.849074	-0.821440
1525657235.611940	1525657235.611940	-0.562026	0.722422	-1.008458
1525657235.621602	1525657235.621602	-0.758625	0.728558	-1.072596
1525657235.631556	1525657235.631556	-0.848490	0.671390	-1.065178
1525657235.641585	1525657235.641585	-0.770870	0.467482	-1.084446
1525657235.651485	1525657235.651485	-0.598013	0.173623	-1.144055
1525657235.661633	1525657235.661633	-0.486074	0.015397	-1.168226
1525657235.671432	1525657235.671432	-0.465656	0.101682	-1.075379
1525657235.681855	1525657235.681855	-0.441603	0.331873	-0.901602
1525657235.691428	1525657235.691428	-0.404775	0.535362	-0.730860
1525657235.701596	1525657235.701596	-0.382469	0.633373	-0.615640
1525657235.711510	1525657235.711510	-0.357647	0.633297	-0.551474
1525657235.722570	1525657235.722570	-0.303750	0.600044	-0.515690
1525657235.731510	1525657235.731510	-0.263647	0.513551	-0.497103
1525657235.741591	1525657235.741591	-0.248982	0.420765	-0.493728
1525657235.751381	1525657235.751381	-0.224465	0.318335	-0.512583
1525657235.761319	1525657235.761319	-0.177258	0.236050	-0.550320
1525657235.771319	1525657235.771319	-0.150077	0.205005	-0.597883
1525657235.781282	1525657235.781282	-0.167783	0.205064	-0.633223
1525657235.795252	1525657235.795252	-0.196308	0.217966	-0.653795
1525657235.802274	1525657235.802274	-0.273180	0.252403	-0.643029
1525657235.811358	1525657235.811358	-0.258643	0.322706	-0.596021
1525657235.821885	1525657235.821885	-0.260085	0.339780	-0.561980
1525657235.831238	1525657235.831238	-0.279456	0.418746	-0.532417
1525657235.841180	1525657235.841180	-0.289013	0.436905	-0.532535
1525657235.851329	1525657235.851329	-0.270441	0.376054	-0.580202
1525657235.861033	1525657235.861033	-0.205510	0.278747	-0.674133
1525657235.871045	1525657235.871045	-0.163932	0.139965	-0.786442
1525657235.881116	1525657235.881116	-0.167567	0.001389	-0.866309
1525657235.891029	1525657235.891029	-0.190120	-0.105100	-0.876161
1525657235.901157	1525657235.901157	-0.251626	-0.174097	-0.834337
1525657235.911088	1525657235.911088	-0.273847	-0.094028	-0.746269
1525657235.921115	1525657235.921115	-0.248370	0.110523	-0.693810
1525657235.930793	1525657235.930793	-0.259348	0.241648	-0.729072
1525657235.940923	1525657235.940923	-0.319137	0.316478	-0.797925
1525657235.951006	1525657235.951006	-0.340070	0.410351	-0.812020
1525657235.961063	1525657235.961063	-0.354485	0.474387	-0.754723
1525657235.970948	1525657235.970948	-0.390627	0.502288	-0.673211
1525657235.980904	1525657235.980904	-0.406458	0.493861	-0.602092
1525657235.990823	1525657235.990823	-0.417628	0.491794	-0.561783
1525657236.000848	1525657236.000848	-0.409052	0.487493	-0.565935
1525657236.010826	1525657236.010826	-0.419025	0.499235	-0.620340
1525657236.020737	1525657236.020737	-0.413449	0.532206	-0.720322
1525657236.030851	1525657236.030851	-0.387096	0.548017	-0.864753
1525657236.040889	1525657236.040889	-0.370251	0.471130	-1.035907
1525657236.050834	1525657236.050834	-0.377260	0.345327	-1.186063
1525657236.060701	1525657236.060701	-0.359342	0.287661	-1.266734
1525657236.070626	1525657236.070626	-0.334695	0.237455	-1.285589
1525657236.080720	1525657236.080720	-0.292284	0.194649	-1.272297
1525657236.090597	1525657236.090597	-0.278613	0.193532	-1.256164
1525657236.100710	1525657236.100710	-0.291274	0.255403	-1.255257
1525657236.110670	1525657236.110670	-0.312125	0.366328	-1.272545
1525657236.120540	1525657236.120540	-0.323190	0.478270	-1.304614
1525657236.130611	1525657236.130611	-0.353273	0.580694	-1.353946
1525657236.140500	1525657236.140500	-0.390603	0.708722	-1.416139
1525657236.150499	1525657236.150499	-0.395754	0.869649	-1.485390
1525657236.160547	1525657236.160547	-0.394533	1.008167	-1.556692
1525657236.170432	1525657236.170432	-0.403171	1.033750	-1.630239
1525657236.180514	1525657236.180514	-0.250924	0.994704	-1.697559
1525657236.190415	1525657236.190415	-0.307621	1.057800	-1.759987
1525657236.200442	1525657236.200442	-0.498914	1.339984	-1.765529
1525657236.210510	1525657236.210510	-0.566742	1.646170	-1.740823
1525657236.220357	1525657236.220357	-0.669408	1.958886	-1.745281
1525657236.230410	1525657236.230410	-0.797492	2.351646	-1.748989
1525657236.240303	1525657236.240303	-0.830108	2.816503	-1.691926
1525657236.250233	1525657236.250233	-0.848529	3.345281	-1.561252
1525657236.260422	1525657236.260422	-0.965786	3.851053	-1.380696
1525657236.270213	1525657236.270213	-1.144345	4.160977	-1.200884
1525657236.280198	1525657236.280198	-1.238597	4.109200	-1.095600
1525657236.290179	1525657236.290179	-1.197844	3.610214	-1.127017
1525657236.300245	1525657236.300245	-1.041715	2.758945	-1.328374
1525657236.310309	1525657236.310309	-0.840877	1.776306	-1.721828
1525657236.320124	1525657236.320124	-0.743793	0.772721	-2.273012
1525657236.330198	1525657236.330198	-0.678334	-0.213690	-2.852257
1525657236.340119	1525657236.340119	-0.555653	-1.104359	-3.292438
1525657236.350142	1525657236.350142	-0.385420	-1.840578	-3.489369
1525657236.360178	1525657236.360178	-0.174007	-2.312534	-3.422907
1525657236.370004	1525657236.370004	0.090445	-2.412624	-3.081203
1525657236.380086	1525657236.380086	0.402344	-2.228221	-2.461130
1525657236.390528	1525657236.390528	0.733074	-1.751748	-1.576874
1525657236.399832	1525657236.399832	0.995244	-1.046830	-0.537004
1525657236.410055	1525657236.410055	1.079124	-0.463731	0.485789
1525657236.419920	1525657236.419920	1.065153	-0.147809	1.341353
1525657236.430211	1525657236.430211	1.060237	0.002763	1.946908
1525657236.439948	1525657236.439948	1.108328	0.280913	2.345558
1525657236.449931	1525657236.449931	1.167231	0.848861	2.617673
1525657236.459992	1525657236.459992	1.246414	1.544592	2.828299
1525657236.470934	1525657236.470934	1.393674	2.059903	3.019540
1525657236.479905	1525657236.479905	1.574865	2.215907	3.242074
1525657236.490149	1525657236.490149	1.699797	1.992754	3.537372
1525657236.499850	1525657236.499850	1.660633	1.477245	3.928592
1525657236.509722	1525657236.509722	1.462328	0.798307	4.385991
1525657236.519733	1525657236.519733	1.206316	0.023686	4.830978
1525657236.529664	1525657236.529664	0.977391	-0.774555	5.150702
1525657236.539772	1525657236.539772	0.855814	-1.441180	5.270573
1525657236.549853	1525657236.549853	0.854697	-1.827032	5.196066
1525657236.559665	1525657236.559665	0.912291	-2.013887	4.986033
1525657236.571434	1525657236.571434	1.000610	-2.084720	4.730605
1525657236.579714	1525657236.579714	1.140474	-2.082198	4.550311
1525657236.591085	1525657236.591085	1.285959	-2.030600	4.530801
1525657236.603162	1525657236.603162	1.350439	-1.987111	4.676342
1525657236.610717	1525657236.610717	1.321820	-1.992209	4.920794
1525657236.619544	1525657236.619544	1.279246	-1.864006	5.199132
1525657236.629710	1525657236.629710	1.235700	-1.438454	5.443388
1525657236.639546	1525657236.639546	1.126787	-0.884783	5.562312
1525657236.649606	1525657236.649606	0.951285	-0.422559	5.523963
1525657236.659626	1525657236.659626	0.765150	-0.187369	5.349253
1525657236.669418	1525657236.669418	0.596464	-0.213413	5.090680
1525657236.679563	1525657236.679563	0.464103	-0.396302	4.796368
1525657236.689457	1525657236.689457	0.353888	-0.578209	4.523613
1525657236.699401	1525657236.699401	0.280837	-0.673929	4.283242
1525657236.709569	1525657236.709569	0.252688	-0.716548	4.046612
1525657236.719311	1525657236.719311	0.243052	-0.770984	3.777213
1525657236.729601	1525657236.729601	0.176672	-0.801761	3.441129
1525657236.739386	1525657236.739386	0.145278	-0.735759	2.969232
1525657236.749292	1525657236.749292	0.290005	-0.381726	2.377079
1525657236.759475	1525657236.759475	0.458803	0.517850	1.673446
1525657236.769207	1525657236.769207	0.313573	1.507124	0.753098
1525657236.779386	1525657236.779386	-0.173583	1.944625	-0.327876
1525657236.790352	1525657236.790352	-0.690870	1.619192	-1.282537
1525657236.799280	1525657236.799280	-0.920968	0.995379	-1.788774
1525657236.809136	1525657236.809136	-0.807068	0.262667	-1.828869
1525657236.819112	1525657236.819112	-0.551578	-0.563291	-1.687352
1525657236.829573	1525657236.829573	-0.364242	-1.310166	-1.714840
1525657236.839625	1525657236.839625	-0.354402	-1.901872	-2.028687
1525657236.849173	1525657236.849173	-0.611987	-2.346505	-2.519301
1525657236.859036	1525657236.859036	-0.805437	-2.157201	-2.889941
1525657236.870637	1525657236.870637	-0.765954	-1.418735	-2.826683
1525657236.879101	1525657236.879101	-0.724562	-0.768545	-2.328077
1525657236.889063	1525657236.889063	-0.575485	-0.187936	-1.488621
1525657236.899080	1525657236.899080	-0.546392	0.305835	-0.541001
1525657236.908989	1525657236.908989	-0.771421	0.411557	0.167235
1525657236.918888	1525657236.918888	-1.024697	0.091888	0.307836
1525657236.928872	1525657236.928872	-1.096903	-0.194702	-0.127297
1525657236.939049	1525657236.939049	-0.889794	-0.110665	-0.901748
1525657236.948828	1525657236.948828	-0.495616	0.036519	-1.690943
1525657236.958896	1525657236.958896	-0.140488	-0.360629	-2.191093
1525657236.968778	1525657236.968778	-0.068924	-1.078251	-2.256186
1525657236.979007	1525657236.979007	-0.240858	-1.577230	-1.911293
1525657236.989339	1525657236.989339	-0.570907	-1.515929	-1.436371
1525657236.998853	1525657236.998853	-0.829072	-1.212000	-1.118101
1525657237.008781	1525657237.008781	-0.901046	-0.866323	-1.008299
1525657237.018534	1525657237.018534	-0.869191	-0.604279	-1.029204
1525657237.028830	1525657237.028830	-0.830681	-0.433940	-1.089407
1525657237.039722	1525657237.039722	-0.808980	-0.331758	-1.184937
1525657237.048775	1525657237.048775	-0.825253	-0.269934	-1.324569
1525657237.058627	1525657237.058627	-0.820299	-0.220988	-1.457555
1525657237.068747	1525657237.068747	-0.733666	-0.271500	-1.571444
1525657237.079184	1525657237.079184	-0.564573	-0.405475	-1.639620
1525657237.089366	1525657237.089366	-0.446691	-0.611675	-1.636043
1525657237.098843	1525657237.098843	-0.464584	-0.882270	-1.537268
1525657237.108512	1525657237.108512	-0.486211	-1.005735	-1.365103
1525657237.121825	1525657237.121825	-0.473157	-0.912988	-1.192520
1525657237.128698	1525657237.128698	-0.474178	-0.705095	-1.066944
1525657237.139749	1525657237.139749	-0.417842	-0.433520	-0.993887
1525657237.148508	1525657237.148508	-0.386745	-0.198093	-0.958390
1525657237.158539	1525657237.158539	-0.393339	0.027914	-0.896745
1525657237.168354	1525657237.168354	-0.403011	0.136719	-0.781916
1525657237.178336	1525657237.178336	-0.413492	0.115517	-0.627711
1525657237.188380	1525657237.188380	-0.440904	0.092250	-0.485422
1525657237.198448	1525657237.198448	-0.432261	0.074127	-0.410810
1525657237.208467	1525657237.208467	-0.375334	0.065345	-0.443109
1525657237.218285	1525657237.218285	-0.333372	0.132267	-0.544776
1525657237.228424	1525657237.228424	-0.317821	0.272839	-0.653155
1525657237.238170	1525657237.238170	-0.322376	0.344245	-0.702173
1525657237.248291	1525657237.248291	-0.341063	0.353938	-0.655570
1525657237.258130	1525657237.258130	-0.343771	0.313505	-0.530008
1525657237.268214	1525657237.268214	-0.328396	0.241020	-0.406352
1525657237.278277	1525657237.278277	-0.324794	0.188800	-0.362667
1525657237.288112	1525657237.288112	-0.319906	0.170636	-0.416889
1525657237.298150	1525657237.298150	-0.313102	0.184410	-0.533886
1525657237.308075	1525657237.308075	-0.294341	0.239696	-0.660317
1525657237.318054	1525657237.318054	-0.274824	0.290726	-0.762258
1525657237.328143	1525657237.328143	-0.281634	0.298192	-0.814495
1525657237.338630	1525657237.338630	-0.294371	0.292914	-0.821037
1525657237.348100	1525657237.348100	-0.287105	0.327000	-0.797533
1525657237.358231	1525657237.358231	-0.291599	0.393113	-0.765660
1525657237.368132	1525657237.368132	-0.328053	0.482811	-0.733113
1525657237.378359	1525657237.378359	-0.357277	0.607661	-0.673870
1525657237.388196	1525657237.388196	-0.369808	0.681291	-0.594199
1525657237.397977	1525657237.397977	-0.401470	0.715560	-0.528597
1525657237.407894	1525657237.407894	-0.416631	0.725226	-0.508560
1525657237.417649	1525657237.417649	-0.432228	0.689037	-0.549195
1525657237.428032	1525657237.428032	-0.427006	0.679386	-0.628958
1525657237.437955	1525657237.437955	-0.437332	0.621820	-0.755741
1525657237.447918	1525657237.447918	-0.680140	0.530061	-0.900268
1525657237.459124	1525657237.459124	-0.353996	0.719447	-0.918636
1525657237.467870	1525657237.467870	-0.261581	0.701937	-1.062258
1525657237.477909	1525657237.477909	-0.415926	0.480832	-1.224857
1525657237.487927	1525657237.487927	-0.417817	0.426470	-1.255745
1525657237.497646	1525657237.497646	-0.286031	0.412072	-1.215816
1525657237.507720	1525657237.507720	-0.236075	0.285024	-1.225845
1525657237.517641	1525657237.517641	-0.269692	0.238248	-1.278408
1525657237.527792	1525657237.527792	-0.265558	0.329864	-1.335835
1525657237.539293	1525657237.539293	-0.235669	0.444816	-1.400399
1525657237.548006	1525657237.548006	-0.240976	0.564179	-1.465394
1525657237.561673	1525657237.561673	-0.264791	0.712415	-1.494427
1525657237.567513	1525657237.567513	-0.294380	0.899064	-1.479894
1525657237.577324	1525657237.577324	-0.361592	1.050708	-1.449854
1525657237.587314	1525657237.587314	-0.405244	1.222500	-1.422720
1525657237.597261	1525657237.597261	-0.407005	1.371721	-1.422746
1525657237.607320	1525657237.607320	-0.366890	1.450404	-1.458446
1525657237.617430	1525657237.617430	-0.411703	1.609376	-1.513281
1525657237.627406	1525657237.627406	-0.595838	1.990631	-1.560248
1525657237.637379	1525657237.637379	-0.625440	2.473563	-1.571269
1525657237.647544	1525657237.647544	-0.693765	2.867135	-1.575310
1525657237.657247	1525657237.657247	-0.849661	3.309047	-1.563393
1525657237.666925	1525657237.666925	-0.892794	3.824040	-1.508590
1525657237.676809	1525657237.676809	-0.947109	4.259157	-1.428376
1525657237.687059	1525657237.687059	-1.075759	4.473973	-1.335229
1525657237.697088	1525657237.697088	-1.122828	4.247178	-1.284708
1525657237.707141	1525657237.707141	-1.000799	3.449387	-1.391756
1525657237.716934	1525657237.716934	-0.786181	2.317505	-1.721176
1525657237.727031	1525657237.727031	-0.613139	1.054613	-2.254393
1525657237.737015	1525657237.737015	-0.532248	-0.197253	-2.840892
1525657237.746945	1525657237.746945	-0.496348	-1.107792	-3.256589
1525657237.756984	1525657237.756984	-0.471644	-1.757039	-3.402084
1525657237.767501	1525657237.767501	-0.422391	-2.321041	-3.356761
1525657237.777209	1525657237.777209	-0.336148	-2.878791	-3.281184
1525657237.787302	1525657237.787302	-0.299142	-3.318011	-3.168961
1525657237.797155	1525657237.797155	-0.018007	-3.281762	-2.854730
1525657237.807264	1525657237.807264	0.554106	-2.680663	-2.225101
1525657237.817096	1525657237.817096	1.261003	-1.686713	-1.281978
1525657237.827270	1525657237.827270	1.779660	-0.680144	-0.126157
1525657237.836976	1525657237.836976	1.963192	0.052888	1.067083
1525657237.847105	1525657237.847105	1.901652	0.521498	2.091293
1525657237.856939	1525657237.856939	1.744958	0.899801	2.851446
1525657237.866836	1525657237.866836	1.592178	1.399496	3.404093
1525657237.877085	1525657237.877085	1.487231	2.003376	3.818955
1525657237.887830	1525657237.887830	1.443264	2.511020	4.114294
1525657237.896941	1525657237.896941	1.474313	2.761450	4.330730
1525657237.906785	1525657237.906785	1.567811	2.729168	4.530910
1525657237.916946	1525657237.916946	1.633321	2.374084	4.772267
1525657237.926918	1525657237.926918	1.557510	1.676435	5.069382
1525657237.936838	1525657237.936838	1.333218	0.696997	5.409392
1525657237.946748	1525657237.946748	1.092773	-0.358047	5.746014
1525657237.956813	1525657237.956813	0.927452	-1.221601	5.999464
1525657237.966766	1525657237.966766	0.854699	-1.760555	6.079482
1525657237.976899	1525657237.976899	0.832090	-2.063208	5.947234
1525657237.987722	1525657237.987722	0.852436	-2.313902	5.629247
1525657237.996759	1525657237.996759	1.058236	-2.570745	5.240088
1525657238.006614	1525657238.006614	1.493448	-2.765635	4.950591
1525657238.016731	1525657238.016731	1.947642	-2.989300	4.847588
1525657238.026744	1525657238.026744	2.189608	-3.386797	4.873976
1525657238.036589	1525657238.036589	2.199487	-3.832319	4.934779
1525657238.046726	1525657238.046726	2.069549	-4.139784	4.939585
1525657238.056550	1525657238.056550	1.861873	-4.261534	4.795489
1525657238.066624	1525657238.066624	1.592966	-4.158220	4.469696
1525657238.076634	1525657238.076634	1.278106	-3.754200	4.036895
1525657238.086915	1525657238.086915	0.934307	-3.065495	3.585639
1525657238.097179	1525657238.097179	0.608692	-2.300124	3.146310
1525657238.106354	1525657238.106354	0.341226	-1.689537	2.719405
1525657238.116505	1525657238.116505	0.179006	-1.124150	2.315076
1525657238.126508	1525657238.126508	0.363139	-0.214867	2.016086
1525657238.136372	1525657238.136372	0.593156	0.777402	1.820899
1525657238.146441	1525657238.146441	0.347150	1.418883	1.564553
1525657238.156464	1525657238.156464	-0.222581	1.914582	1.138212
1525657238.166398	1525657238.166398	-0.739649	2.249014	0.474103
1525657238.176428	1525657238.176428	-0.973433	2.342355	-0.368538
1525657238.186309	1525657238.186309	-0.915778	2.186135	-1.186320
1525657238.196357	1525657238.196357	-0.696335	1.752224	-1.766891
1525657238.206490	1525657238.206490	-0.486743	1.151173	-2.013370
1525657238.216313	1525657238.216313	-0.400105	0.506002	-1.987810
1525657238.226329	1525657238.226329	-0.430009	-0.004322	-1.828506
1525657238.236288	1525657238.236288	-0.600619	-0.357404	-1.735854
1525657238.246245	1525657238.246245	-0.876865	-0.646160	-1.804150
1525657238.256161	1525657238.256161	-1.086214	-0.639973	-1.872701
1525657238.266065	1525657238.266065	-0.920619	0.159890	-1.552457
1525657238.276232	1525657238.276232	0.125491	2.238521	-0.466851
1525657238.286248	1525657238.286248	0.169755	2.158800	0.432011
1525657238.296178	1525657238.296178	-0.700797	0.013784	0.330958
1525657238.306027	1525657238.306027	-1.143171	-1.537533	-0.369432
1525657238.316079	1525657238.316079	-1.257104	-2.165227	-1.299991
1525657238.326525	1525657238.326525	-1.256919	-1.724379	-2.182356
1525657238.337230	1525657238.337230	-0.947775	-0.905247	-2.687363
1525657238.346058	1525657238.346058	-0.769610	-0.933755	-2.777782
1525657238.355935	1525657238.355935	-0.656898	-2.007392	-2.529439
1525657238.366021	1525657238.366021	-0.475528	-2.982048	-1.942858
1525657238.376023	1525657238.376023	-0.619442	-2.779673	-1.216603
1525657238.385861	1525657238.385861	-0.880582	-1.522781	-0.635503
1525657238.395937	1525657238.395937	-0.953162	-0.147492	-0.440591
1525657238.406703	1525657238.406703	-0.843076	0.542584	-0.662781
1525657238.415876	1525657238.415876	-0.849648	0.566939	-1.079026
1525657238.425788	1525657238.425788	-1.098179	0.506091	-1.272584
1525657238.435834	1525657238.435834	-1.283955	0.562390	-1.077952
1525657238.445782	1525657238.445782	-1.250398	0.543239	-0.685857
1525657238.456403	1525657238.456403	-1.067034	0.320913	-0.369621
1525657238.465778	1525657238.465778	-0.825334	0.119554	-0.281510
1525657238.476114	1525657238.476114	-0.666741	0.125212	-0.422195
1525657238.485657	1525657238.485657	-0.615150	0.258100	-0.686593
1525657238.495816	1525657238.495816	-0.601135	0.317609	-0.947191
1525657238.506641	1525657238.506641	-0.597496	0.309011	-1.071676
1525657238.515818	1525657238.515818	-0.600388	0.271744	-1.017429
1525657238.525606	1525657238.525606	-0.585976	0.142806	-0.826728
1525657238.535629	1525657238.535629	-0.507641	0.030654	-0.624603
1525657238.545633	1525657238.545633	-0.439579	-0.018620	-0.529041
1525657238.558646	1525657238.558646	-0.412370	0.023881	-0.563833
1525657238.565484	1525657238.565484	-0.397054	0.085586	-0.669019
1525657238.576802	1525657238.576802	-0.397844	0.132440	-0.769080
1525657238.585455	1525657238.585455	-0.383461	0.123833	-0.812542
1525657238.595494	1525657238.595494	-0.374278	0.050262	-0.793269
1525657238.606657	1525657238.606657	-0.357010	0.016111	-0.729196
1525657238.615460	1525657238.615460	-0.340679	0.002212	-0.671520
1525657238.625453	1525657238.625453	-0.322837	0.014938	-0.644693
1525657238.635319	1525657238.635319	-0.320677	0.077817	-0.634025
1525657238.645427	1525657238.645427	-0.330259	0.153536	-0.620308
1525657238.656517	1525657238.656517	-0.340238	0.232469	-0.573601
1525657238.665364	1525657238.665364	-0.355871	0.282658	-0.506739
1525657238.675231	1525657238.675231	-0.373592	0.304075	-0.449481
1525657238.685211	1525657238.685211	-0.365240	0.356276	-0.423836
1525657238.695346	1525657238.695346	-0.343559	0.383885	-0.445923
1525657238.706264	1525657238.706264	-0.333324	0.417927	-0.490502
1525657238.715127	1525657238.715127	-0.325420	0.466910	-0.515951
1525657238.725247	1525657238.725247	-0.323395	0.543650	-0.491449
1525657238.735121	1525657238.735121	-0.342228	0.609842	-0.421433
1525657238.745275	1525657238.745275	-0.378211	0.691032	-0.342049
1525657238.755292	1525657238.755292	-0.504373	0.765125	-0.306342
1525657238.765168	1525657238.765168	-0.519313	0.904822	-0.277791
1525657238.775014	1525657238.775014	-0.357156	1.025608	-0.337544
1525657238.785008	1525657238.785008	-0.404179	0.902088	-0.530765
1525657238.795090	1525657238.795090	-0.502250	0.874709	-0.718226
1525657238.805908	1525657238.805908	-0.406671	0.831605	-0.863937
1525657238.814997	1525657238.814997	-0.315288	0.619038	-1.050140
1525657238.824934	1525657238.824934	-0.315353	0.339695	-1.275776
1525657238.834909	1525657238.834909	-0.281367	0.171065	-1.471198
1525657238.845017	1525657238.845017	-0.249911	0.063217	-1.621948
1525657238.854928	1525657238.854928	-0.235056	-0.017891	-1.718621
1525657238.864942	1525657238.864942	-0.238854	-0.017892	-1.756984
1525657238.874785	1525657238.874785	-0.251606	0.106872	-1.735857
1525657238.884879	1525657238.884879	-0.265819	0.324389	-1.663661
1525657238.894904	1525657238.894904	-0.286661	0.581382	-1.564938
1525657238.904760	1525657238.904760	-0.310572	0.865030	-1.471576
1525657238.914849	1525657238.914849	-0.366282	1.122159	-1.400953
1525657238.924733	1525657238.924733	-0.421698	1.397395	-1.350550
1525657238.934721	1525657238.934721	-0.428765	1.537044	-1.354898
1525657238.944938	1525657238.944938	-0.259511	1.545894	-1.407111
1525657238.954891	1525657238.954891	-0.229808	1.492440	-1.490830
1525657238.964754	1525657238.964754	-0.437972	1.681954	-1.531699
1525657238.974692	1525657238.974692	-0.424662	2.010178	-1.506002
1525657238.984726	1525657238.984726	-0.424217	2.198825	-1.503873
1525657238.994601	1525657238.994601	-0.533715	2.417786	-1.492447
1525657239.004655	1525657239.004655	-0.631553	2.720907	-1.457465
1525657239.014617	1525657239.014617	-0.683530	3.018505	-1.421921
1525657239.024588	1525657239.024588	-0.778197	3.268318	-1.395414
1525657239.034585	1525657239.034585	-0.906017	3.365850	-1.393787
1525657239.044550	1525657239.044550	-0.960164	3.205119	-1.448727
1525657239.054530	1525657239.054530	-0.852470	2.787856	-1.614501
1525657239.064565	1525657239.064565	-0.655970	2.179370	-1.926065
1525657239.074484	1525657239.074484	-0.410545	1.503492	-2.325370
1525657239.084519	1525657239.084519	-0.239761	0.740563	-2.659595
1525657239.094422	1525657239.094422	-0.197473	0.011318	-2.776135
1525657239.104399	1525657239.104399	-0.260687	-0.645950	-2.627878
1525657239.114385	1525657239.114385	-0.299097	-1.225445	-2.311151
1525657239.124386	1525657239.124386	-0.250611	-1.785074	-2.028486
1525657239.134512	1525657239.134512	-0.206787	-2.296780	-1.877859
1525657239.144367	1525657239.144367	-0.089314	-2.425114	-1.738052
1525657239.154345	1525657239.154345	0.211585	-2.127822	-1.416137
1525657239.164936	1525657239.164936	0.637652	-1.537832	-0.800002
1525657239.174312	1525657239.174312	0.970390	-0.987854	0.022543
1525657239.184805	1525657239.184805	1.063181	-0.767254	0.853871
1525657239.194144	1525657239.194144	1.047993	-0.700782	1.583834
1525657239.204591	1525657239.204591	1.020607	-0.571431	2.190179
1525657239.214205	1525657239.214205	1.040767	-0.206777	2.708757
1525657239.224612	1525657239.224612	1.111320	0.392113	3.168341
1525657239.234203	1525657239.234203	1.190046	0.996273	3.571613
1525657239.244230	1525657239.244230	1.231826	1.460941	3.913769
1525657239.254140	1525657239.254140	1.218213	1.765956	4.215871
1525657239.264103	1525657239.264103	1.189988	1.878131	4.539087
1525657239.274086	1525657239.274086	1.129793	1.776232	4.902365
1525657239.285378	1525657239.285378	1.040911	1.357915	5.278073
1525657239.293966	1525657239.293966	0.928576	0.763823	5.616248
1525657239.303928	1525657239.303928	0.832525	0.254885	5.862020
1525657239.314034	1525657239.314034	0.797480	-0.001777	5.970164
1525657239.323989	1525657239.323989	0.825745	-0.073332	5.913036
1525657239.334142	1525657239.334142	0.867461	-0.215357	5.701744
1525657239.343949	1525657239.343949	0.886031	-0.603519	5.413541
1525657239.353725	1525657239.353725	0.903596	-1.106758	5.183870
1525657239.363920	1525657239.363920	0.931557	-1.498073	5.086303
1525657239.373787	1525657239.373787	0.958573	-1.693222	5.105797
1525657239.384255	1525657239.384255	0.981420	-1.760448	5.143332
1525657239.393846	1525657239.393846	0.987399	-1.763694	5.090187
1525657239.403770	1525657239.403770	0.951707	-1.742324	4.872621
1525657239.413752	1525657239.413752	0.882602	-1.724075	4.507764
1525657239.423686	1525657239.423686	0.795212	-1.755880	4.057537
1525657239.433680	1525657239.433680	0.666133	-1.846130	3.601480
1525657239.443640	1525657239.443640	0.495888	-1.972423	3.188559
1525657239.453475	1525657239.453475	0.335928	-2.090218	2.808758
1525657239.463733	1525657239.463733	0.255681	-2.136964	2.382035
1525657239.473698	1525657239.473698	0.350949	-2.023562	1.858468
1525657239.483557	1525657239.483557	0.535097	-1.737912	1.257220
1525657239.493717	1525657239.493717	0.513913	-1.478059	0.601308
1525657239.503635	1525657239.503635	0.247214	-1.245938	-0.052285
1525657239.513712	1525657239.513712	-0.089334	-1.036953	-0.670543
1525657239.523563	1525657239.523563	-0.332904	-0.898678	-1.228057
1525657239.533597	1525657239.533597	-0.419097	-0.878264	-1.678271
1525657239.543601	1525657239.543601	-0.384592	-0.971274	-1.987575
1525657239.553516	1525657239.553516	-0.323511	-1.162380	-2.134768
1525657239.563529	1525657239.563529	-0.300735	-1.336193	-2.113197
1525657239.573537	1525657239.573537	-0.371182	-1.425351	-1.955466
1525657239.583427	1525657239.583427	-0.521988	-1.390510	-1.745504
1525657239.593453	1525657239.593453	-0.733007	-1.262702	-1.566084
1525657239.603494	1525657239.603494	-0.983646	-1.084662	-1.452076
1525657239.613453	1525657239.613453	-1.208799	-0.708467	-1.287737
1525657239.623828	1525657239.623828	-0.932045	0.691060	-0.773502
1525657239.633589	1525657239.633589	0.266869	3.624839	0.207510
1525657239.643194	1525657239.643194	-0.287539	2.759727	0.429593
1525657239.653272	1525657239.653272	-1.308198	0.243218	-0.036232
1525657239.663360	1525657239.663360	-1.455232	-1.047133	-0.664898
1525657239.673374	1525657239.673374	-1.253153	-1.115432	-1.321262
1525657239.683280	1525657239.683280	-1.133078	-0.401053	-1.917985
1525657239.693224	1525657239.693224	-1.074256	-0.062545	-2.295123
1525657239.703212	1525657239.703212	-1.151759	-0.751871	-2.467412
1525657239.713254	1525657239.713254	-0.922625	-1.826045	-2.315566
1525657239.723181	1525657239.723181	-0.520438	-2.578942	-1.852950
1525657239.733156	1525657239.733156	-0.353536	-2.616701	-1.287861
1525657239.743147	1525657239.743147	-0.493669	-1.950811	-0.775510
1525657239.753124	1525657239.753124	-0.753667	-0.974337	-0.431739
1525657239.763182	1525657239.763182	-0.813585	-0.136314	-0.334577
1525657239.773073	1525657239.773073	-0.701545	0.436550	-0.479041
1525657239.783053	1525657239.783053	-0.685905	0.745454	-0.734305
1525657239.793049	1525657239.793049	-0.917079	0.846540	-0.918077
1525657239.802890	1525657239.802890	-1.170387	0.850829	-0.882858
1525657239.812953	1525657239.812953	-1.149906	0.771975	-0.654833
1525657239.823280	1525657239.823280	-0.970994	0.594404	-0.401450
1525657239.832989	1525657239.832989	-0.821315	0.457399	-0.279343
1525657239.842889	1525657239.842889	-0.750146	0.446410	-0.342333
1525657239.853472	1525657239.853472	-0.705836	0.571900	-0.536573
1525657239.862847	1525657239.862847	-0.637552	0.747368	-0.761387
1525657239.873230	1525657239.873230	-0.558282	0.836478	-0.942426
1525657239.882809	1525657239.882809	-0.505984	0.791448	-1.039706
1525657239.893329	1525657239.893329	-0.498812	0.667783	-1.040678
1525657239.902765	1525657239.902765	-0.483021	0.573963	-0.955334
1525657239.941251	1525657239.941251	-0.446406	0.540830	-0.815454
1525657239.941372	1525657239.941372	-0.418205	0.508795	-0.685256
1525657239.941465	1525657239.941465	-0.370255	0.455337	-0.603777
1525657239.942722	1525657239.942722	-0.317287	0.419951	-0.579712
1525657239.952585	1525657239.952585	-0.300138	0.425205	-0.584824
1525657239.962531	1525657239.962531	-0.293826	0.478477	-0.566654
1525657239.972653	1525657239.972653	-0.288168	0.541368	-0.493146
1525657239.982634	1525657239.982634	-0.283034	0.566974	-0.384520
1525657239.992657	1525657239.992657	-0.273724	0.540337	-0.279034
1525657240.002593	1525657240.002593	-0.260590	0.491277	-0.228846
1525657240.012446	1525657240.012446	-0.242440	0.460288	-0.236074
1525657240.022655	1525657240.022655	-0.225909	0.426089	-0.285896
1525657240.032497	1525657240.032497	-0.207083	0.378018	-0.351654
1525657240.042614	1525657240.042614	-0.186298	0.322484	-0.404616
1525657240.052453	1525657240.052453	-0.179736	0.303264	-0.421565
1525657240.062599	1525657240.062599	-0.171548	0.253145	-0.403369
1525657240.072409	1525657240.072409	-0.162473	0.214753	-0.368133
1525657240.082393	1525657240.082393	-0.168350	0.164700	-0.334144
1525657240.092368	1525657240.092368	-0.171916	0.117829	-0.313964
1525657240.102804	1525657240.102804	-0.201854	0.101970	-0.312201
1525657240.112388	1525657240.112388	-0.218911	0.159600	-0.301767
1525657240.122190	1525657240.122190	-0.180239	0.280940	-0.298105
1525657240.132289	1525657240.132289	-0.211021	0.297053	-0.308061
1525657240.142406	1525657240.142406	-0.297330	0.334722	-0.310182
1525657240.152326	1525657240.152326	-0.357094	0.405326	-0.294950
1525657240.162400	1525657240.162400	-0.377350	0.448048	-0.287749
1525657240.172199	1525657240.172199	-0.383223	0.460845	-0.328267
1525657240.182183	1525657240.182183	-0.420506	0.383151	-0.436220
1525657240.192305	1525657240.192305	-0.379427	0.236888	-0.596432
1525657240.202138	1525657240.202138	-0.354884	0.058700	-0.806869
1525657240.212313	1525657240.212313	-0.370293	-0.103352	-1.062499
1525657240.222097	1525657240.222097	-0.343822	-0.218692	-1.330390
1525657240.232082	1525657240.232082	-0.282359	-0.368282	-1.587208
1525657240.242207	1525657240.242207	-0.234194	-0.444249	-1.788845
1525657240.252037	1525657240.252037	-0.219200	-0.396388	-1.870619
1525657240.262218	1525657240.262218	-0.222884	-0.214085	-1.794036
1525657240.271961	1525657240.271961	-0.258948	0.045154	-1.584806
1525657240.281853	1525657240.281853	-0.300780	0.323619	-1.336266
1525657240.292095	1525657240.292095	-0.331250	0.587088	-1.147191
1525657240.301934	1525657240.301934	-0.358171	0.827040	-1.078344
1525657240.312097	1525657240.312097	-0.376441	1.012551	-1.116890
1525657240.321895	1525657240.321895	-0.381182	1.123364	-1.229774
1525657240.331873	1525657240.331873	-0.388777	1.179816	-1.382072
1525657240.341986	1525657240.341986	-0.421775	1.227841	-1.552774
1525657240.351830	1525657240.351830	-0.466592	1.237547	-1.724684
1525657240.362005	1525657240.362005	-0.318708	1.159045	-1.879334
1525657240.371776	1525657240.371776	-0.321780	1.120642	-1.984742
1525657240.381801	1525657240.381801	-0.545476	1.390187	-1.960877
1525657240.391888	1525657240.391888	-0.577994	1.854013	-1.825051
1525657240.401725	1525657240.401725	-0.654433	2.214638	-1.696145
1525657240.411704	1525657240.411704	-0.746752	2.525230	-1.587655
1525657240.421822	1525657240.421822	-0.884840	2.831748	-1.489304
1525657240.431664	1525657240.431664	-1.048475	2.973156	-1.429577
1525657240.441522	1525657240.441522	-1.184415	2.820259	-1.425913
1525657240.451612	1525657240.451612	-1.210021	2.334315	-1.525197
1525657240.461742	1525657240.461742	-1.146924	1.552693	-1.783040
1525657240.471696	1525657240.471696	-1.043875	0.657860	-2.189402
1525657240.481561	1525657240.481561	-0.958889	-0.166588	-2.674749
1525657240.491678	1525657240.491678	-0.818088	-0.750353	-3.050857
1525657240.501519	1525657240.501519	-0.611784	-1.165880	-3.165400
1525657240.511658	1525657240.511658	-0.437130	-1.581169	-3.048300
1525657240.521423	1525657240.521423	-0.276955	-2.025115	-2.800461
1525657240.531454	1525657240.531454	-0.114882	-2.342178	-2.420621
1525657240.542173	1525657240.542173	0.134326	-2.317404	-1.854528
1525657240.551350	1525657240.551350	0.493993	-1.836834	-1.066775
1525657240.562116	1525657240.562116	0.833234	-1.004383	-0.107921
1525657240.571247	1525657240.571247	0.937456	-0.368116	0.833163
1525657240.581758	1525657240.581758	0.905420	-0.092663	1.587393
1525657240.591489	1525657240.591489	0.867492	0.013239	2.091432
1525657240.601963	1525657240.601963	0.804360	0.214021	2.407832
1525657240.611429	1525657240.611429	0.751744	0.701415	2.621110
1525657240.621493	1525657240.621493	0.773757	1.380317	2.791656
1525657240.631250	1525657240.631250	0.903305	1.929797	2.955006
1525657240.641339	1525657240.641339	1.109271	2.097412	3.160813
1525657240.651350	1525657240.651350	1.302512	1.891023	3.458010
1525657240.661089	1525657240.661089	1.352057	1.480656	3.858828
1525657240.671302	1525657240.671302	1.256712	0.976070	4.308965
1525657240.681141	1525657240.681141	1.115019	0.495109	4.714896
1525657240.691265	1525657240.691265	1.005274	0.087484	4.966884
1525657240.701131	1525657240.701131	0.985702	-0.225757	5.019872
1525657240.711238	1525657240.711238	1.102675	-0.406417	4.928709
1525657240.721054	1525657240.721054	1.300484	-0.498979	4.789572
1525657240.730917	1525657240.730917	1.492528	-0.649060	4.673781
1525657240.741014	1525657240.741014	1.623590	-0.918219	4.633882
1525657240.751113	1525657240.751113	1.643593	-1.300915	4.665005
1525657240.761052	1525657240.761052	1.567116	-1.737546	4.721559
1525657240.771096	1525657240.771096	1.469644	-2.115476	4.761888
1525657240.780932	1525657240.780932	1.399914	-2.378445	4.738691
1525657240.791052	1525657240.791052	1.360617	-2.512628	4.609427
1525657240.801220	1525657240.801220	1.348491	-2.531865	4.376185
1525657240.811121	1525657240.811121	1.309579	-2.493465	4.076623
1525657240.820987	1525657240.820987	1.200438	-2.422796	3.767686
1525657240.831109	1525657240.831109	1.019464	-2.279329	3.501508
1525657240.840947	1525657240.840947	0.816537	-2.037682	3.305305
1525657240.851118	1525657240.851118	0.637695	-1.747089	3.156227
1525657240.860905	1525657240.860905	0.518651	-1.451422	3.004687
1525657240.870883	1525657240.870883	0.479961	-1.192349	2.819007
1525657240.880725	1525657240.880725	0.510250	-0.925068	2.578825
1525657240.890614	1525657240.890614	0.525532	-0.676945	2.253310
1525657240.901037	1525657240.901037	0.509613	-0.326393	1.882708
1525657240.910618	1525657240.910618	0.403205	0.013877	1.492905
1525657240.920857	1525657240.920857	0.130446	0.219481	1.067012
1525657240.930624	1525657240.930624	-0.211245	0.361407	0.593446
1525657240.940737	1525657240.940737	-0.438195	0.544395	0.081901
1525657240.950905	1525657240.950905	-0.482695	0.785233	-0.416771
1525657240.960695	1525657240.960695	-0.407773	0.969113	-0.833088
1525657240.970677	1525657240.970677	-0.338030	0.998531	-1.119613
1525657240.980514	1525657240.980514	-0.355729	0.858917	-1.270964
1525657240.990646	1525657240.990646	-0.462575	0.528946	-1.326543
1525657241.000839	1525657241.000839	-0.580223	0.069024	-1.310939
1525657241.010588	1525657241.010588	-0.620687	-0.320851	-1.223080
1525657241.020605	1525657241.020605	-0.605936	-0.595832	-1.089846
1525657241.030442	1525657241.030442	-0.588730	-0.763180	-0.960843
1525657241.040560	1525657241.040560	-0.620750	-0.777927	-0.876086
1525657241.050277	1525657241.050277	-0.699763	-0.626231	-0.840869
1525657241.060519	1525657241.060519	-0.783361	-0.362622	-0.844028
1525657241.070496	1525657241.070496	-0.815813	0.156550	-0.876372
1525657241.080415	1525657241.080415	-0.449235	1.480880	-0.828289
1525657241.090456	1525657241.090456	-0.125281	2.305556	-0.712595
1525657241.100434	1525657241.100434	-0.659108	0.899892	-0.712695
1525657241.110414	1525657241.110414	-1.065260	-0.699270	-0.809149
1525657241.120396	1525657241.120396	-1.140058	-1.541053	-1.059098
1525657241.130234	1525657241.130234	-1.079156	-1.668352	-1.526667
1525657241.140242	1525657241.140242	-1.096008	-1.882809	-2.197412
1525657241.150332	1525657241.150332	-1.002111	-2.157380	-2.775267
1525657241.160311	1525657241.160311	-0.611057	-2.318986	-2.937583
1525657241.170287	1525657241.170287	-0.373768	-2.362528	-2.718615
1525657241.180128	1525657241.180128	-0.562408	-1.860603	-2.286679
1525657241.190251	1525657241.190251	-0.768246	-0.852334	-1.828360
1525657241.200228	1525657241.200228	-0.923423	-0.039359	-1.451371
1525657241.210086	1525657241.210086	-1.003599	0.381071	-1.092611
1525657241.220186	1525657241.220186	-0.960107	0.459967	-0.620571
1525657241.230027	1525657241.230027	-0.974814	0.559385	-0.097089
1525657241.240005	1525657241.240005	-1.066958	0.715568	0.313686
1525657241.250898	1525657241.250898	-1.105875	0.815986	0.462217
1525657241.260102	1525657241.260102	-1.065521	0.717681	0.283901
1525657241.270510	1525657241.270510	-0.936329	0.465419	-0.122160
1525657241.279921	1525657241.279921	-0.738479	0.207522	-0.559313
1525657241.290504	1525657241.290504	-0.588880	-0.014947	-0.883170
1525657241.300022	1525657241.300022	-0.550650	-0.146287	-1.068961
1525657241.310275	1525657241.310275	-0.548787	-0.245453	-1.154084
1525657241.320003	1525657241.320003	-0.505835	-0.275491	-1.182295
1525657241.330108	1525657241.330108	-0.460187	-0.277808	-1.163643
1525657241.339936	1525657241.339936	-0.421687	-0.234234	-1.074831
1525657241.349775	1525657241.349775	-0.409536	-0.159609	-0.919289
1525657241.359890	1525657241.359890	-0.405163	-0.104126	-0.742553
1525657241.369609	1525657241.369609	-0.404680	-0.080618	-0.603117
1525657241.379713	1525657241.379713	-0.379747	-0.046590	-0.541080
1525657241.389578	1525657241.389578	-0.349457	-0.041405	-0.573705
1525657241.399902	1525657241.399902	-0.300472	-0.089614	-0.662511
1525657241.409792	1525657241.409792	-0.252645	-0.137815	-0.743880
1525657241.419767	1525657241.419767	-0.240681	-0.161324	-0.767149
1525657241.429609	1525657241.429609	-0.229412	-0.149630	-0.726565
1525657241.439730	1525657241.439730	-0.229168	-0.113360	-0.652058
1525657241.449708	1525657241.449708	-0.248301	-0.041827	-0.556502
1525657241.459687	1525657241.459687	-0.222712	0.078552	-0.443371
1525657241.469661	1525657241.469661	-0.176323	0.123143	-0.388523
1525657241.479556	1525657241.479556	-0.388059	0.108071	-0.353860
1525657241.489619	1525657241.489619	-0.389004	0.356466	-0.226156
1525657241.499484	1525657241.499484	-0.306666	0.412641	-0.142130
1525657241.509584	1525657241.509584	-0.377967	0.379894	-0.164289
1525657241.519282	1525657241.519282	-0.424981	0.449341	-0.231920
1525657241.529613	1525657241.529613	-0.388707	0.494982	-0.309176
1525657241.539507	1525657241.539507	-0.364374	0.505507	-0.376998
1525657241.549857	1525657241.549857	-0.377517	0.576952	-0.421864
1525657241.560565	1525657241.560565	-0.451587	0.680636	-0.451511
1525657241.569378	1525657241.569378	-0.477839	0.764939	-0.468864
1525657241.579337	1525657241.579337	-0.463697	0.785121	-0.486786
1525657241.589221	1525657241.589221	-0.483362	0.797973	-0.533859
1525657241.599485	1525657241.599485	-0.479240	0.790461	-0.610442
1525657241.609336	1525657241.609336	-0.439599	0.735886	-0.721713
1525657241.619330	1525657241.619330	-0.385667	0.640731	-0.875382
1525657241.629314	1525657241.629314	-0.324036	0.492240	-1.058758
1525657241.639754	1525657241.639754	-0.297533	0.317247	-1.254271
1525657241.649106	1525657241.649106	-0.265895	0.193403	-1.423113
1525657241.659675	1525657241.659675	-0.244144	0.164477	-1.549505
1525657241.669149	1525657241.669149	-0.226996	0.194208	-1.636573
1525657241.679262	1525657241.679262	-0.236932	0.283759	-1.678208
1525657241.688834	1525657241.688834	-0.239908	0.441518	-1.664412
1525657241.698985	1525657241.698985	-0.234942	0.654691	-1.590917
1525657241.709050	1525657241.709050	-0.245254	0.960676	-1.470780
1525657241.719343	1525657241.719343	-0.330190	1.237130	-1.362198
1525657241.729055	1525657241.729055	-0.313473	1.383101	-1.303459
1525657241.738975	1525657241.738975	-0.099267	1.419507	-1.274231
1525657241.748982	1525657241.748982	-0.333153	1.666694	-1.294129
1525657241.758953	1525657241.758953	-0.468408	2.152207	-1.303249
1525657241.768972	1525657241.768972	-0.435240	2.267142	-1.374158
1525657241.778961	1525657241.778961	-0.485754	2.149015	-1.455664
1525657241.788856	1525657241.788856	-0.426715	2.214838	-1.470909
1525657241.798997	1525657241.798997	-0.503924	2.290820	-1.511237
1525657241.808857	1525657241.808857	-0.664579	2.446003	-1.604742
1525657241.818651	1525657241.818651	-0.770357	2.652099	-1.725250
1525657241.828854	1525657241.828854	-0.881910	2.634396	-1.855401
1525657241.838466	1525657241.838466	-0.965559	2.303231	-1.975623
1525657241.848446	1525657241.848446	-1.009895	1.724615	-2.132608
1525657241.858405	1525657241.858405	-1.045094	0.916769	-2.385267
1525657241.868367	1525657241.868367	-1.015296	0.158708	-2.707380
1525657241.878304	1525657241.878304	-0.852393	-0.351552	-2.956560
1525657241.888315	1525657241.888315	-0.660448	-0.696651	-3.016999
1525657241.898426	1525657241.898426	-0.556228	-1.021038	-2.880541
1525657241.908457	1525657241.908457	-0.407539	-1.307191	-2.621139
1525657241.918630	1525657241.918630	-0.297802	-1.503621	-2.299418
1525657241.928609	1525657241.928609	-0.119437	-1.365623	-1.850210
1525657241.938592	1525657241.938592	0.136844	-0.795159	-1.227636
1525657241.948573	1525657241.948573	0.362065	-0.020932	-0.467082
1525657241.958844	1525657241.958844	0.526072	0.675758	0.309756
1525657241.968529	1525657241.968529	0.668763	1.181701	0.958616
1525657241.978671	1525657241.978671	0.794336	1.472328	1.393337
1525657241.988487	1525657241.988487	0.869392	1.594692	1.649698
1525657241.998905	1525657241.998905	0.887862	1.709798	1.820218
1525657242.008698	1525657242.008698	0.908633	1.892039	1.990764
1525657242.018956	1525657242.018956	0.976201	2.031451	2.165076
1525657242.028554	1525657242.028554	1.085021	1.944729	2.322871
1525657242.038608	1525657242.038608	1.187064	1.561728	2.450789
1525657242.048476	1525657242.048476	1.264235	0.950740	2.559252
1525657242.058221	1525657242.058221	1.335225	0.255564	2.632518
1525657242.068268	1525657242.068268	1.357898	-0.443698	2.642396
1525657242.078248	1525657242.078248	1.357096	-1.041638	2.585993
1525657242.088227	1525657242.088227	1.364810	-1.486163	2.475408
1525657242.098559	1525657242.098559	1.401870	-1.788000	2.350276
1525657242.108188	1525657242.108188	1.465433	-2.005737	2.256332
1525657242.118172	1525657242.118172	1.558273	-2.111657	2.234055
1525657242.128142	1525657242.128142	1.659927	-2.109929	2.298096
1525657242.138002	1525657242.138002	1.722449	-2.012076	2.440417
1525657242.148105	1525657242.148105	1.741793	-1.791443	2.648197
1525657242.158084	1525657242.158084	1.699142	-1.507654	2.877568
1525657242.171150	1525657242.171150	1.587490	-1.210793	3.080550
1525657242.177964	1525657242.177964	1.444408	-0.923414	3.234188
1525657242.187971	1525657242.187971	1.285893	-0.721263	3.323778
1525657242.198202	1525657242.198202	1.136440	-0.601243	3.353877
1525657242.208212	1525657242.208212	1.023630	-0.520832	3.346108
1525657242.217776	1525657242.217776	0.931161	-0.506596	3.319432
1525657242.227742	1525657242.227742	0.839691	-0.545656	3.287448
1525657242.237636	1525657242.237636	0.732209	-0.603835	3.252076
1525657242.247696	1525657242.247696	0.578953	-0.720448	3.195922
1525657242.257530	1525657242.257530	0.464517	-0.787143	3.116827
1525657242.267548	1525657242.267548	0.434773	-0.690063	3.038762
1525657242.277552	1525657242.277552	0.430828	-0.520618	2.959946
1525657242.287504	1525657242.287504	0.418159	-0.363920	2.893796
1525657242.297250	1525657242.297250	0.381487	-0.247605	2.862477
1525657242.307460	1525657242.307460	0.305893	-0.159886	2.866872
1525657242.317455	1525657242.317455	0.219113	-0.143515	2.898805
1525657242.327450	1525657242.327450	0.133292	-0.075982	2.949907
1525657242.337404	1525657242.337404	0.043467	0.028866	2.987122
1525657242.347382	1525657242.347382	-0.030862	0.122968	2.976630
1525657242.357189	1525657242.357189	-0.045675	0.259423	2.907262
1525657242.367352	1525657242.367352	-0.000824	0.414776	2.761988
1525657242.377344	1525657242.377344	0.069274	0.556138	2.556356
1525657242.387225	1525657242.387225	0.101204	0.620909	2.315135
1525657242.397215	1525657242.397215	0.042260	0.635974	2.078126
1525657242.407196	1525657242.407196	-0.107821	0.647179	1.876190
1525657242.417182	1525657242.417182	-0.292624	0.666014	1.722790
1525657242.427037	1525657242.427037	-0.457366	0.668784	1.583473
1525657242.437105	1525657242.437105	-0.547204	0.697874	1.432299
1525657242.447126	1525657242.447126	-0.562840	0.753276	1.239457
1525657242.457124	1525657242.457124	-0.546725	0.773339	0.973564
1525657242.467087	1525657242.467087	-0.527531	0.784827	0.628946
1525657242.476972	1525657242.476972	-0.493890	0.834605	0.245122
1525657242.486951	1525657242.486951	-0.459193	0.864127	-0.141881
1525657242.497005	1525657242.497005	-0.487822	0.804395	-0.516884
1525657242.506996	1525657242.506996	-0.589643	0.658659	-0.857655
1525657242.516957	1525657242.516957	-0.702094	0.477831	-1.121922
1525657242.526936	1525657242.526936	-0.759989	0.345836	-1.300374
1525657242.536912	1525657242.536912	-0.756470	0.242378	-1.434437
1525657242.547018	1525657242.547018	-0.778856	0.013264	-1.569877
1525657242.557017	1525657242.557017	-0.640020	0.024433	-1.490481
1525657242.566986	1525657242.566986	-0.157214	0.497952	-1.000307
1525657242.576975	1525657242.576975	0.072594	0.187173	-0.225826
1525657242.587136	1525657242.587136	-0.273285	-1.079350	0.486295
1525657242.597237	1525657242.597237	-0.714886	-1.508976	0.821502
1525657242.607207	1525657242.607207	-0.897903	-0.790980	0.664909
1525657242.617283	1525657242.617283	-1.059020	-0.110598	0.020045
1525657242.627176	1525657242.627176	-1.156043	-0.296008	-0.807078
1525657242.637210	1525657242.637210	-0.611823	-0.866605	-1.274044
1525657242.647309	1525657242.647309	0.213611	-1.174946	-1.300126
1525657242.657259	1525657242.657259	0.425374	-1.471080	-1.313493
1525657242.667436	1525657242.667436	0.147177	-1.457118	-1.334990
1525657242.676977	1525657242.676977	-0.257471	-1.223022	-1.267570
1525657242.686911	1525657242.686911	-0.568403	-1.158719	-1.045731
1525657242.697031	1525657242.697031	-0.676739	-1.027014	-0.711787
1525657242.706968	1525657242.706968	-0.720382	-0.701615	-0.393023
1525657242.716989	1525657242.716989	-0.762045	-0.288891	-0.217926
1525657242.726891	1525657242.726891	-0.642436	0.139052	-0.226056
1525657242.736942	1525657242.736942	-0.321872	0.462696	-0.371155
1525657242.746722	1525657242.746722	-0.046573	0.572302	-0.523187
1525657242.756897	1525657242.756897	-0.022133	0.438964	-0.542043
1525657242.766698	1525657242.766698	-0.201554	0.199982	-0.403735
1525657242.776917	1525657242.776917	-0.370225	0.015351	-0.173762
1525657242.786841	1525657242.786841	-0.375824	-0.077272	0.002856
1525657242.796830	1525657242.796830	-0.243567	-0.081029	0.006603
1525657242.806865	1525657242.806865	-0.076447	-0.031705	-0.124400
1525657242.816922	1525657242.816922	-0.014836	0.025524	-0.264143
1525657242.826761	1525657242.826761	-0.082686	0.062037	-0.292648
1525657242.836744	1525657242.836744	-0.165841	0.124249	-0.198939
1525657242.846718	1525657242.846718	-0.177831	0.217082	-0.072429
1525657242.856696	1525657242.856696	-0.108288	0.296762	0.015696
1525657242.866676	1525657242.866676	-0.032432	0.340138	0.016623
1525657242.876655	1525657242.876655	0.003652	0.357007	-0.051055
1525657242.886778	1525657242.886778	0.012308	0.403827	-0.138228
1525657242.896590	1525657242.896590	0.000418	0.382526	-0.217136
1525657242.906440	1525657242.906440	0.009253	0.288678	-0.260664
1525657242.916518	1525657242.916518	0.014320	0.166087	-0.263791
1525657242.926503	1525657242.926503	0.001966	0.064901	-0.234137
1525657242.936543	1525657242.936543	-0.015755	0.023430	-0.189649
1525657242.946259	1525657242.946259	-0.022404	0.039456	-0.166315
1525657242.956243	1525657242.956243	-0.022218	0.098073	-0.169508
1525657242.966048	1525657242.966048	-0.017707	0.122561	-0.184354
1525657242.976030	1525657242.976030	-0.032777	0.094916	-0.179216
1525657242.986096	1525657242.986096	-0.067385	0.064169	-0.147708
1525657242.996095	1525657242.996095	-0.096795	0.041931	-0.103364
1525657243.005976	1525657243.005976	-0.101452	-0.019857	-0.084260
1525657243.016070	1525657243.016070	-0.104819	-0.117900	-0.090685
1525657243.026365	1525657243.026365	-0.107013	-0.236204	-0.109866
1525657243.035926	1525657243.035926	-0.107823	-0.363053	-0.156704
1525657243.045747	1525657243.045747	-0.084550	-0.464444	-0.247951
1525657243.055733	1525657243.055733	-0.045138	-0.532866	-0.343259
1525657243.065604	1525657243.065604	-0.020956	-0.561774	-0.406824
1525657243.075695	1525657243.075695	-0.017126	-0.550089	-0.455738
1525657243.085672	1525657243.085672	-0.027176	-0.495707	-0.495244
1525657243.095660	1525657243.095660	-0.024422	-0.404074	-0.527144
1525657243.105629	1525657243.105629	-0.026164	-0.357181	-0.549518
1525657243.115608	1525657243.115608	-0.037407	-0.409342	-0.513466
1525657243.125491	1525657243.125491	-0.077508	-0.507173	-0.395810
1525657243.135588	1525657243.135588	-0.094566	-0.515550	-0.224656
1525657243.145552	1525657243.145552	-0.083120	-0.452661	-0.101053
1525657243.155531	1525657243.155531	-0.053473	-0.396285	-0.070890
1525657243.166664	1525657243.166664	-0.009150	-0.351727	-0.108666
1525657243.175501	1525657243.175501	0.030158	-0.299697	-0.170984
1525657243.185466	1525657243.185466	0.063020	-0.249770	-0.230187
1525657243.195452	1525657243.195452	0.091402	-0.269100	-0.286251
1525657243.205423	1525657243.205423	0.110566	-0.332069	-0.295594
1525657243.215442	1525657243.215442	0.141572	-0.335361	-0.214323
1525657243.225303	1525657243.225303	0.148532	-0.291631	-0.076937
1525657243.235407	1525657243.235407	0.137629	-0.222254	0.043200
1525657243.245381	1525657243.245381	0.145461	-0.138055	0.117799
1525657243.255342	1525657243.255342	0.160176	-0.064561	0.150971
1525657243.265355	1525657243.265355	0.168651	-0.026223	0.163846
1525657243.275317	1525657243.275317	0.199407	-0.015687	0.181252
1525657243.285310	1525657243.285310	0.251572	-0.013773	0.191469
1525657243.295340	1525657243.295340	0.317831	-0.031113	0.179508
1525657243.305319	1525657243.305319	0.357667	-0.089920	0.138487
1525657243.315301	1525657243.315301	0.369811	-0.166731	0.089677
1525657243.325280	1525657243.325280	0.362561	-0.241322	0.056596
1525657243.335259	1525657243.335259	0.332616	-0.296619	0.050909
1525657243.345238	1525657243.345238	0.293990	-0.336952	0.060017
1525657243.355097	1525657243.355097	0.289691	-0.297494	0.070607
1525657243.365198	1525657243.365198	0.309282	-0.157958	0.067649
1525657243.375383	1525657243.375383	0.338928	-0.009953	0.029691
1525657243.385032	1525657243.385032	0.365358	0.059188	-0.023206
1525657243.395171	1525657243.395171	0.362415	0.042137	-0.047722
1525657243.405104	1525657243.405104	0.356376	0.000618	0.001166
1525657243.415088	1525657243.415088	0.347823	-0.052601	0.078761
1525657243.425068	1525657243.425068	0.308988	-0.051355	0.113410
1525657243.435047	1525657243.435047	0.297381	-0.031058	0.106881
1525657243.445025	1525657243.445025	0.319023	0.007211	0.090115
1525657243.455115	1525657243.455115	0.336494	0.099856	0.076489
1525657243.465097	1525657243.465097	0.359289	0.245774	0.074635
1525657243.475071	1525657243.475071	0.358580	0.399255	0.076750
1525657243.485057	1525657243.485057	0.385273	0.528115	0.101553
1525657243.495034	1525657243.495034	0.418783	0.620730	0.172208
1525657243.505012	1525657243.505012	0.419653	0.699649	0.291424
1525657243.514875	1525657243.514875	0.349063	0.724510	0.396996
1525657243.524970	1525657243.524970	0.247002	0.634367	0.435131
1525657243.534951	1525657243.534951	0.174284	0.440687	0.408703
1525657243.545259	1525657243.545259	0.145724	0.189246	0.337050
1525657243.555100	1525657243.555100	0.163493	-0.079463	0.225518
1525657243.565106	1525657243.565106	0.234026	-0.252483	0.094405
1525657243.575047	1525657243.575047	0.310410	-0.270990	-0.047284
1525657243.585059	1525657243.585059	0.338810	-0.200824	-0.173598
1525657243.594885	1525657243.594885	0.310041	-0.109074	-0.245264
1525657243.604906	1525657243.604906	0.260075	-0.022530	-0.242685
1525657243.614842	1525657243.614842	0.218888	0.058677	-0.174008
1525657243.624785	1525657243.624785	0.197663	0.115295	-0.084863
1525657243.635072	1525657243.635072	0.185351	0.114303	-0.038182
1525657243.645049	1525657243.645049	0.212049	0.072618	-0.048498
1525657243.655027	1525657243.655027	0.258321	0.022310	-0.090505
1525657243.665017	1525657243.665017	0.278010	-0.034285	-0.141351
1525657243.676755	1525657243.676755	0.248419	-0.083201	-0.174707
1525657243.685010	1525657243.685010	0.231420	-0.075670	-0.179172
1525657243.694879	1525657243.694879	0.231317	-0.007448	-0.156824
1525657243.704972	1525657243.704972	0.221654	0.072538	-0.135658
1525657243.714899	1525657243.714899	0.197117	0.135531	-0.123187
1525657243.724872	1525657243.724872	0.174693	0.169736	-0.114948
1525657243.734655	1525657243.734655	0.160683	0.160207	-0.105540
1525657243.744830	1525657243.744830	0.161557	0.119706	-0.098077
1525657243.754803	1525657243.754803	0.173187	0.093013	-0.094741
1525657243.764792	1525657243.764792	0.179616	0.072732	-0.101048
1525657243.774772	1525657243.774772	0.180445	0.071672	-0.081879
1525657243.784674	1525657243.784674	0.158639	0.098429	-0.038508
1525657243.794725	1525657243.794725	0.111230	0.151942	0.009871
1525657243.804713	1525657243.804713	0.077075	0.213910	0.023288
1525657243.814696	1525657243.814696	0.070027	0.261891	-0.001280
1525657243.824673	1525657243.824673	0.075888	0.294890	-0.037398
1525657243.834564	1525657243.834564	0.082569	0.302312	-0.058603
1525657243.844595	1525657243.844595	0.086860	0.254328	-0.070257
1525657243.854578	1525657243.854578	0.110159	0.216928	-0.063585
1525657243.864620	1525657243.864620	0.124979	0.185958	-0.060210
1525657243.874535	1525657243.874535	0.102594	0.094385	-0.080704
1525657243.884609	1525657243.884609	0.071803	0.023094	-0.107687
1525657243.894492	1525657243.894492	0.080437	0.083811	-0.103326
1525657243.904472	1525657243.904472	0.132371	0.171007	-0.056926
1525657243.914454	1525657243.914454	0.119369	0.206245	-0.033670
1525657243.924433	1525657243.924433	0.048068	0.277956	-0.034544
1525657243.934585	1525657243.934585	-0.032629	0.307064	-0.061077
1525657243.944389	1525657243.944389	-0.082527	0.278448	-0.174508
1525657243.954365	1525657243.954365	-0.007778	0.242954	-0.186365
1525657243.964351	1525657243.964351	0.068934	0.135015	-0.111983
1525657243.974324	1525657243.974324	0.081313	0.029492	-0.011779
1525657243.984548	1525657243.984548	0.056232	-0.020479	0.021976
1525657243.994163	1525657243.994163	0.036485	0.000903	-0.016584
1525657244.004265	1525657244.004265	0.047071	0.071172	-0.082446
1525657244.014223	1525657244.014223	0.048649	0.155353	-0.106910
1525657244.024917	1525657244.024917	0.033371	0.206594	-0.068781
1525657244.034475	1525657244.034475	0.016545	0.196037	-0.004061
1525657244.044842	1525657244.044842	0.018906	0.157685	0.056637
1525657244.054160	1525657244.054160	0.015070	0.138538	0.104487
1525657244.064624	1525657244.064624	-0.004515	0.121580	0.131922
1525657244.074146	1525657244.074146	-0.026569	0.131254	0.105043
1525657244.084779	1525657244.084779	-0.033320	0.120598	0.044292
1525657244.094123	1525657244.094123	-0.015600	0.077863	-0.017223
1525657244.104478	1525657244.104478	0.024297	0.016921	-0.063565
1525657244.114153	1525657244.114153	0.044532	-0.059909	-0.076087
1525657244.124180	1525657244.124180	0.043007	-0.128103	-0.052688
1525657244.134286	1525657244.134286	0.032960	-0.170681	-0.025136
1525657244.144305	1525657244.144305	0.019029	-0.153565	-0.016792
1525657244.153859	1525657244.153859	-0.008319	-0.070322	-0.032030
1525657244.163956	1525657244.163956	-0.030194	0.032078	-0.054653
1525657244.173972	1525657244.173972	-0.042729	0.102471	-0.062259
1525657244.184237	1525657244.184237	-0.045941	0.129133	-0.055913
1525657244.193896	1525657244.193896	-0.038604	0.123777	-0.046243
1525657244.203871	1525657244.203871	-0.020678	0.091732	-0.035380
1525657244.213945	1525657244.213945	0.001508	0.056470	-0.024464
1525657244.223833	1525657244.223833	0.003460	0.025558	-0.015924
1525657244.234144	1525657244.234144	-0.007476	0.002164	0.000973
1525657244.243800	1525657244.243800	-0.000211	-0.042628	0.008514
1525657244.253774	1525657244.253774	0.012593	-0.068264	0.003349
1525657244.263752	1525657244.263752	0.012657	-0.089584	-0.006229
1525657244.273732	1525657244.273732	0.002925	-0.089538	0.004296
1525657244.285335	1525657244.285335	0.005857	-0.076750	0.028812
1525657244.293694	1525657244.293694	0.042096	-0.080100	0.031384
1525657244.328242	1525657244.328242	0.034944	-0.089675	0.003623
1525657244.328383	1525657244.328383	0.004175	-0.073562	-0.007397
1525657244.328635	1525657244.328635	0.003213	-0.073562	-0.015924
1525657244.333589	1525657244.333589	0.004480	-0.076772	-0.032938
1525657244.343710	1525657244.343710	0.006718	-0.082115	-0.042490
1525657244.353608	1525657244.353608	-0.001842	-0.066089	-0.037273
1525657244.363579	1525657244.363579	-0.011323	-0.048999	-0.043776
1525657244.373626	1525657244.373626	-0.020841	-0.036171	-0.048150
1525657244.383541	1525657244.383541	-0.020770	-0.039371	-0.054535
1525657244.393510	1525657244.393510	-0.018679	-0.051103	-0.053445
1525657244.403509	1525657244.403509	-0.028316	-0.034007	-0.047177
1525657244.413475	1525657244.413475	-0.026094	-0.040415	-0.055665
1525657244.423760	1525657244.423760	0.006064	-0.068270	-0.073364
1525657244.433433	1525657244.433433	0.025287	-0.097132	-0.080579
1525657244.443289	1525657244.443289	0.019808	-0.123751	-0.074259
1525657244.453405	1525657244.453405	0.019431	-0.143988	-0.047654
1525657244.463327	1525657244.463327	0.021411	-0.142925	-0.034858
1525657244.473412	1525657244.473412	0.025632	-0.130150	-0.028420
1525657244.483327	1525657244.483327	0.031956	-0.108856	-0.017700
1525657244.493358	1525657244.493358	0.028717	-0.098182	-0.012418
1525657244.503835	1525657244.503835	0.004126	-0.067164	-0.002076
1525657244.513233	1525657244.513233	-0.023794	-0.045721	0.016740
1525657244.523255	1525657244.523255	-0.039860	-0.044585	0.021865
1525657244.533260	1525657244.533260	-0.045079	-0.040303	0.013287
1525657244.543259	1525657244.543259	-0.034173	-0.039292	-0.005739
1525657244.554308	1525657244.554308	-0.027715	-0.047849	-0.012045
1525657244.563218	1525657244.563218	-0.019408	-0.076655	0.000829
1525657244.573137	1525657244.573137	-0.004679	-0.096962	0.013782
1525657244.583055	1525657244.583055	-0.008948	-0.123592	0.008409
1525657244.593058	1525657244.593058	-0.015370	-0.126762	0.009395
1525657244.605384	1525657244.605384	-0.018600	-0.127813	0.011484
1525657244.613044	1525657244.613044	-0.016495	-0.128887	0.013639
1525657244.622776	1525657244.622776	-0.014357	-0.106512	0.017922
1525657244.632762	1525657244.632762	-0.006854	-0.082029	0.020141
1525657244.642784	1525657244.642784	-0.005650	-0.047930	0.015898
1525657244.654266	1525657244.654266	-0.015112	-0.018050	0.010459
1525657244.663015	1525657244.663015	-0.037374	0.007621	0.003800
1525657244.672973	1525657244.672973	-0.047877	0.021516	-0.006972
1525657244.682952	1525657244.682952	-0.048780	0.024712	-0.019756
1525657244.694355	1525657244.694355	-0.047593	0.009780	-0.032513
1525657244.703105	1525657244.703105	-0.055105	-0.017900	-0.034733
1525657244.712896	1525657244.712896	-0.065782	-0.042370	-0.039120
1525657244.722863	1525657244.722863	-0.068942	-0.051952	-0.044480
1525657244.732720	1525657244.732720	-0.058226	-0.059460	-0.049671
1525657244.744538	1525657244.744538	-0.049762	-0.072284	-0.046374
1525657244.753131	1525657244.753131	-0.040148	-0.072326	-0.047321
1525657244.762654	1525657244.762654	-0.026066	-0.060668	-0.062050
1525657244.772838	1525657244.772838	-0.014198	-0.054328	-0.071484
1525657244.782755	1525657244.782755	-0.014075	-0.052201	-0.081062
1525657244.795579	1525657244.795579	-0.030028	-0.058531	-0.086579
1525657244.802670	1525657244.802670	-0.032181	-0.065982	-0.086605
1525657244.813436	1525657244.813436	-0.032197	-0.072377	-0.086605
