1525657231.824076	1525657231.824076	14.744888	53.488037	-329.200012
1525657231.824101	1525657231.824101	14.445526	53.562592	-329.501312
1525657231.844379	1525657231.844379	14.518951	53.262466	-329.274445
1525657231.844412	1525657231.844412	14.520035	53.487579	-329.350677
1525657231.863399	1525657231.863399	14.518433	53.112686	-329.423615
1525657231.863427	1525657231.863427	14.743805	53.262924	-329.123749
1525657231.885556	1525657231.885556	14.521439	53.713150	-329.726898
1525657231.885579	1525657231.885579	14.668533	53.187805	-329.198578
1525657231.903176	1525657231.903176	14.221085	53.637253	-329.727386
1525657231.903225	1525657231.903225	14.369095	53.262253	-329.424896
1525657231.922474	1525657231.922474	14.519104	53.262695	-329.424438
1525657231.922526	1525657231.922526	14.221283	53.712036	-329.577820
1525657231.942232	1525657231.942232	14.368835	53.187363	-329.499481
1525657231.942279	1525657231.942279	14.520264	53.487915	-329.575684
1525657231.961941	1525657231.961941	14.519775	53.412689	-329.425262
1525657231.962114	1525657231.962114	14.445450	53.562469	-329.426331
1525657231.981751	1525657231.981751	14.296509	53.712601	-329.802582
1525657231.981825	1525657231.981825	14.518951	53.262466	-329.274445
1525657232.003105	1525657232.003105	14.219330	53.262131	-329.650360
1525657232.003148	1525657232.003148	14.369217	53.336914	-329.200287
1525657232.021825	1525657232.021825	14.295868	53.637146	-329.502167
1525657232.023076	1525657232.023076	14.368576	53.112473	-329.574066
1525657232.040929	1525657232.040929	14.594696	53.412811	-329.350037
1525657232.040995	1525657232.040995	14.519257	53.262924	-329.574432
1525657232.060448	1525657232.060448	14.668686	53.188034	-329.348572
1525657232.060516	1525657232.060516	14.520035	53.487579	-329.350677
1525657232.080142	1525657232.080142	14.218765	53.186798	-329.424927
1525657232.080218	1525657232.080218	14.443619	53.187241	-329.274261
1525657232.100004	1525657232.100004	14.519409	53.263138	-329.724426
1525657232.100121	1525657232.100121	14.669144	53.337692	-329.124390
1525657232.119674	1525657232.119674	13.995377	53.561020	-329.352661
1525657232.121937	1525657232.121937	14.444443	53.337479	-329.425079
1525657232.139024	1525657232.139024	14.295975	53.711807	-329.277588
1525657232.139083	1525657232.139083	14.222366	53.937149	-329.654053
1525657232.158750	1525657232.158750	14.518616	53.187469	-329.274048
1525657232.158779	1525657232.158779	14.295715	53.636917	-329.352173
1525657232.178896	1525657232.178896	14.218765	53.186798	-329.424927
1525657232.178943	1525657232.178943	14.296158	53.786591	-329.127991
1525657232.198313	1525657232.198313	14.295792	53.637024	-329.427185
1525657232.198383	1525657232.198383	14.593460	53.187469	-329.123810
1525657232.220353	1525657232.220353	14.521133	53.712708	-329.426910
1525657232.220484	1525657232.220484	14.519028	53.262589	-329.349426
1525657232.237467	1525657232.237467	14.446060	53.712372	-329.352142
1525657232.237546	1525657232.237546	14.668503	53.113251	-329.498169
1525657232.257726	1525657232.257726	14.518646	53.262024	-328.974426
1525657232.257801	1525657232.257801	14.294922	53.412247	-329.575928
1525657232.277081	1525657232.277081	14.368195	53.111908	-329.199066
1525657232.277201	1525657232.277201	13.994812	53.485672	-329.127228
1525657232.296481	1525657232.296481	14.292938	53.036789	-329.273895
1525657232.296546	1525657232.296546	14.367447	52.961792	-329.123230
1525657232.316270	1525657232.316270	14.067856	53.036011	-329.199554
1525657232.316338	1525657232.316338	14.066620	52.810654	-328.973297
1525657232.335868	1525657232.335868	14.068604	53.186111	-329.275391
1525657232.336275	1525657232.336275	13.767853	53.035110	-329.200439
1525657232.355876	1525657232.355876	13.768295	53.184769	-328.976257
1525657232.356513	1525657232.356513	13.543259	53.109543	-329.276550
1525657232.375387	1525657232.375387	13.690704	52.659195	-328.748596
1525657232.375514	1525657232.375514	13.617508	52.959656	-329.200470
1525657232.395282	1525657232.395282	13.691315	52.660095	-329.348602
1525657232.395475	1525657232.395475	13.767853	53.035110	-329.200439
1525657232.414965	1525657232.414965	13.691727	52.735214	-329.424042
1525657232.415079	1525657232.415079	13.616760	52.809540	-329.124634
1525657232.438492	1525657232.438492	13.618942	53.259781	-329.277130
1525657232.438620	1525657232.438620	13.992249	52.885880	-329.273956
1525657232.454332	1525657232.454332	13.694611	53.410004	-329.277740
1525657232.454405	1525657232.454405	13.993683	53.186005	-329.350586
1525657232.474953	1525657232.474953	14.218643	53.261124	-328.975342
1525657232.475061	1525657232.475061	13.919586	53.336121	-329.576630
1525657232.493614	1525657232.493614	14.517822	52.962799	-329.497772
1525657232.493763	1525657232.493763	14.070709	53.636246	-329.352844
1525657232.513298	1525657232.513298	14.217590	52.961563	-329.273712
1525657232.513412	1525657232.513412	14.294067	53.336456	-329.050537
1525657232.532973	1525657232.532973	13.993866	53.260788	-329.201019
1525657232.533098	1525657232.533098	14.065979	52.735214	-328.672913
1525657232.552636	1525657232.552636	13.843002	53.184540	-328.676056
1525657232.552708	1525657232.552708	14.140381	52.585541	-328.746857
1525657232.574716	1525657232.574716	14.215485	52.660431	-328.522064
1525657232.574792	1525657232.574792	13.765182	52.509644	-328.897583
1525657232.592142	1525657232.592142	13.764618	52.434311	-328.672150
1525657232.592256	1525657232.592256	13.541153	52.808411	-328.524902
1525657232.612795	1525657232.612795	13.313110	52.132721	-328.521851
1525657232.613448	1525657232.613448	13.540070	52.583298	-328.448639
1525657232.631465	1525657232.631465	13.388794	52.282959	-328.522461
1525657232.631739	1525657232.631739	13.538269	52.282608	-327.996979
1525657232.651645	1525657232.651645	13.313644	52.282501	-328.372650
1525657232.654008	1525657232.654008	13.163040	52.132156	-328.447296
1525657232.670498	1525657232.670498	12.937729	52.131042	-328.147980
1525657232.671856	1525657232.671856	12.787430	51.981140	-328.522614
1525657232.690310	1525657232.690310	12.936722	51.906036	-328.146759
1525657232.690433	1525657232.690433	12.562881	52.130142	-328.299103
1525657232.709933	1525657232.709933	12.485107	51.529785	-328.221008
1525657232.710059	1525657232.710059	12.487885	52.129913	-328.299316
1525657232.729856	1525657232.729856	12.410583	51.604782	-328.371643
1525657232.729981	1525657232.729981	12.409195	51.379227	-327.995422
1525657232.749254	1525657232.749254	11.808960	51.377090	-327.772217
1525657232.749394	1525657232.749394	11.956375	50.852188	-327.543884
1525657232.768962	1525657232.768962	11.507721	51.150848	-327.546875
1525657232.771175	1525657232.771175	11.504684	50.475830	-327.543182
1525657232.790134	1525657232.790134	11.132675	51.224152	-327.173370
1525657232.790265	1525657232.790265	11.054672	50.474472	-327.544525
1525657232.808494	1525657232.808494	11.128052	50.248795	-326.943024
1525657232.808613	1525657232.808613	10.979401	50.548355	-326.945129
1525657232.828238	1525657232.828238	10.826813	50.022552	-326.717682
1525657232.828357	1525657232.828357	10.902939	50.322449	-326.494080
1525657232.847688	1525657232.847688	10.753281	50.397003	-326.494965
1525657232.847810	1525657232.847810	10.901627	50.097000	-326.192871
1525657232.867967	1525657232.867967	10.601364	50.021210	-326.268372
1525657232.868044	1525657232.868044	10.373840	49.495300	-326.116119
1525657232.886919	1525657232.886919	10.300491	49.944519	-325.743835
1525657232.887548	1525657232.887548	10.373795	49.569733	-325.741547
1525657232.906511	1525657232.906511	10.522415	49.344604	-325.364868
1525657232.906577	1525657232.906577	9.922058	49.267822	-325.366241
1525657232.926281	1525657232.926281	10.144745	48.818024	-325.063110
1525657232.926351	1525657232.926351	9.920364	49.041794	-324.690033
1525657232.946336	1525657232.946336	9.917435	48.441452	-324.461731
1525657232.946462	1525657232.946462	9.542130	48.439865	-324.162842
1525657232.966016	1525657232.966016	9.165741	48.213181	-323.787750
1525657232.966145	1525657232.966145	9.312256	47.537933	-323.333588
1525657232.985757	1525657232.985757	9.087067	47.462479	-323.483826
1525657232.985870	1525657232.985870	9.083527	46.712250	-323.329712
1525657233.005300	1525657233.005300	8.859344	47.010788	-322.807037
1525657233.006991	1525657233.006991	8.557800	46.635101	-322.955872
1525657233.024753	1525657233.024753	8.406677	46.483978	-322.505524
1525657233.024879	1525657233.024879	8.406830	46.484207	-322.655518
1525657233.044713	1525657233.044713	8.329575	46.033630	-322.428253
1525657233.044840	1525657233.044840	7.880432	46.257065	-322.280853
1525657233.064403	1525657233.064403	7.728439	45.732162	-322.653412
1525657233.064528	1525657233.064528	7.651154	45.356033	-322.051575
1525657233.083916	1525657233.083916	7.276291	45.355133	-322.202667
1525657233.084049	1525657233.084049	7.274185	44.905014	-322.125244
1525657233.103645	1525657233.103645	7.274048	44.904785	-321.975220
1525657233.103760	1525657233.103760	6.971863	44.453644	-321.823639
1525657233.123359	1525657233.123359	7.045807	44.303314	-321.447571
1525657233.125133	1525657233.125133	6.520767	44.227188	-321.748779
1525657233.143009	1525657233.143009	6.743286	43.777176	-321.295593
1525657233.143128	1525657233.143128	6.519562	44.076385	-321.222900
1525657233.163176	1525657233.163176	6.441849	43.476151	-321.219818
1525657233.163305	1525657233.163305	5.915466	43.249008	-320.845154
1525657233.182521	1525657233.182521	5.916290	43.399246	-320.996002
1525657233.182639	1525657233.182639	6.213211	42.799561	-320.616821
1525657233.202012	1525657233.202012	5.388016	42.722321	-320.768860
1525657233.202123	1525657233.202123	5.461029	42.347076	-320.466553
1525657233.221776	1525657233.221776	5.161240	42.495499	-320.018280
1525657233.222703	1525657233.222703	5.084442	42.045624	-320.241058
1525657233.241789	1525657233.241789	4.932373	41.669586	-319.864441
1525657233.241880	1525657233.241880	4.406845	41.518250	-320.015167
1525657233.261201	1525657233.261201	4.552979	40.693451	-319.860199
1525657233.261329	1525657233.261329	4.252930	40.766983	-319.486511
1525657233.280751	1525657233.280751	3.874619	40.015961	-319.558502
1525657233.280868	1525657233.280868	4.024734	40.091064	-319.333466
1525657233.300849	1525657233.300849	3.199661	39.939499	-319.935120
1525657233.303442	1525657233.303442	3.195374	39.039139	-319.705170
1525657233.320310	1525657233.320310	2.597961	39.562698	-319.934845
1525657233.320951	1525657233.320951	2.445557	38.962677	-320.232025
1525657233.340203	1525657233.340203	2.143707	38.586548	-320.080811
1525657233.340873	1525657233.340873	1.543152	38.360428	-320.531403
1525657233.360238	1525657233.360238	1.615967	37.910416	-320.378693
1525657233.361934	1525657233.361934	0.863663	37.383270	-320.453033
1525657233.379509	1525657233.379509	0.936234	36.709381	-321.049133
1525657233.379774	1525657233.379774	0.635818	36.633377	-320.974640
1525657233.399027	1525657233.399027	-0.191345	36.031677	-321.498779
1525657233.399150	1525657233.399150	-0.042999	35.731659	-321.196686
1525657233.418445	1525657233.418445	-1.093994	35.429077	-321.573151
1525657233.420250	1525657233.420250	-1.321320	34.828949	-321.945587
1525657233.438348	1525657233.438348	-1.847565	34.453049	-322.395111
1525657233.438459	1525657233.438459	-2.449371	34.001587	-322.619415
1525657233.457600	1525657233.457600	-2.826202	33.476227	-323.142670
1525657233.457674	1525657233.457674	-3.652298	33.099655	-323.743073
1525657233.477365	1525657233.477365	-4.030792	32.124863	-324.638824
1525657233.477440	1525657233.477440	-4.781357	31.898285	-325.089844
1525657233.497021	1525657233.497021	-5.234436	30.998383	-326.061218
1525657233.497086	1525657233.497086	-5.836807	30.322586	-326.734344
1525657233.517135	1525657233.517135	-6.512558	29.872467	-328.008911
1525657233.517260	1525657233.517260	-6.966232	28.822678	-329.054474
1525657233.537823	1525657233.537823	-7.943726	28.071091	-329.953278
1525657233.537943	1525657233.537943	-8.095749	27.322662	-331.299591
1525657233.556343	1525657233.556343	-8.848831	26.421860	-332.271912
1525657233.556457	1525657233.556457	-9.528214	25.295822	-332.942749
1525657233.576210	1525657233.576210	-9.533661	24.021255	-333.235779
1525657233.576324	1525657233.576324	-10.138809	22.894318	-333.156403
1525657233.596030	1525657233.596030	-9.770493	21.395523	-333.222046
1525657233.596142	1525657233.596142	-10.451614	20.117905	-332.842041
1525657233.615581	1525657233.615581	-10.307999	18.767868	-332.534210
1525657233.615709	1525657233.615709	-10.390411	17.341156	-331.551605
1525657233.635080	1525657233.635080	-10.468185	16.889786	-330.799347
1525657233.635770	1525657233.635770	-9.874161	15.765213	-329.891388
1525657233.655003	1525657233.655003	-10.177780	15.162949	-328.988983
1525657233.656378	1525657233.656378	-9.729385	14.789398	-329.060577
1525657233.674397	1525657233.674397	-9.579575	14.864059	-328.535553
1525657233.674531	1525657233.674531	-9.725067	15.764313	-328.990936
1525657233.694307	1525657233.694307	-9.424118	15.990097	-328.916290
1525657233.694439	1525657233.694439	-9.717743	17.339676	-329.224579
1525657233.713837	1525657233.713837	-9.486496	18.541626	-330.055481
1525657233.713986	1525657233.713986	-9.479965	19.892319	-330.512878
1525657233.733530	1525657233.733530	-9.770767	21.618607	-331.948273
1525657233.733645	1525657233.733645	-9.388763	22.971115	-332.854553
1525657233.753212	1525657233.753212	-9.228546	25.072739	-333.615662
1525657233.753325	1525657233.753325	-8.244522	26.877045	-334.522614
1525657233.773178	1525657233.773178	-7.709824	28.979004	-334.757568
1525657233.773408	1525657233.773408	-7.024155	31.231857	-335.292908
1525657233.792537	1525657233.792537	-5.215164	33.411072	-334.474487
1525657233.792660	1525657233.792660	-4.229340	35.814041	-334.484741
1525657233.812248	1525657233.812248	-2.421555	37.693451	-333.814636
1525657233.812381	1525657233.812381	-1.061066	40.171539	-333.149200
1525657233.831525	1525657233.831525	0.673508	42.351410	-332.930939
1525657233.831600	1525657233.831600	2.628326	43.556381	-332.331696
1525657233.851473	1525657233.851473	4.139114	45.886368	-332.640015
1525657233.853955	1525657233.853955	6.546204	47.543045	-332.266907
1525657233.871411	1525657233.871411	8.281586	49.798599	-332.499084
1525657233.871525	1525657233.871525	10.687851	51.156036	-332.649353
1525657233.890936	1525657233.890936	13.544144	52.589386	-332.498627
1525657233.891058	1525657233.891058	15.652618	54.470718	-332.502655
1525657233.910794	1525657233.910794	18.581360	55.304489	-332.498444
1525657233.910921	1525657233.910921	20.839081	57.036163	-332.426239
1525657233.930499	1525657233.930499	22.865768	57.342682	-332.721832
1525657233.930619	1525657233.930619	25.044800	58.323654	-332.345673
1525657233.950194	1525657233.950194	26.623459	59.004288	-332.944702
1525657233.950321	1525657233.950321	27.748169	59.007202	-332.641357
1525657233.969731	1525657233.969731	28.726715	59.760376	-332.792542
1525657233.971511	1525657233.971511	29.775375	59.463516	-332.787781
1525657233.990474	1525657233.990474	30.378082	60.065323	-332.789276
1525657233.990559	1525657233.990559	30.529327	60.291107	-333.015076
1525657234.009432	1525657234.009432	30.751434	59.765991	-332.486481
1525657234.009526	1525657234.009526	30.677628	60.065536	-332.338348
1525657234.028970	1525657234.028970	30.750717	59.690414	-332.111084
1525657234.029113	1525657234.029113	30.302658	60.138962	-332.039917
1525657234.049221	1525657234.049221	29.850632	59.687607	-332.038788
1525657234.049337	1525657234.049337	29.398743	59.385468	-331.513489
1525657234.068711	1525657234.068711	28.422577	59.157318	-331.365143
1525657234.068833	1525657234.068833	27.669632	58.554718	-331.139099
1525657234.087852	1525657234.087852	26.920639	58.777481	-331.142578
1525657234.087967	1525657234.087967	26.920746	58.703156	-331.592133
1525657234.107596	1525657234.107596	27.070755	58.852585	-330.917542
1525657234.109165	1525657234.109165	27.145187	58.777481	-330.691895
1525657234.127072	1525657234.127072	26.842697	58.474869	-329.566132
1525657234.127203	1525657234.127203	26.241714	58.471619	-328.592926
1525657234.146784	1525657234.146784	25.336594	57.418335	-328.214844
1525657234.146905	1525657234.146905	24.133957	56.963821	-327.615967
1525657234.166281	1525657234.166281	23.232697	56.735779	-327.392426
1525657234.166361	1525657234.166361	22.703857	55.983521	-326.939850
1525657234.185943	1525657234.185943	22.405579	56.432190	-326.643219
1525657234.186063	1525657234.186063	22.401382	55.531937	-326.488251
1525657234.205555	1525657234.205555	22.402054	55.830933	-325.814911
1525657234.205621	1525657234.205621	22.025208	55.454575	-325.663971
1525657234.225264	1525657234.225264	21.648743	55.227768	-325.213837
1525657234.225314	1525657234.225314	21.048874	55.226196	-325.365631
1525657234.244935	1525657234.244935	20.895645	54.475952	-325.511993
1525657234.244986	1525657234.244986	20.147186	54.848495	-325.366272
1525657234.264784	1525657234.264784	19.921310	54.623032	-325.515717
1525657234.264832	1525657234.264832	19.768524	54.171448	-324.763702
1525657234.284261	1525657234.284261	19.392593	53.945435	-324.838562
1525657234.284290	1525657234.284290	19.165298	53.568848	-324.237183
1525657234.304248	1525657234.304248	19.090561	53.643524	-324.162811
1525657234.304290	1525657234.304290	18.938553	53.267609	-323.861206
1525657234.323929	1525657234.323929	18.712097	53.041260	-323.410645
1525657234.324005	1525657234.324005	18.336670	52.965012	-323.336334
1525657234.343666	1525657234.343666	18.106720	51.913986	-323.106262
1525657234.343891	1525657234.343891	17.283279	52.360840	-322.661194
1525657234.363528	1525657234.363528	17.280243	51.685837	-322.657501
1525657234.364221	1525657234.364221	17.055344	51.759811	-322.433563
1525657234.383177	1525657234.383177	16.905762	51.834488	-322.509460
1525657234.383306	1525657234.383306	16.828766	51.458801	-322.207581
1525657234.402712	1525657234.402712	16.603683	51.458008	-322.133270
1525657234.402832	1525657234.402832	16.451736	51.007660	-322.206238
1525657234.422786	1525657234.422786	16.227066	51.081985	-322.207336
1525657234.422909	1525657234.422909	15.775864	50.780869	-322.357025
1525657234.442232	1525657234.442232	15.474396	50.554276	-321.906708
1525657234.442363	1525657234.442363	15.174393	50.553391	-321.907593
1525657234.461916	1525657234.461916	15.095856	49.802917	-321.753693
1525657234.462039	1525657234.462039	14.719543	49.576340	-321.453552
1525657234.481564	1525657234.481564	14.345520	49.725662	-321.755524
1525657234.481691	1525657234.481691	14.268372	49.349762	-321.303650
1525657234.501246	1525657234.501246	13.893448	49.348740	-321.379791
1525657234.501361	1525657234.501361	13.515091	48.672165	-321.077179
1525657234.520924	1525657234.520924	12.916855	49.045486	-321.156036
1525657234.521051	1525657234.521051	12.614304	48.444794	-321.303650
1525657234.540566	1525657234.540566	12.762314	48.069794	-321.001160
1525657234.540680	1525657234.540680	12.538284	48.219574	-321.302643
1525657234.560304	1525657234.560304	12.009857	47.542419	-320.925507
1525657234.560431	1525657234.560431	11.486023	47.766068	-321.078278
1525657234.580015	1525657234.580015	11.334442	47.316299	-321.526276
1525657234.580142	1525657234.580142	10.808792	47.239273	-321.227417
1525657234.599697	1525657234.599697	10.206619	46.638245	-321.750977
1525657234.599817	1525657234.599817	9.906021	46.487457	-321.826019
1525657234.619294	1525657234.619294	9.306091	46.485779	-321.902832
1525657234.620728	1525657234.620728	9.003265	45.810196	-322.125031
1525657234.639578	1525657234.639578	8.477997	45.733734	-322.201172
1525657234.639655	1525657234.639655	8.102325	45.433624	-322.875641
1525657234.658566	1525657234.658566	7.649231	44.831696	-322.498688
1525657234.658694	1525657234.658694	7.200027	44.906021	-322.950439
1525657234.678548	1525657234.678548	7.046494	44.155334	-322.796783
1525657234.678666	1525657234.678666	5.921326	44.151733	-322.650146
1525657234.698063	1525657234.698063	5.692841	43.326385	-322.871277
1525657234.698139	1525657234.698139	5.388474	42.425018	-322.567230
1525657234.720360	1525657234.720360	4.713058	42.347885	-322.493835
1525657234.720444	1525657234.720444	4.484375	41.447739	-322.864594
1525657234.737529	1525657234.737529	3.807968	41.220154	-322.490356
1525657234.737647	1525657234.737647	3.279327	40.393677	-322.562378
1525657234.757458	1525657234.757458	2.752136	39.941879	-322.411499
1525657234.757579	1525657234.757579	2.076126	39.714844	-322.412262
1525657234.776942	1525657234.776942	1.997437	38.815170	-322.782562
1525657234.777192	1525657234.777192	0.945251	38.361786	-322.633209
1525657234.796527	1525657234.796527	0.491653	37.461090	-323.079620
1525657234.796653	1525657234.796653	0.264587	36.935852	-323.377411
1525657234.816251	1525657234.816251	-0.862671	36.333145	-323.827454
1525657234.816369	1525657234.816369	-1.165894	35.582458	-323.974274
1525657234.835708	1525657234.835708	-2.067261	35.130768	-324.649475
1525657234.835824	1525657234.835824	-2.295853	34.230759	-325.095215
1525657234.855550	1525657234.855550	-3.198456	33.553711	-325.544189
1525657234.857020	1525657234.857020	-3.725937	32.803482	-326.441620
1525657234.874888	1525657234.874888	-4.406006	31.676437	-326.437469
1525657234.875020	1525657234.875020	-5.456650	31.299866	-327.488586
1525657234.895872	1525657234.895872	-5.685516	30.175964	-328.683075
1525657234.895986	1525657234.895986	-6.961273	29.724060	-329.959442
1525657234.914550	1525657234.914550	-7.489273	28.675049	-331.680206
1525657234.914660	1525657234.914660	-7.866684	27.925369	-332.652222
1525657234.933907	1525657234.933907	-8.542801	27.325699	-334.225983
1525657234.933986	1525657234.933986	-8.846512	26.350800	-334.896515
1525657234.953587	1525657234.953587	-9.524307	25.599670	-335.494415
1525657234.954263	1525657234.954263	-9.604965	24.324524	-335.562653
1525657234.973305	1525657234.973305	-9.911102	23.048035	-335.181580
1525657234.973394	1525657234.973394	-10.366470	21.921204	-334.876709
1525657234.992787	1525657234.992787	-10.450607	20.193924	-333.517456
1525657234.992829	1525657234.992829	-10.758240	18.766190	-332.310547
1525657235.012808	1525657235.012808	-10.392593	16.890915	-331.399139
1525657235.012851	1525657235.012851	-10.397018	16.139328	-330.345001
1525657235.032433	1525657235.032433	-10.625519	15.462952	-329.891998
1525657235.032560	1525657235.032560	-10.177887	15.088287	-329.213562
1525657235.052691	1525657235.052691	-10.474915	15.762283	-329.143188
1525657235.052809	1525657235.052809	-10.097733	16.213638	-329.294525
1525657235.071971	1525657235.071971	-10.392456	17.487091	-328.852417
1525657235.073332	1525657235.073332	-10.160995	18.838364	-329.234131
1525657235.091470	1525657235.091470	-10.006210	19.814392	-329.614044
1525657235.091598	1525657235.091598	-10.297653	21.465225	-330.748993
1525657235.111254	1525657235.111254	-9.766068	22.743073	-331.579437
1525657235.111384	1525657235.111384	-9.831116	24.769135	-332.415741
1525657235.130957	1525657235.130957	-9.298370	26.272202	-333.397461
1525657235.131078	1525657235.131078	-8.615448	27.999481	-333.554901
1525657235.150895	1525657235.150895	-8.228653	30.551117	-333.867798
1525657235.152461	1525657235.152461	-6.870605	32.504074	-333.124451
1525657235.170325	1525657235.170325	-6.035233	34.905914	-332.685120
1525657235.170995	1525657235.170995	-4.226654	37.010010	-331.791290
1525657235.190093	1525657235.190093	-2.793427	39.037964	-330.898132
1525657235.190221	1525657235.190221	-1.433044	41.441391	-330.457275
1525657235.209812	1525657235.209812	0.297363	42.795563	-329.784546
1525657235.209942	1525657235.209942	1.881790	44.974762	-329.416779
1525657235.229493	1525657235.229493	4.288422	46.481766	-329.267853
1525657235.229613	1525657235.229613	6.097198	48.511627	-328.898590
1525657235.249176	1525657235.249176	8.656647	50.544769	-329.202087
1525657235.249300	1525657235.249300	10.838806	52.200882	-328.904663
1525657235.268678	1525657235.268678	13.623779	54.384460	-329.058319
1525657235.268794	1525657235.268794	16.552948	55.293350	-329.129486
1525657235.288608	1525657235.288608	19.111313	57.101364	-329.356781
1525657235.290465	1525657235.290465	21.890732	58.084702	-329.353851
1525657235.308121	1525657235.308121	24.370941	59.291809	-329.128052
1525657235.309119	1525657235.309119	26.626251	60.423904	-329.352509
1525657235.327760	1525657235.327760	28.876770	60.505875	-329.496185
1525657235.328508	1525657235.328508	30.907532	61.786972	-329.497162
1525657235.347531	1525657235.347531	32.857513	61.718262	-329.790924
1525657235.347650	1525657235.347650	34.585175	62.323318	-329.714081
1525657235.367038	1525657235.367038	35.937469	62.703278	-330.312103
1525657235.367164	1525657235.367164	36.986664	62.556198	-330.158142
1525657235.386752	1525657235.386752	37.738205	62.933228	-330.007996
1525657235.386875	1525657235.386875	37.661072	62.408325	-330.230316
1525657235.407039	1525657235.407039	37.661255	62.632095	-329.406555
1525657235.407127	1525657235.407127	36.686310	62.629288	-329.484436
1525657235.426317	1525657235.426317	35.258179	62.098877	-328.735809
1525657235.426436	1525657235.426436	34.209213	62.395294	-328.440613
1525657235.446616	1525657235.446616	33.004547	61.490768	-327.839233
1525657235.446754	1525657235.446754	31.879044	61.561172	-327.018005
1525657235.465956	1525657235.465956	30.450455	60.881088	-326.493530
1525657235.466068	1525657235.466068	29.547058	60.277359	-325.817932
1525657235.485175	1525657235.485175	28.948334	60.575470	-325.746338
1525657235.485292	1525657235.485292	28.718903	59.674210	-325.367096
1525657235.504947	1525657235.504947	28.869904	60.048645	-324.693695
1525657235.505704	1525657235.505704	28.868362	59.822861	-324.167480
1525657235.524553	1525657235.524553	28.639343	59.145706	-323.189453
1525657235.524680	1525657235.524680	28.339111	59.144470	-322.965332
1525657235.544470	1525657235.544470	26.983841	58.089615	-322.438599
1525657235.544591	1525657235.544591	25.482468	57.934097	-321.767273
1525657235.564000	1525657235.564000	24.802841	56.956711	-321.538910
1525657235.564122	1525657235.564122	23.975571	56.652893	-320.639709
1525657235.583782	1525657235.583782	23.525314	56.576645	-320.715637
1525657235.583909	1525657235.583909	23.222412	56.049942	-320.188660
1525657235.603282	1525657235.603282	22.623718	56.422607	-319.817505
1525657235.605667	1525657235.605667	22.019470	55.445999	-319.963928
1525657235.622964	1525657235.622964	21.194229	55.443192	-319.741394
1525657235.623399	1525657235.623399	20.593964	55.366516	-319.817780
1525657235.642318	1525657235.642318	20.140045	54.614349	-319.290009
1525657235.642449	1525657235.642449	19.538956	54.387436	-319.215546
1525657235.662439	1525657235.662439	18.936920	53.935623	-319.214874
1525657235.662563	1525657235.662563	18.334702	53.558029	-318.689606
1525657235.681988	1525657235.681988	17.733566	53.256577	-318.914764
1525657235.682089	1525657235.682089	17.205399	52.654312	-318.463043
1525657235.701712	1525657235.701712	16.606491	52.877625	-318.541077
1525657235.701782	1525657235.701782	16.527954	52.127167	-318.387177
1525657235.722943	1525657235.722943	16.003891	52.350479	-318.314972
1525657235.723046	1525657235.723046	15.778778	52.275146	-318.540222
1525657235.741213	1525657235.741213	15.250916	51.673340	-318.388519
1525657235.741394	1525657235.741394	14.876556	51.747665	-318.690033
1525657235.760961	1525657235.760961	14.797943	50.997086	-318.461121
1525657235.761213	1525657235.761213	14.349808	51.445526	-318.314941
1525657235.780414	1525657235.780414	13.898010	50.994507	-318.538818
1525657235.780544	1525657235.780544	13.746841	50.768829	-318.388062
1525657235.800250	1525657235.800250	13.296570	50.692581	-318.463959
1525657235.800373	1525657235.800373	13.293457	50.017456	-318.385284
1525657235.821080	1525657235.821080	12.619797	50.315445	-318.388947
1525657235.821780	1525657235.821780	12.616501	49.565536	-318.459808
1525657235.839330	1525657235.839330	12.241684	49.639191	-318.311340
1525657235.841074	1525657235.841074	11.715469	49.337830	-318.461243
1525657235.859284	1525657235.859284	11.864319	49.113052	-318.309570
1525657235.859411	1525657235.859411	11.039383	49.110703	-318.387054
1525657235.878820	1525657235.878820	10.887543	48.735016	-318.235413
1525657235.878944	1525657235.878944	10.362350	48.658661	-318.386597
1525657235.898461	1525657235.898461	10.210510	48.282974	-318.234955
1525657235.898580	1525657235.898580	10.132080	47.607178	-317.856476
1525657235.918120	1525657235.918120	9.533508	47.905502	-317.934937
1525657235.921007	1525657235.921007	9.230453	47.229584	-317.932129
1525657235.937834	1525657235.937834	8.480377	47.227234	-317.859344
1525657235.937921	1525657235.937921	8.628082	46.702774	-317.931030
1525657235.957439	1525657235.957439	8.100082	46.100739	-317.629333
1525657235.957565	1525657235.957565	7.726990	46.474960	-317.857483
1525657235.977230	1525657235.977230	7.498459	45.724045	-317.704041
1525657235.977355	1525657235.977355	6.898712	45.797150	-317.631256
1525657235.997060	1525657235.997060	6.670288	44.971893	-317.927399
1525657235.997177	1525657235.997177	6.594727	44.896332	-317.702209
1525657236.016651	1525657236.016651	5.919418	44.744873	-318.078400
1525657236.016777	1525657236.016777	5.991425	44.144638	-317.774872
1525657236.036255	1525657236.036255	5.091827	44.217056	-317.852966
1525657236.040782	1525657236.040782	5.162659	43.242584	-318.072388
1525657236.056769	1525657236.056769	4.336487	43.014893	-317.923615
1525657236.056855	1525657236.056855	3.810684	42.788651	-318.148956
1525657236.075551	1525657236.075551	3.506256	41.887177	-317.769928
1525657236.075673	1525657236.075673	2.831253	41.885147	-317.771942
1525657236.095351	1525657236.095351	2.527267	40.984344	-317.842865
1525657236.095477	1525657236.095477	1.926773	40.907318	-317.694244
1525657236.114903	1525657236.114903	1.323761	40.156067	-318.066925
1525657236.115020	1525657236.115020	1.318909	39.180374	-317.611603
1525657236.139596	1525657236.139596	0.119202	39.177231	-317.915161
1525657236.139693	1525657236.139693	-0.261383	37.901306	-318.059296
1525657236.154622	1525657236.154622	-1.013672	37.374161	-318.133667
1525657236.154705	1525657236.154705	-1.316605	36.623917	-318.580414
1525657236.173955	1525657236.173955	-1.843414	36.172668	-318.804535
1525657236.174441	1525657236.174441	-2.895523	35.570419	-319.404358
1525657236.193758	1525657236.193758	-3.200439	34.444717	-319.549072
1525657236.194291	1525657236.194291	-4.401169	34.216568	-319.851440
1525657236.213422	1525657236.213422	-4.930222	33.165985	-320.522247
1525657236.213540	1525657236.213540	-5.533981	32.264618	-320.819092
1525657236.233100	1525657236.233100	-6.810684	31.587814	-322.169220
1525657236.233226	1525657236.233226	-7.490295	30.461441	-322.615082
1525657236.252534	1525657236.252534	-8.617142	29.784866	-323.814697
1525657236.254196	1525657236.254196	-9.144958	28.810638	-325.385925
1525657236.272560	1525657236.272560	-10.645493	28.358398	-326.887939
1525657236.274125	1525657236.274125	-11.321579	27.684280	-328.836304
1525657236.291885	1525657236.291885	-11.999512	26.634949	-330.632538
1525657236.292011	1525657236.292011	-12.824692	26.259720	-332.132935
1525657236.311892	1525657236.311892	-12.903900	25.061279	-333.326630
1525657236.312014	1525657236.312014	-14.106339	24.383575	-333.926483
1525657236.331510	1525657236.331510	-14.262161	22.958984	-334.519104
1525657236.331637	1525657236.331637	-14.569458	21.457260	-333.986786
1525657236.353914	1525657236.353914	-15.026550	20.029877	-333.305328
1525657236.354038	1525657236.354038	-14.736328	18.079269	-332.318695
1525657236.370721	1525657236.370721	-15.345688	16.350067	-330.735992
1525657236.370848	1525657236.370848	-14.980408	14.474228	-329.449615
1525657236.392143	1525657236.392143	-14.987625	13.122513	-328.317200
1525657236.392223	1525657236.392223	-14.840714	12.671371	-327.264282
1525657236.410208	1525657236.410208	-14.543640	12.220901	-326.360870
1525657236.410344	1525657236.410344	-15.214935	13.043900	-326.367401
1525657236.429964	1525657236.429964	-14.762711	13.570038	-326.218964
1525657236.430093	1525657236.430093	-15.283295	14.618027	-325.926300
1525657236.449728	1525657236.449728	-15.500961	16.192734	-326.160614
1525657236.449855	1525657236.449855	-15.194656	17.544006	-326.392090
1525657236.469082	1525657236.469082	-15.709930	19.568375	-327.004791
1525657236.470824	1525657236.470824	-15.551407	21.145996	-328.438019
1525657236.489860	1525657236.489860	-15.916290	23.171387	-329.425232
1525657236.490047	1525657236.490047	-15.830246	25.274017	-331.011536
1525657236.508538	1525657236.508538	-15.295853	27.226532	-331.620697
1525657236.508669	1525657236.508669	-15.281952	30.078186	-332.686310
1525657236.528245	1525657236.528245	-14.221802	32.331375	-332.695526
1525657236.528438	1525657236.528438	-13.532837	35.483124	-332.485779
1525657236.548000	1525657236.548000	-12.020691	38.262115	-332.121521
1525657236.548134	1525657236.548134	-10.209488	40.966110	-331.156006
1525657236.569421	1525657236.569421	-8.547241	43.820206	-330.566711
1525657236.571279	1525657236.571279	-6.812653	46.149078	-329.674316
1525657236.587513	1525657236.587513	-5.150574	48.928406	-329.234619
1525657236.587950	1525657236.587950	-2.591736	50.960632	-328.938141
1525657236.607303	1525657236.607303	-0.631577	53.365509	-328.270447
1525657236.607500	1525657236.607500	1.704803	55.847870	-328.502106
1525657236.626610	1525657236.626610	4.488022	57.805328	-327.904510
1525657236.626723	1525657236.626723	7.350632	60.589035	-327.986267
1525657236.646117	1525657236.646117	10.730881	61.724396	-328.132355
1525657236.646251	1525657236.646251	13.816620	64.058990	-328.360931
1525657236.666266	1525657236.666266	17.202591	66.394836	-328.813599
1525657236.666393	1525657236.666393	20.282242	67.379395	-329.034790
1525657236.687414	1525657236.687414	23.891403	69.266235	-329.709351
1525657236.687540	1525657236.687540	26.743530	69.724899	-329.778290
1525657236.705311	1525657236.705311	29.749649	71.083923	-329.776764
1525657236.706740	1525657236.706740	32.602020	71.542923	-330.070740
1525657236.724944	1525657236.724944	35.452271	71.700790	-329.613037
1525657236.725077	1525657236.725077	38.233002	72.909576	-329.911346
1525657236.744751	1525657236.744751	40.407944	72.915970	-329.829865
1525657236.744876	1525657236.744876	42.584366	73.148056	-330.199615
1525657236.764285	1525657236.764285	44.009354	73.077774	-330.494934
1525657236.764402	1525657236.764402	44.834290	73.080139	-330.417511
1525657236.787096	1525657236.787096	44.986267	73.456039	-330.719086
1525657236.787224	1525657236.787224	44.459122	73.078781	-330.268585
1525657236.804514	1525657236.804514	43.260956	73.599411	-329.750061
1525657236.804594	1525657236.804594	42.058823	73.294678	-329.001984
1525657236.823967	1525657236.823967	41.306824	72.916977	-328.702179
1525657236.824054	1525657236.824054	40.181931	72.988266	-328.480957
1525657236.843266	1525657236.843266	39.431915	73.135010	-327.809021
1525657236.843384	1525657236.843384	38.307510	73.281540	-327.738190
1525657236.862888	1525657236.862888	37.103271	72.526688	-326.912598
1525657236.863051	1525657236.863051	35.453186	72.670624	-326.168365
1525657236.882995	1525657236.882995	33.726776	72.439880	-325.797272
1525657236.883112	1525657236.883112	32.973465	71.836716	-325.196228
1525657236.902034	1525657236.902034	31.997574	71.758011	-324.673706
1525657236.905066	1525657236.905066	31.844162	71.081985	-324.295471
1525657236.921663	1525657236.921663	32.071747	71.757004	-323.848511
1525657236.922792	1525657236.922792	31.919189	71.305756	-323.321503
1525657236.941468	1525657236.941468	32.292618	71.155518	-322.419525
1525657236.943149	1525657236.943149	31.468277	71.303040	-322.422821
1525657236.961051	1525657236.961051	30.263123	70.323288	-321.671021
1525657236.961179	1525657236.961179	28.988556	70.469147	-321.450653
1525657236.980988	1525657236.980988	27.860992	69.865982	-321.600708
1525657236.981107	1525657236.981107	27.109558	69.712616	-320.852142
1525657237.000647	1525657237.000647	26.584732	69.785812	-320.704132
1525657237.000783	1525657237.000783	26.354355	68.808640	-319.724426
1525657237.020203	1525657237.020203	26.054504	68.956970	-319.201172
1525657237.021454	1525657237.021454	25.824326	67.905594	-318.746063
1525657237.039849	1525657237.039849	25.224075	68.052444	-317.848663
1525657237.039923	1525657237.039923	24.472916	67.824966	-317.699677
1525657237.059484	1525657237.059484	24.167877	66.922592	-316.720642
1525657237.059597	1525657237.059597	23.042557	66.918762	-316.423981
1525657237.079571	1525657237.079571	22.438446	66.091385	-316.046234
1525657237.079666	1525657237.079666	21.611267	65.787674	-315.222046
1525657237.098971	1525657237.098971	20.634903	65.484741	-315.223297
1525657237.099058	1525657237.099058	20.481812	64.883728	-314.845459
1525657237.122581	1525657237.122581	19.656540	64.955353	-314.248322
1525657237.122734	1525657237.122734	19.651474	63.979309	-313.567993
1525657237.138392	1525657237.138392	19.124741	63.677170	-313.192902
1525657237.138629	1525657237.138629	18.974701	63.751160	-312.818756
1525657237.158314	1525657237.158314	18.371689	63.148895	-312.517242
1525657237.158435	1525657237.158435	17.846680	63.147324	-312.518829
1525657237.177554	1525657237.177554	17.392654	62.320496	-312.215637
1525657237.178234	1525657237.178234	17.018768	62.619049	-311.993408
1525657237.197370	1525657237.197370	16.714233	61.642899	-311.838959
1525657237.197487	1525657237.197487	16.714188	61.717331	-311.464355
1525657237.217027	1525657237.217027	16.264938	61.866104	-311.541504
1525657237.217154	1525657237.217154	16.111176	61.115082	-311.162842
1525657237.236551	1525657237.236551	15.212860	61.487396	-311.167603
1525657237.237902	1525657237.237902	15.059555	60.737030	-311.238922
1525657237.256473	1525657237.256473	14.759583	60.810684	-310.940247
1525657237.256591	1525657237.256591	13.932617	60.358322	-311.015228
1525657237.276121	1525657237.276121	14.154694	59.758652	-310.786255
1525657237.276250	1525657237.276250	13.330704	59.981171	-310.789948
1525657237.295682	1525657237.295682	13.778259	59.457397	-310.710754
1525657237.295794	1525657237.295794	12.954498	59.829254	-310.265228
1525657237.315371	1525657237.315371	12.728546	59.603699	-310.339691
1525657237.315483	1525657237.315483	12.350433	58.927444	-310.262085
1525657237.334973	1525657237.334973	11.675156	58.850540	-310.338715
1525657237.337961	1525657237.337961	11.447861	58.324966	-310.411499
1525657237.354912	1525657237.354912	10.922745	58.397720	-309.963470
1525657237.358124	1525657237.358124	10.394745	57.646683	-310.335938
1525657237.374390	1525657237.374390	9.792892	57.269653	-310.185638
1525657237.375925	1525657237.375925	8.893219	57.341965	-310.188751
1525657237.394175	1525657237.394175	9.040176	56.667404	-310.184601
1525657237.394302	1525657237.394302	7.915436	56.738922	-310.113342
1525657237.413464	1525657237.413464	7.838028	56.139130	-310.410309
1525657237.413529	1525657237.413529	7.161438	55.836761	-310.185669
1525657237.433446	1525657237.433446	6.635910	55.685410	-310.336426
1525657237.433573	1525657237.433573	6.258774	55.159622	-310.559662
1525657237.453142	1525657237.453142	5.883316	55.157822	-310.110748
1525657237.453219	1525657237.453219	5.504745	54.331894	-310.257324
1525657237.473618	1525657237.473618	4.529388	54.253983	-310.259827
1525657237.473713	1525657237.473713	3.701645	53.576950	-310.558655
1525657237.492282	1525657237.492282	3.322357	52.675461	-310.329803
1525657237.492441	1525657237.492441	2.121674	52.521866	-310.332581
1525657237.512044	1525657237.512044	2.492920	51.623413	-310.626495
1525657237.512177	1525657237.512177	1.442017	51.469940	-310.403809
1525657237.531941	1525657237.531941	0.689865	50.943008	-310.628174
1525657237.532095	1525657237.532095	0.460358	50.041641	-310.173889
1525657237.561208	1525657237.561208	-0.815811	49.663605	-310.700653
1525657237.561587	1525657237.561587	-1.196136	48.462555	-310.770172
1525657237.571224	1525657237.571224	-2.396072	48.459076	-310.848785
1525657237.571763	1525657237.571763	-3.151459	47.182373	-311.219025
1525657237.590546	1525657237.590546	-3.605057	46.281677	-311.665436
1525657237.590617	1525657237.590617	-4.955154	46.128540	-312.268616
1525657237.610217	1525657237.610217	-5.409698	45.002960	-312.788818
1525657237.610282	1525657237.610282	-6.685791	44.625031	-313.390533
1525657237.630228	1525657237.630228	-7.214691	43.574677	-314.211334
1525657237.630353	1525657237.630353	-8.343002	42.672409	-314.959778
1525657237.649715	1525657237.649715	-9.620605	41.845261	-316.084076
1525657237.649787	1525657237.649787	-10.447784	41.094574	-317.282440
1525657237.669277	1525657237.669277	-12.175919	40.116302	-318.557220
1525657237.669322	1525657237.669322	-13.154037	38.991287	-320.503937
1525657237.688822	1525657237.688822	-14.505722	38.165283	-322.528503
1525657237.688885	1525657237.688885	-15.930679	37.639603	-324.929871
1525657237.708652	1525657237.708652	-16.758240	36.739365	-326.427399
1525657237.708720	1525657237.708720	-17.734894	35.989029	-328.151215
1525657237.728284	1525657237.728284	-17.814514	34.715454	-329.269440
1525657237.728349	1525657237.728349	-18.942520	33.962631	-329.643677
1525657237.747958	1525657237.747958	-18.950592	32.237152	-329.334198
1525657237.748026	1525657237.748026	-19.336121	30.134399	-328.273804
1525657237.770457	1525657237.770457	-19.869354	28.556107	-327.141724
1525657237.771742	1525657237.771742	-19.580765	26.305038	-325.853485
1525657237.788193	1525657237.788193	-19.890503	24.576172	-323.894897
1525657237.788275	1525657237.788275	-19.000427	22.776123	-322.082336
1525657237.807398	1525657237.807398	-18.334854	21.199615	-319.746643
1525657237.807473	1525657237.807473	-18.038864	20.524033	-318.767029
1525657237.827019	1525657237.827019	-17.144470	19.549896	-317.559021
1525657237.827152	1525657237.827152	-17.366318	20.298904	-317.338806
1525657237.846881	1525657237.846881	-16.537430	21.126617	-317.490875
1525657237.847011	1525657237.847011	-16.304016	22.927780	-317.800049
1525657237.866475	1525657237.866475	-16.143646	25.029633	-318.711151
1525657237.866655	1525657237.866655	-15.534103	26.982605	-319.470062
1525657237.885905	1525657237.885905	-15.670837	29.609344	-320.909912
1525657237.887753	1525657237.887753	-14.758514	32.014359	-322.420410
1525657237.905603	1525657237.905603	-14.143585	34.943802	-324.159668
1525657237.905719	1525657237.905719	-13.305389	37.424377	-326.195801
1525657237.925235	1525657237.925235	-12.092606	39.979950	-327.481232
1525657237.925363	1525657237.925363	-10.502411	42.987198	-329.142975
1525657237.945066	1525657237.945066	-8.539658	45.619461	-330.051605
1525657237.945194	1525657237.945194	-6.501007	48.551270	-330.511566
1525657237.964694	1525657237.964694	-3.113129	51.411438	-330.517151
1525657237.965062	1525657237.965062	-0.177734	53.819580	-330.071594
1525657237.986649	1525657237.986649	3.284790	56.604965	-330.076538
1525657237.987642	1525657237.987642	7.116928	58.340454	-329.399567
1525657238.003966	1525657238.003966	9.976791	60.598587	-329.103424
1525657238.004078	1525657238.004078	13.807983	61.960190	-329.174408
1525657238.023703	1525657238.023703	17.040680	63.620224	-329.398834
1525657238.023824	1525657238.023824	20.422485	64.981369	-330.071198
1525657238.043387	1525657238.043387	24.326324	65.669205	-330.813263
1525657238.043515	1525657238.043515	27.708389	67.105240	-331.410980
1525657238.063121	1525657238.063121	31.385864	67.492386	-332.152069
1525657238.063248	1525657238.063248	34.615372	68.328201	-332.896973
1525657238.082768	1525657238.082768	37.993088	68.714783	-333.864014
1525657238.082886	1525657238.082886	40.691650	68.348206	-334.078888
1525657238.102316	1525657238.102316	43.166748	68.206741	-334.820709
1525657238.102427	1525657238.102427	45.415802	67.914032	-335.187347
1525657238.122043	1525657238.122043	47.067703	68.219772	-335.709045
1525657238.123309	1525657238.123309	48.266479	67.849030	-336.153412
1525657238.141681	1525657238.141681	49.690063	67.553177	-336.072510
1525657238.141812	1525657238.141812	50.740341	67.482224	-336.668976
1525657238.161443	1525657238.161443	51.486481	66.659225	-336.512207
1525657238.161572	1525657238.161572	52.087387	66.960358	-336.062073
1525657238.180998	1525657238.180998	52.159561	66.434891	-335.608978
1525657238.181117	1525657238.181117	51.633545	66.357300	-334.935120
1525657238.206309	1525657238.206309	50.509583	66.653488	-334.640137
1525657238.206417	1525657238.206417	49.382614	66.349213	-334.041840
1525657238.220559	1525657238.220559	48.559326	66.796295	-333.746765
1525657238.220630	1525657238.220630	46.982178	66.266907	-333.973572
1525657238.240215	1525657238.240215	46.157013	66.413208	-333.151886
1525657238.240334	1525657238.240334	45.333237	66.636078	-333.380585
1525657238.260029	1525657238.260029	44.354630	66.031784	-332.480133
1525657238.260161	1525657238.260161	43.455246	66.253540	-332.109070
1525657238.279564	1525657238.279564	42.628357	65.950272	-331.584869
1525657238.279684	1525657238.279684	42.478928	66.025162	-331.810730
1525657238.299215	1525657238.299215	42.328705	65.875381	-332.260376
1525657238.299340	1525657238.299340	42.477493	65.725037	-331.734100
1525657238.318815	1525657238.318815	42.402039	65.724136	-331.284332
1525657238.320033	1525657238.320033	41.872559	64.896423	-330.531372
1525657238.338532	1525657238.338532	40.899506	65.492386	-329.787567
1525657238.340341	1525657238.340341	39.696823	64.963333	-329.488251
1525657238.357963	1525657238.357963	38.494293	64.583481	-328.664795
1525657238.358090	1525657238.358090	37.219360	64.579773	-328.743591
1525657238.377890	1525657238.377890	36.766724	64.127518	-328.142487
1525657238.378018	1525657238.378018	36.465591	63.975937	-327.692535
1525657238.397583	1525657238.397583	36.461563	63.150467	-327.388031
1525657238.397707	1525657238.397707	36.235474	63.073669	-326.638245
1525657238.417270	1525657238.417270	36.010757	63.222427	-326.264740
1525657238.417608	1525657238.417608	35.408249	62.695389	-326.113617
1525657238.436824	1525657238.436824	34.357971	62.766357	-325.517212
1525657238.439870	1525657238.439870	33.979919	62.239197	-324.840424
1525657238.456529	1525657238.456529	33.376831	61.636826	-324.463928
1525657238.456645	1525657238.456645	32.926941	61.710144	-324.240662
1525657238.476243	1525657238.476243	33.148788	61.110123	-323.786713
1525657238.476425	1525657238.476425	32.775620	61.633224	-323.265717
1525657238.495961	1525657238.495961	32.547150	60.882416	-323.187256
1525657238.496077	1525657238.496077	31.873871	61.329956	-322.891754
1525657238.515585	1525657238.515585	31.421173	60.728592	-322.889801
1525657238.515701	1525657238.515701	30.669357	60.425674	-322.440399
1525657238.535440	1525657238.535440	30.144867	60.573883	-322.292786
1525657238.535557	1525657238.535557	30.142212	60.048416	-321.989899
1525657238.555307	1525657238.555307	29.392715	60.195953	-321.842957
1525657238.558566	1525657238.558566	29.239868	59.595261	-321.690125
1525657238.575358	1525657238.575358	29.164490	59.594467	-321.315308
1525657238.576723	1525657238.576723	28.489075	59.517334	-321.241913
1525657238.594338	1525657238.594338	28.186432	58.916534	-321.314514
1525657238.594467	1525657238.594467	27.588684	59.514069	-320.869598
1525657238.613997	1525657238.613997	27.134354	58.537811	-320.940582
1525657238.614114	1525657238.614114	26.984055	58.536911	-320.641052
1525657238.633651	1525657238.633651	26.383606	58.385452	-320.867004
1525657238.633777	1525657238.633777	26.456451	58.009995	-320.414734
1525657238.653229	1525657238.653229	26.006561	58.083298	-320.191467
1525657238.653345	1525657238.653345	25.778519	57.407623	-320.188446
1525657238.672910	1525657238.672910	25.405197	57.781494	-320.191620
1525657238.673525	1525657238.673525	24.803696	57.479477	-320.041779
1525657238.692983	1525657238.692983	24.801025	56.954010	-319.738892
1525657238.695242	1525657238.695242	24.426956	57.177780	-319.666260
1525657238.712353	1525657238.712353	24.726105	56.953903	-319.814117
1525657238.712480	1525657238.712480	23.975449	56.876205	-319.515961
1525657238.732036	1525657238.732036	23.750000	56.725861	-319.740784
1525657238.732154	1525657238.732154	23.297302	56.124496	-319.738831
1525657238.751621	1525657238.751621	22.773972	56.497940	-319.742462
1525657238.754142	1525657238.754142	22.770599	55.747925	-319.738342
1525657238.771342	1525657238.771342	22.246048	55.896011	-319.515747
1525657238.771459	1525657238.771459	21.720261	55.669769	-319.741058
1525657238.790900	1525657238.790900	21.569016	55.443985	-319.515289
1525657238.791020	1525657238.791020	20.743057	55.216614	-319.591492
1525657238.810628	1525657238.810628	20.741714	54.916611	-319.589844
1525657238.810744	1525657238.810744	19.542191	54.988235	-319.743835
1525657238.831244	1525657238.831244	19.164139	54.312103	-319.741272
1525657238.831358	1525657238.831358	18.562897	54.084961	-319.516846
1525657238.850069	1525657238.850069	17.661835	53.782715	-319.817871
1525657238.850183	1525657238.850183	16.982208	52.805328	-319.589508
1525657238.869844	1525657238.869844	16.230698	52.502853	-319.440125
1525657238.869958	1525657238.869958	15.777206	51.676834	-319.661957
1525657238.890528	1525657238.890528	14.801285	51.523560	-319.439026
1525657238.890604	1525657238.890604	13.972870	50.696518	-319.736938
1525657238.909057	1525657238.909057	13.369675	50.019485	-319.585052
1525657238.909144	1525657238.909144	12.469620	49.942245	-319.887329
1525657238.928859	1525657238.928859	12.090942	49.041656	-320.258514
1525657238.928979	1525657238.928979	10.964508	48.738174	-320.185211
1525657238.948773	1525657238.948773	10.287018	47.987488	-321.083099
1525657238.948887	1525657238.948887	9.308746	47.160217	-321.531494
1525657238.967926	1525657238.967926	8.332047	46.633301	-322.206543
1525657238.968041	1525657238.968041	7.878555	45.807281	-322.428375
1525657238.987691	1525657238.987691	6.527374	45.429016	-322.955322
1525657238.987806	1525657238.987806	6.148819	44.454102	-323.776123
1525657239.007488	1525657239.007488	5.095917	43.627182	-324.599701
1525657239.007606	1525657239.007606	3.970764	43.325607	-325.801422
1525657239.027143	1525657239.027143	3.441925	42.275375	-326.697235
1525657239.027265	1525657239.027265	2.466629	41.974014	-327.748535
1525657239.046922	1525657239.046922	2.088928	41.074905	-329.094696
1525657239.047041	1525657239.047041	1.259521	39.948425	-329.765991
1525657239.066387	1525657239.066387	0.583771	39.498306	-331.040527
1525657239.066500	1525657239.066500	0.278214	38.148163	-331.559021
1525657239.086170	1525657239.086170	-0.699066	37.471359	-332.308228
1525657239.086290	1525657239.086290	-0.629425	36.197128	-332.675995
1525657239.105877	1525657239.105877	-1.235779	34.770401	-332.744995
1525657239.105987	1525657239.105987	-1.615936	33.644150	-332.664917
1525657239.125551	1525657239.125551	-1.097458	32.295013	-332.205963
1525657239.125661	1525657239.125661	-1.552078	31.318314	-331.976959
1525657239.145154	1525657239.145154	-0.882111	30.418839	-330.994995
1525657239.145257	1525657239.145257	-1.262085	29.516342	-330.091187
1525657239.165051	1525657239.165051	-0.290405	28.843796	-329.784546
1525657239.165122	1525657239.165122	0.082092	28.394241	-329.330994
1525657239.185017	1525657239.185017	0.383072	28.545593	-329.630890
1525657239.185091	1525657239.185091	1.359360	28.848404	-329.554657
1525657239.205309	1525657239.205309	1.438309	29.673981	-329.783936
1525657239.205673	1525657239.205673	2.790543	30.053833	-330.306976
1525657239.224428	1525657239.224428	3.843933	30.806992	-330.307983
1525657239.224541	1525657239.224541	4.450546	32.010620	-331.512756
1525657239.244047	1525657239.244047	5.805496	32.990479	-332.039062
1525657239.244158	1525657239.244158	6.561172	33.969650	-333.317230
1525657239.263355	1525657239.263355	8.291870	34.951767	-334.592438
1525657239.264024	1525657239.264024	9.274200	36.381073	-335.497314
1525657239.285234	1525657239.285234	10.930573	37.512955	-336.773560
1525657239.285309	1525657239.285309	12.735550	38.419708	-337.673126
1525657239.302601	1525657239.302601	14.167862	39.775818	-338.876343
1525657239.302712	1525657239.302712	16.497208	40.608704	-339.473938
1525657239.322239	1525657239.322239	18.301819	41.514893	-339.998474
1525657239.322350	1525657239.322350	20.706802	42.423462	-340.896271
1525657239.342144	1525657239.342144	22.734406	42.954880	-341.118103
1525657239.342251	1525657239.342251	24.613235	43.636642	-341.866211
1525657239.361680	1525657239.361680	26.712845	43.418823	-342.458710
1525657239.361879	1525657239.361879	28.141953	44.248672	-342.833984
1525657239.381380	1525657239.381380	30.090652	43.880066	-343.201111
1525657239.381493	1525657239.381493	31.515564	43.809677	-343.421448
1525657239.401462	1525657239.401462	33.166443	43.890411	-343.941956
1525657239.401537	1525657239.401537	34.740677	43.670456	-344.161011
1525657239.420515	1525657239.420515	35.568161	44.123627	-344.611023
1525657239.420640	1525657239.420640	36.988647	43.003647	-345.125610
1525657239.440127	1525657239.440127	37.964401	43.156693	-345.198517
1525657239.440235	1525657239.440235	38.638504	42.859375	-345.644897
1525657239.459950	1525657239.459950	39.161407	42.410828	-345.565826
1525657239.460072	1525657239.460072	39.388412	42.786972	-345.867218
1525657239.479713	1525657239.479713	39.608566	41.662949	-346.085388
1525657239.479836	1525657239.479836	39.911133	42.263641	-345.937775
1525657239.499461	1525657239.499461	39.609283	41.738510	-346.460785
1525657239.499580	1525657239.499580	39.457138	41.362381	-346.009186
1525657239.519205	1525657239.519205	39.007584	41.361710	-346.460510
1525657239.519318	1525657239.519318	38.479538	40.685120	-346.458374
1525657239.538653	1525657239.538653	38.104492	40.758438	-346.084900
1525657239.538779	1525657239.538779	37.050888	39.855957	-346.533112
1525657239.558520	1525657239.558520	36.524261	39.628464	-345.933441
1525657239.558642	1525657239.558642	35.624634	39.626343	-346.311127
1525657239.578131	1525657239.578131	34.797104	39.098633	-346.160706
1525657239.578238	1525657239.578238	34.047089	39.096390	-346.162964
1525657239.597611	1525657239.597611	33.295319	38.719025	-346.088135
1525657239.597685	1525657239.597685	32.993027	38.342209	-345.486938
1525657239.618001	1525657239.618001	32.243011	38.339966	-345.489197
1525657239.618144	1525657239.618144	32.089188	37.588821	-345.035553
1525657239.637194	1525657239.637194	31.491653	38.037704	-345.489777
1525657239.637420	1525657239.637420	32.013168	37.214600	-345.708710
1525657239.657126	1525657239.657126	32.089005	37.365051	-345.859283
1525657239.657257	1525657239.657257	31.639038	37.438263	-345.561066
1525657239.676525	1525657239.676525	31.486740	37.061890	-344.959442
1525657239.676865	1525657239.676865	30.586273	37.058517	-344.512146
1525657239.696195	1525657239.696195	29.983826	36.531601	-344.436035
1525657239.696423	1525657239.696423	29.532547	36.379349	-343.836517
1525657239.715884	1525657239.715884	28.630508	35.926651	-343.836731
1525657239.716005	1525657239.716005	27.952042	35.323486	-343.085449
1525657239.735462	1525657239.735462	27.502899	35.546906	-342.938049
1525657239.735573	1525657239.735573	27.198044	34.570312	-342.483582
1525657239.755286	1525657239.755286	27.049362	34.944305	-342.111084
1525657239.755409	1525657239.755409	26.597595	34.567841	-342.035400
1525657239.774912	1525657239.774912	26.520111	34.116943	-341.583130
1525657239.775033	1525657239.775033	26.221191	34.341156	-341.660278
1525657239.794583	1525657239.794583	25.918488	33.740234	-341.657867
1525657239.794704	1525657239.794704	25.470764	34.263794	-341.587097
1525657239.814256	1525657239.814256	25.691711	33.364441	-341.581482
1525657239.814368	1525657239.814368	25.541000	33.288437	-341.206512
1525657239.833831	1525657239.833831	25.240784	33.138199	-341.656586
1525657239.834218	1525657239.834218	25.312164	32.388077	-341.427246
1525657239.853585	1525657239.853585	25.237961	32.612518	-341.203705
1525657239.853658	1525657239.853658	24.936569	32.237061	-341.502563
1525657239.873340	1525657239.873340	25.010254	32.011826	-341.201080
1525657239.873412	1525657239.873412	24.260208	31.935028	-341.502930
1525657239.893442	1525657239.893442	24.482620	31.410355	-341.274384
1525657239.893515	1525657239.893515	24.109009	31.634796	-341.651733
1525657239.940829	1525657239.940829	24.107239	31.259674	-341.574646
1525657239.940958	1525657239.940958	23.730988	31.033218	-341.349518
1525657239.941041	1525657239.941041	23.430954	30.957764	-341.650024
1525657239.941162	1525657239.941162	23.504715	30.732651	-341.423553
1525657239.951958	1525657239.951958	22.981369	31.031525	-341.726776
1525657239.952247	1525657239.952247	23.428253	30.357758	-341.646729
1525657239.971648	1525657239.971648	22.902161	30.131058	-341.572052
1525657239.971767	1525657239.971767	22.826706	29.981171	-341.796478
1525657239.991329	1525657239.991329	22.900467	29.756058	-341.570007
1525657239.991437	1525657239.991437	22.827118	30.056290	-341.871887
1525657240.011063	1525657240.011063	23.275620	29.757401	-341.718872
1525657240.011176	1525657240.011176	22.751450	29.906052	-341.871277
1525657240.030757	1525657240.030757	22.749985	29.531387	-342.094208
1525657240.030866	1525657240.030866	22.673996	29.380707	-341.793610
1525657240.050460	1525657240.050460	22.525772	29.755386	-341.871155
1525657240.050872	1525657240.050872	22.673065	29.155823	-341.867401
1525657240.070021	1525657240.070021	22.074066	29.379028	-341.870422
1525657240.070130	1525657240.070130	22.447006	28.855591	-342.166412
1525657240.089570	1525657240.089570	22.448318	29.230026	-341.793457
1525657240.089680	1525657240.089680	22.148438	29.154800	-342.243958
1525657240.109488	1525657240.109488	22.220810	28.704117	-341.641266
1525657240.109562	1525657240.109562	21.846970	28.928223	-341.793610
1525657240.129298	1525657240.129298	22.145020	28.479233	-341.865265
1525657240.129409	1525657240.129409	22.072723	29.079025	-341.868774
1525657240.148620	1525657240.148620	21.771667	28.778564	-342.168030
1525657240.148730	1525657240.148730	22.144791	28.478897	-341.640259
1525657240.168395	1525657240.168395	21.845764	28.628448	-341.941956
1525657240.168509	1525657240.168509	21.994232	28.254120	-342.089447
1525657240.188062	1525657240.188062	21.470016	28.477203	-341.867279
1525657240.188172	1525657240.188172	21.542267	27.802872	-342.163330
1525657240.207713	1525657240.207713	21.766556	27.727982	-341.787262
1525657240.207824	1525657240.207824	21.093353	28.026642	-342.240936
1525657240.227400	1525657240.227400	21.164673	27.276398	-341.936584
1525657240.227509	1525657240.227509	20.489105	27.199036	-341.713165
1525657240.247079	1525657240.247079	20.486374	26.524475	-342.009491
1525657240.247189	1525657240.247189	20.109512	26.297104	-341.184357
1525657240.266746	1525657240.266746	20.032944	25.847549	-341.632111
1525657240.266816	1525657240.266816	19.728653	24.946289	-341.403076
1525657240.286573	1525657240.286573	19.280350	25.319946	-341.406464
1525657240.286645	1525657240.286645	19.201431	24.419922	-341.551758
1525657240.306459	1525657240.306459	18.825912	24.269028	-341.702026
1525657240.306530	1525657240.306530	18.451050	24.268127	-341.853180
1525657240.326033	1525657240.326033	18.447891	23.667435	-341.399872
1525657240.326147	1525657240.326147	17.773346	23.666092	-341.851898
1525657240.345753	1525657240.345753	17.919891	22.767426	-342.446503
1525657240.345863	1525657240.345863	17.095078	22.839737	-342.299377
1525657240.365114	1525657240.365114	17.015717	21.790054	-342.668823
1525657240.365712	1525657240.365712	16.863129	21.264252	-342.441406
1525657240.384788	1525657240.384788	16.261627	20.813232	-342.965759
1525657240.385004	1525657240.385004	16.635193	20.514236	-342.887970
1525657240.404490	1525657240.404490	15.881439	19.612411	-343.185242
1525657240.404600	1525657240.404600	15.878967	18.863754	-344.081177
1525657240.424060	1525657240.424060	15.877350	18.488861	-344.154083
1525657240.424169	1525657240.424169	15.351379	18.038849	-345.203247
1525657240.444007	1525657240.444007	15.347778	17.139511	-345.648285
1525657240.444117	1525657240.444117	14.972244	16.839615	-346.472778
1525657240.463503	1525657240.463503	15.418304	15.866623	-346.916046
1525657240.463612	1525657240.463612	14.666321	15.339935	-347.290405
1525657240.483195	1525657240.483195	14.364059	14.739700	-347.738037
1525657240.483307	1525657240.483307	14.357483	13.314438	-347.580200
1525657240.502863	1525657240.502863	13.528381	12.486389	-347.203156
1525657240.502973	1525657240.502973	13.748917	11.511917	-347.122101
1525657240.522563	1525657240.522563	13.218994	10.534546	-346.593353
1525657240.522673	1525657240.522673	12.688171	9.257828	-346.512909
1525657240.542286	1525657240.542286	12.757385	8.206451	-345.456940
1525657240.542357	1525657240.542357	12.304749	7.754196	-344.855804
1525657240.562229	1525657240.562229	12.450806	6.929291	-344.625824
1525657240.562301	1525657240.562301	11.398651	6.550461	-344.176880
1525657240.581869	1525657240.581869	11.173309	6.474777	-344.177124
1525657240.581941	1525657240.581941	10.721909	6.247864	-343.802246
1525657240.601674	1525657240.601674	9.749161	6.695282	-344.032623
1525657240.601889	1525657240.601889	9.599228	6.694946	-344.108063
1525657240.621310	1525657240.621310	8.627182	7.366928	-344.039673
1525657240.621421	1525657240.621421	8.255081	7.891617	-344.568726
1525657240.641153	1525657240.641153	7.957855	8.490845	-344.647888
1525657240.641267	1525657240.641267	7.362350	9.240753	-345.778778
1525657240.660389	1525657240.660389	7.291382	10.065994	-346.083557
1525657240.660495	1525657240.660495	6.472458	11.264557	-346.767578
1525657240.679786	1525657240.679786	6.626541	12.090591	-347.146667
1525657240.679896	1525657240.679896	5.733856	13.663269	-347.382996
1525657240.699598	1525657240.699598	5.365051	14.937851	-347.841125
1525657240.699709	1525657240.699709	4.995010	16.136078	-347.398804
1525657240.719463	1525657240.719463	4.177841	17.858765	-347.485748
1525657240.719573	1525657240.719573	4.482010	18.834335	-347.265198
1525657240.739123	1525657240.739123	4.039810	20.632584	-346.976410
1525657240.739234	1525657240.739234	3.671005	21.907166	-347.434540
1525657240.758782	1525657240.758782	3.827423	23.481628	-346.767731
1525657240.758891	1525657240.758891	3.610840	25.430435	-346.404114
1525657240.778494	1525657240.778494	4.142853	27.155914	-345.661987
1525657240.778675	1525657240.778675	4.225967	29.105179	-344.997467
1525657240.797950	1525657240.797950	4.458328	30.904755	-344.256622
1525657240.798063	1525657240.798063	5.214371	32.480453	-343.213043
1525657240.817872	1525657240.817872	5.522858	34.430954	-342.922821
1525657240.818085	1525657240.818085	6.054092	36.080750	-341.730347
1525657240.837321	1525657240.837321	6.887085	37.957596	-341.288147
1525657240.837432	1525657240.837432	7.491821	39.158401	-340.617950
1525657240.857120	1525657240.857120	8.323441	40.809662	-339.799530
1525657240.857229	1525657240.857229	9.079895	42.311493	-339.505554
1525657240.876648	1525657240.876648	9.984116	43.363434	-338.983612
1525657240.876755	1525657240.876755	10.890991	44.940826	-338.764587
1525657240.896410	1525657240.896410	11.718658	45.617737	-338.390778
1525657240.896519	1525657240.896519	12.248856	46.819000	-338.170807
1525657240.916051	1525657240.916051	12.853439	47.721603	-338.698944
1525657240.916161	1525657240.916161	13.530060	48.247513	-337.949799
1525657240.935690	1525657240.935690	13.834564	49.149109	-338.403870
1525657240.935801	1525657240.935801	14.208069	48.850006	-338.251099
1525657240.955443	1525657240.955443	14.210815	49.524567	-337.954773
1525657240.955556	1525657240.955556	13.610123	49.372757	-337.955750
1525657240.975064	1525657240.975064	13.083542	49.070847	-337.730682
1525657240.975134	1525657240.975134	12.560913	49.445297	-338.409302
1525657240.995024	1525657240.995024	12.183090	48.918488	-337.957550
1525657240.995096	1525657240.995096	11.583939	49.141464	-337.810577
1525657241.014722	1525657241.014722	10.681259	48.613312	-337.510376
1525657241.014833	1525657241.014833	10.378632	48.161499	-336.908813
1525657241.034698	1525657241.034698	9.777802	48.009476	-336.759766
1525657241.034914	1525657241.034914	9.551849	47.932892	-336.160034
1525657241.054292	1525657241.054292	8.877930	48.304977	-335.564087
1525657241.054404	1525657241.054404	8.799026	47.553955	-335.035217
1525657241.073483	1525657241.073483	8.423904	47.627151	-334.586731
1525657241.073593	1525657241.073593	7.898453	47.475906	-334.812469
1525657241.093160	1525657241.093160	7.371338	47.024216	-334.736572
1525657241.093269	1525657241.093269	6.622757	47.173096	-335.489624
1525657241.113049	1525657241.113049	6.544754	46.572418	-335.186584
1525657241.113161	1525657241.113161	6.319260	46.645508	-334.362640
1525657241.132462	1525657241.132462	5.942825	46.493240	-333.612946
1525657241.132570	1525657241.132570	5.788086	45.740753	-332.259277
1525657241.152316	1525657241.152316	5.036423	45.587036	-331.285675
1525657241.152427	1525657241.152427	4.352280	43.857956	-329.928223
1525657241.171898	1525657241.171898	3.374191	43.403442	-328.878662
1525657241.172008	1525657241.172008	2.919479	42.575607	-327.900482
1525657241.191585	1525657241.191585	2.464218	41.672440	-326.696838
1525657241.191695	1525657241.191695	1.935867	40.995392	-326.394714
1525657241.211267	1525657241.211267	1.557709	40.393585	-325.942535
1525657241.211377	1525657241.211377	1.179886	39.866776	-325.490784
1525657241.230854	1525657241.230854	0.877747	39.341202	-325.713776
1525657241.230953	1525657241.230953	0.651154	39.040192	-325.487823
1525657241.251115	1525657241.251115	0.276306	39.039291	-325.638947
1525657241.251187	1525657241.251187	0.726089	39.040298	-325.412598
1525657241.270622	1525657241.270622	0.202087	39.263733	-325.415375
1525657241.270764	1525657241.270764	0.500153	38.814728	-325.487030
1525657241.290615	1525657241.290615	0.198746	38.588257	-325.111694
1525657241.290688	1525657241.290688	-0.027176	38.362701	-325.186127
1525657241.310093	1525657241.310093	-0.405746	37.685760	-324.658539
1525657241.310204	1525657241.310204	-0.856583	37.534195	-324.509064
1525657241.329926	1525657241.329926	-1.012558	36.258377	-324.277496
1525657241.330036	1525657241.330036	-1.236511	36.557251	-323.979828
1525657241.349594	1525657241.349594	-1.914108	36.029892	-323.753967
1525657241.349704	1525657241.349704	-1.843689	35.129303	-323.223816
1525657241.368660	1525657241.368660	-2.068771	35.128510	-323.149475
1525657241.368765	1525657241.368765	-2.070724	34.678619	-323.222015
1525657241.388538	1525657241.388538	-2.445419	34.826935	-322.848969
1525657241.388648	1525657241.388648	-2.448120	34.226913	-322.845673
1525657241.407921	1525657241.407921	-2.600952	33.700790	-322.393219
1525657241.408031	1525657241.408031	-3.126297	33.624207	-322.394379
1525657241.427847	1525657241.427847	-3.128311	33.174194	-322.391907
1525657241.427956	1525657241.427956	-3.428802	33.098068	-322.242401
1525657241.447417	1525657241.447417	-3.205154	32.798737	-322.240082
1525657241.447528	1525657241.447528	-3.506485	32.572388	-321.939728
1525657241.467095	1525657241.467095	-3.658356	32.122162	-322.087708
1525657241.467518	1525657241.467518	-3.809860	31.821472	-321.936493
1525657241.486787	1525657241.486787	-3.884033	31.971481	-322.087585
1525657241.486896	1525657241.486896	-3.736588	31.372131	-322.233826
1525657241.506462	1525657241.506462	-3.436356	31.522369	-321.783752
1525657241.506571	1525657241.506571	-4.036774	31.296463	-322.384308
1525657241.526162	1525657241.526162	-4.036926	31.296234	-322.234314
1525657241.526275	1525657241.526275	-4.861115	31.444000	-322.387573
1525657241.545896	1525657241.545896	-4.338913	30.770889	-322.607330
1525657241.546002	1525657241.546002	-4.788391	30.919327	-322.459503
1525657241.566319	1525657241.566319	-5.089371	30.618988	-322.833740
1525657241.566427	1525657241.566427	-5.468353	29.717957	-322.904907
1525657241.585205	1525657241.585205	-5.690689	30.242737	-323.208466
1525657241.585318	1525657241.585318	-5.618851	29.493286	-323.429108
1525657241.604985	1525657241.604985	-6.068024	29.642166	-323.581299
1525657241.605095	1525657241.605095	-6.294861	29.117264	-324.104095
1525657241.624616	1525657241.624616	-6.521896	28.666580	-324.102295
1525657241.624689	1525657241.624689	-7.123016	28.365112	-324.327454
1525657241.644961	1525657241.644961	-7.276321	27.614761	-324.398743
1525657241.645038	1525657241.645038	-7.651978	27.538193	-324.099487
1525657241.663993	1525657241.663993	-7.730057	26.788406	-324.395569
1525657241.664071	1525657241.664071	-7.885086	25.737473	-324.090271
1525657241.683100	1525657241.683100	-8.412491	25.136337	-324.388519
1525657241.683143	1525657241.683143	-8.342041	24.161316	-324.232971
1525657241.703235	1525657241.703235	-9.168579	23.784073	-324.383362
1525657241.703358	1525657241.703358	-9.171921	22.959610	-324.753845
1525657241.722821	1525657241.722821	-9.773987	22.433258	-325.052765
1525657241.722974	1525657241.722974	-10.151657	21.757675	-325.425171
1525657241.742776	1525657241.742776	-10.530045	20.857544	-326.096344
1525657241.742901	1525657241.742901	-11.130417	20.706192	-326.397308
1525657241.762458	1525657241.762458	-11.508423	19.806641	-327.443542
1525657241.762697	1525657241.762697	-12.107666	19.805969	-328.195312
1525657241.782022	1525657241.782022	-12.709778	19.056076	-329.467987
1525657241.782143	1525657241.782143	-12.788712	18.081497	-329.912872
1525657241.801747	1525657241.801747	-13.463943	17.781158	-331.038239
1525657241.801860	1525657241.801860	-13.616760	16.957047	-331.934174
1525657241.821285	1525657241.821285	-14.818558	16.354797	-332.834442
1525657241.821397	1525657241.821397	-14.821075	15.531570	-334.029968
1525657241.840574	1525657241.840574	-15.348434	14.856003	-334.702820
1525657241.840623	1525657241.840623	-15.951294	13.955994	-335.899689
1525657241.860260	1525657241.860260	-16.181396	12.755737	-336.193756
1525657241.860306	1525657241.860306	-17.009384	12.078369	-336.267517
1525657241.879983	1525657241.879983	-17.017044	10.427994	-336.033447
1525657241.880027	1525657241.880027	-17.173431	9.226059	-335.052307
1525657241.899744	1525657241.899744	-17.628540	8.174118	-334.672913
1525657241.899808	1525657241.899808	-17.564621	5.997375	-333.385742
1525657241.919747	1525657241.919747	-17.869476	5.169769	-332.257080
1525657241.919867	1525657241.919867	-17.201385	3.969513	-330.748505
1525657241.939418	1525657241.939418	-17.430603	3.366577	-329.245880
1525657241.939538	1525657241.939538	-17.656921	3.140442	-328.945282
1525657241.958968	1525657241.958968	-17.658234	3.063980	-327.969910
1525657241.959040	1525657241.959040	-18.405014	3.811523	-327.826233
1525657241.978860	1525657241.978860	-17.952499	4.338104	-327.977783
1525657241.978957	1525657241.978957	-18.997589	5.459763	-327.837067
1525657241.999018	1525657241.999018	-19.666626	6.584106	-328.745270
1525657241.999092	1525657241.999092	-19.734634	8.084259	-328.978699
1525657242.018667	1525657242.018667	-21.001648	9.656830	-329.891174
1525657242.018882	1525657242.018882	-20.769363	11.158325	-330.423737
1525657242.038244	1525657242.038244	-21.435318	13.032242	-331.036041
1525657242.038529	1525657242.038529	-21.426041	14.908524	-331.871307
1525657242.057517	1525657242.057517	-21.719650	16.407089	-331.505432
1525657242.057629	1525657242.057629	-21.709106	18.732254	-331.593201
1525657242.077162	1525657242.077162	-21.176819	20.532623	-330.776489
1525657242.077272	1525657242.077272	-21.165939	23.081787	-330.190491
1525657242.096931	1525657242.096931	-20.108200	25.033386	-329.148071
1525657242.097039	1525657242.097039	-19.501511	26.833084	-327.731171
1525657242.116441	1525657242.116441	-18.817612	29.008804	-326.841034
1525657242.116551	1525657242.116551	-17.536682	30.660400	-325.346283
1525657242.136653	1525657242.136653	-16.851013	33.211243	-324.533264
1525657242.136764	1525657242.136764	-15.271576	34.414520	-323.560150
1525657242.156185	1525657242.156185	-13.909653	37.192719	-322.971344
1525657242.156295	1525657242.156295	-12.625259	39.296478	-322.904083
1525657242.175980	1525657242.175980	-10.816299	41.401123	-322.385193
1525657242.176056	1525657242.176056	-9.453491	44.180679	-322.696411
1525657242.195339	1525657242.195339	-7.645874	45.836334	-322.850098
1525657242.198094	1525657242.198094	-6.209900	48.240875	-323.009003
1525657242.214842	1525657242.214842	-4.626663	49.971313	-323.463776
1525657242.214976	1525657242.214976	-2.370331	51.328430	-323.689484
1525657242.234197	1525657242.234197	-0.784760	53.509308	-324.446716
1525657242.234277	1525657242.234277	1.321823	54.940857	-324.598267
1525657242.253748	1525657242.253748	2.904877	56.745514	-324.528442
1525657242.253829	1525657242.253829	4.935089	57.802277	-324.978149
1525657242.273511	1525657242.273511	6.816864	59.307922	-324.980804
1525657242.273542	1525657242.273542	8.323151	60.588226	-325.508301
1525657242.293058	1525657242.293058	10.275238	61.118637	-325.205383
1525657242.293087	1525657242.293087	11.932724	62.699173	-325.584106
1525657242.312781	1525657242.312781	13.886429	63.455490	-325.882385
1525657242.312827	1525657242.312827	15.616257	64.510788	-325.958008
1525657242.332325	1525657242.332325	17.196609	65.566437	-326.559052
1525657242.332362	1525657242.332362	18.996658	65.646378	-326.254120
1525657242.352091	1525657242.352091	20.428543	67.076340	-326.707672
1525657242.352122	1525657242.352122	22.754654	67.308426	-326.776978
1525657242.371730	1525657242.371730	24.407608	68.062714	-326.326172
1525657242.371758	1525657242.371758	25.760178	68.517563	-326.849609
1525657242.391348	1525657242.391348	27.486465	68.822617	-326.771088
1525657242.391364	1525657242.391364	28.615433	69.651352	-326.997284
1525657242.411234	1525657242.411234	29.890671	69.655518	-327.218475
1525657242.411266	1525657242.411266	31.243790	70.334671	-327.293121
1525657242.430923	1525657242.430923	32.068237	70.261810	-327.065277
1525657242.430968	1525657242.430968	33.268661	70.489502	-326.462921
1525657242.450484	1525657242.450484	33.720245	70.791199	-326.688232
1525657242.450516	1525657242.450516	34.618195	70.418335	-326.308502
1525657242.470192	1525657242.470192	35.069504	70.794113	-325.934204
1525657242.470223	1525657242.470223	35.368423	70.569901	-325.857086
1525657242.489737	1525657242.489737	35.442780	70.494675	-325.556458
1525657242.489773	1525657242.489773	35.292435	70.419220	-325.556488
1525657242.509600	1525657242.509600	34.539124	69.816055	-324.955414
1525657242.509644	1525657242.509644	33.866257	70.338699	-324.735321
1525657242.529134	1525657242.529134	33.262421	69.586212	-324.282990
1525657242.529180	1525657242.529180	32.362259	69.732285	-323.461517
1525657242.549177	1525657242.549177	31.536942	69.729355	-323.163940
1525657242.549242	1525657242.549242	30.408478	69.124847	-322.414001
1525657242.568750	1525657242.568750	29.359070	69.271591	-322.342987
1525657242.568812	1525657242.568812	28.830444	68.519669	-322.115417
1525657242.588735	1525657242.588735	28.607254	68.968674	-321.893555
1525657242.588855	1525657242.588855	29.132187	68.970123	-321.817017
1525657242.608392	1525657242.608392	29.878738	68.371231	-321.061462
1525657242.608504	1525657242.608504	30.705505	68.897812	-320.461884
1525657242.628009	1525657242.628009	30.776443	68.147003	-319.782501
1525657242.628128	1525657242.628128	30.252441	68.519424	-319.111145
1525657242.647595	1525657242.647595	29.725189	68.067505	-318.885254
1525657242.647710	1525657242.647710	29.124466	67.990143	-318.511627
1525657242.667554	1525657242.667554	28.900436	68.139923	-318.813141
1525657242.667628	1525657242.667628	28.522354	67.538223	-318.435944
1525657242.686979	1525657242.686979	27.847794	67.685867	-318.213776
1525657242.687020	1525657242.687020	27.695099	67.085403	-318.210938
1525657242.706768	1525657242.706768	27.767685	66.784042	-317.159058
1525657242.706887	1525657242.706887	27.619370	67.158600	-317.161560
1525657242.726681	1525657242.726681	27.615646	66.482574	-316.482880
1525657242.726815	1525657242.726815	27.316360	66.706223	-316.184998
1525657242.746088	1525657242.746088	27.389252	66.256332	-316.107300
1525657242.746498	1525657242.746498	26.865265	66.479767	-316.110107
1525657242.766407	1525657242.766407	26.339890	66.328629	-316.410828
1525657242.766604	1525657242.766604	26.036209	65.577271	-316.107635
1525657242.785524	1525657242.785524	25.588455	66.026276	-316.336456
1525657242.785636	1525657242.785636	25.885559	65.501373	-315.807648
1525657242.805063	1525657242.805063	26.038452	66.176605	-315.660889
1525657242.805196	1525657242.805196	25.812363	65.950821	-315.585327
1525657242.825160	1525657242.825160	25.810181	65.500580	-315.432861
1525657242.825596	1525657242.825596	25.361084	65.649582	-315.660004
1525657242.844539	1525657242.844539	25.134201	65.199112	-315.808228
1525657242.844661	1525657242.844661	25.060623	65.648010	-315.210938
1525657242.864225	1525657242.864225	25.134720	65.348892	-315.659027
1525657242.864356	1525657242.864356	25.058594	65.197998	-315.208466
1525657242.883959	1525657242.883959	24.684875	65.347778	-315.810394
1525657242.884152	1525657242.884152	24.832886	64.972763	-315.507874
1525657242.903482	1525657242.903482	24.236069	65.646210	-315.663361
1525657242.903588	1525657242.903588	24.609756	65.272888	-316.035217
1525657242.923110	1525657242.923110	24.159119	65.196091	-315.736145
1525657242.923222	1525657242.923222	23.635162	65.345078	-316.113556
1525657242.942586	1525657242.942586	23.783432	65.044952	-315.736420
1525657242.942648	1525657242.942648	23.559860	65.344406	-315.813751
1525657242.962215	1525657242.962215	23.483475	64.969620	-316.111938
1525657242.962261	1525657242.962261	23.559189	65.194397	-315.812927
1525657242.981798	1525657242.981798	23.333725	65.044052	-316.037781
1525657242.981835	1525657242.981835	23.333023	64.968491	-315.662354
1525657243.001313	1525657243.001313	23.185089	65.343613	-316.039886
1525657243.001350	1525657243.001350	23.182236	64.743393	-315.886566
1525657243.022245	1525657243.022245	22.807602	64.891815	-315.588531
1525657243.022323	1525657243.022323	22.882904	64.892487	-315.888275
1525657243.040646	1525657243.040646	23.105423	64.442474	-315.435181
1525657243.040664	1525657243.040664	23.257446	64.892929	-315.437195
1525657243.060347	1525657243.060347	23.104523	64.292130	-315.209351
1525657243.060366	1525657243.060366	22.731323	64.740677	-314.987915
1525657243.079828	1525657243.079828	22.804184	64.216232	-315.209808
1525657243.079836	1525657243.079836	23.029068	64.291229	-314.759552
1525657243.100029	1525657243.100029	22.729889	64.440552	-314.911255
1525657243.100046	1525657243.100046	22.576965	63.839752	-314.683441
1525657243.119471	1525657243.119471	22.055817	64.663422	-314.839539
1525657243.119491	1525657243.119491	22.201019	63.613739	-314.758301
1525657243.139099	1525657243.139099	22.201462	63.763412	-314.534119
1525657243.139117	1525657243.139117	22.352814	64.063858	-314.535309
1525657243.158711	1525657243.158711	22.575684	63.688843	-314.082611
1525657243.158731	1525657243.158731	22.352097	63.988297	-314.159912
1525657243.178434	1525657243.178434	22.574631	63.389297	-314.380951
1525657243.178454	1525657243.178454	22.276123	63.837616	-313.859314
1525657243.198082	1525657243.198082	22.351013	63.763184	-314.083710
1525657243.198101	1525657243.198101	22.423767	63.313049	-313.855988
1525657243.217679	1525657243.217679	21.826004	63.761612	-314.085266
1525657243.217702	1525657243.217702	22.422974	63.088394	-314.079773
1525657243.237613	1525657243.237613	22.349930	63.538071	-314.007446
1525657243.237637	1525657243.237637	22.426056	63.688965	-314.458069
1525657243.257415	1525657243.257415	22.649185	63.388840	-313.930756
1525657243.257440	1525657243.257440	22.652328	63.989532	-314.384033
1525657243.276865	1525657243.276865	22.800415	63.614639	-314.156525
1525657243.276889	1525657243.276889	22.727890	64.065094	-314.609222
1525657243.296586	1525657243.296586	23.026031	63.616211	-314.755859
1525657243.296619	1525657243.296619	23.251709	63.766891	-314.756012
1525657243.316235	1525657243.316235	23.255051	64.442352	-315.059723
1525657243.316270	1525657243.316270	23.103271	64.066788	-314.983093
1525657243.335923	1525657243.335923	22.805527	64.516235	-315.211456
1525657243.335955	1525657243.335955	23.028580	64.067017	-315.283295
1525657243.355476	1525657243.355476	23.555313	64.369156	-315.658386
1525657243.355509	1525657243.355509	23.481323	64.593933	-315.659851
1525657243.375423	1525657243.375423	23.556000	64.519150	-315.659210
1525657243.375450	1525657243.375450	23.558655	65.044617	-315.962097
1525657243.395105	1525657243.395105	23.481598	64.519836	-316.259460
1525657243.395145	1525657243.395145	23.482681	64.744949	-316.335724
1525657243.414671	1525657243.414671	23.259155	64.969955	-316.787598
1525657243.414710	1525657243.414710	23.782761	64.745972	-316.409790
1525657243.434254	1525657243.434254	23.560165	65.195862	-316.787933
1525657243.434580	1525657243.434580	23.559647	65.046082	-316.937134
1525657243.454158	1525657243.454158	23.411148	65.345871	-317.089233
1525657243.454218	1525657243.454218	23.485092	65.046524	-317.387360
1525657243.473827	1525657243.473827	23.559677	64.971649	-317.311737
1525657243.473889	1525657243.473889	23.488327	65.647339	-317.915649
1525657243.493474	1525657243.493474	23.412308	65.422119	-317.914642
1525657243.493533	1525657243.493533	23.040543	66.021790	-318.444061
1525657243.513195	1525657243.513195	23.263550	65.498016	-318.815521
1525657243.513253	1525657243.513253	23.339981	65.798370	-318.891907
1525657243.533191	1525657243.533191	23.042419	66.173599	-319.644867
1525657243.533251	1525657243.533251	23.491455	66.024490	-319.342712
1525657243.552846	1525657243.552846	23.268860	66.474396	-319.720856
1525657243.552951	1525657243.552951	23.641907	66.025620	-319.792236
1525657243.572494	1525657243.572494	23.566681	66.025055	-319.567505
1525657243.572613	1525657243.572613	23.344223	66.475189	-320.095642
1525657243.591862	1525657243.591862	23.791641	65.951172	-319.866394
1525657243.591924	1525657243.591924	23.569794	66.551193	-320.320374
1525657243.611405	1525657243.611405	23.267914	66.100510	-320.468811
1525657243.611481	1525657243.611481	23.496719	66.926315	-320.547638
1525657243.631638	1525657243.631638	23.344574	66.401199	-320.770203
1525657243.631755	1525657243.631755	23.493332	66.176300	-320.543518
1525657243.651244	1525657243.651244	23.045547	66.550751	-321.071930
1525657243.651357	1525657243.651357	23.043442	66.100616	-320.994476
1525657243.670899	1525657243.670899	22.970276	66.475632	-321.146729
1525657243.671012	1525657243.671012	22.819717	66.250854	-321.595947
1525657243.690991	1525657243.690991	22.820282	66.475189	-321.147186
1525657243.691112	1525657243.691112	22.820740	66.475861	-321.597198
1525657243.710301	1525657243.710301	22.894272	66.101410	-321.819946
1525657243.710422	1525657243.710422	22.446701	66.625198	-321.899170
1525657243.729987	1525657243.729987	22.519241	66.025742	-322.120636
1525657243.730100	1525657243.730100	22.594238	66.025970	-322.120422
1525657243.749578	1525657243.749578	21.996628	66.474747	-322.499695
1525657243.749700	1525657243.749700	21.995056	66.174408	-322.273041
1525657243.769547	1525657243.769547	22.146973	66.550186	-322.499634
1525657243.769667	1525657243.769667	22.220322	66.100967	-322.871948
1525657243.789041	1525657243.789041	21.921631	66.474518	-322.499908
1525657243.789157	1525657243.789157	21.773331	66.700089	-323.176575
1525657243.808684	1525657243.808684	22.070847	66.250305	-322.723236
1525657243.808808	1525657243.808808	21.773331	66.700089	-323.176575
1525657243.828608	1525657243.828608	21.770432	66.025299	-323.322906
1525657243.828731	1525657243.828731	21.622391	66.474747	-323.250793
1525657243.848700	1525657243.848700	21.622345	66.400192	-323.550385
1525657243.848813	1525657243.848813	21.471451	66.249405	-323.325012
1525657243.868605	1525657243.868605	21.248764	66.699188	-323.628143
1525657243.868827	1525657243.868827	21.545807	66.025192	-323.698578
1525657243.887401	1525657243.887401	21.248764	66.699188	-323.628143
1525657243.887511	1525657243.887511	20.872787	66.398621	-324.002625
1525657243.907084	1525657243.907084	21.096664	66.248627	-323.551117
1525657243.907195	1525657243.907195	20.798279	66.473633	-324.153259
1525657243.926705	1525657243.926705	21.022720	66.398972	-323.927155
1525657243.926816	1525657243.926816	20.723648	66.622955	-323.854309
1525657243.946499	1525657243.946499	20.872528	66.323730	-324.077240
1525657243.946612	1525657243.946612	20.798050	66.473297	-323.928253
1525657243.966141	1525657243.966141	20.423431	66.472733	-324.304382
1525657243.966250	1525657243.966250	20.347260	66.247284	-324.153351
1525657243.985718	1525657243.985718	20.274109	66.622284	-324.305634
1525657243.985821	1525657243.985821	20.496399	66.022949	-324.301666
1525657244.005502	1525657244.005502	20.346664	66.097382	-324.227539
1525657244.005612	1525657244.005612	20.197983	66.322388	-324.529236
1525657244.025032	1525657244.025032	20.195984	65.946930	-324.227173
1525657244.025101	1525657244.025101	19.747971	66.321045	-324.530579
1525657244.044953	1525657244.044953	19.896851	66.021820	-324.753479
1525657244.045026	1525657244.045026	19.672638	66.245819	-324.530365
1525657244.064736	1525657244.064736	19.671951	66.095810	-324.529541
1525657244.064809	1525657244.064809	19.821625	66.021271	-324.528687
1525657244.084999	1525657244.084999	19.523346	66.320938	-324.906250
1525657244.085074	1525657244.085074	19.970276	65.721695	-324.526611
1525657244.104291	1525657244.104291	19.748123	66.321259	-324.680573
1525657244.104405	1525657244.104405	19.972336	66.097275	-324.903656
1525657244.123999	1525657244.123999	20.047379	66.172058	-324.603851
1525657244.124108	1525657244.124108	19.823990	66.397293	-325.205780
1525657244.143304	1525657244.143304	19.746613	66.021042	-324.528931
1525657244.144200	1525657244.144200	19.824478	66.621506	-324.681976
1525657244.163121	1525657244.163121	20.195984	65.797943	-324.901337
1525657244.163232	1525657244.163232	20.197525	66.172729	-324.753418
1525657244.182629	1525657244.182629	19.972076	66.022385	-324.978271
1525657244.182740	1525657244.182740	19.971024	65.871826	-324.602448
1525657244.202248	1525657244.202248	19.672516	66.171158	-324.754974
1525657244.202358	1525657244.202358	19.671173	65.871155	-324.753326
1525657244.222073	1525657244.222073	19.672638	66.245819	-324.530365
1525657244.222182	1525657244.222182	19.447891	66.171036	-325.130646
1525657244.241639	1525657244.241639	19.821503	65.946594	-324.753296
1525657244.241751	1525657244.241751	19.748688	66.396606	-324.905975
1525657244.261462	1525657244.261462	19.970764	65.796921	-324.677002
1525657244.261575	1525657244.261575	19.822937	66.246719	-324.829956
1525657244.285036	1525657244.285036	19.672333	66.096375	-324.904541
1525657244.285258	1525657244.285258	19.821625	66.021271	-324.528687
1525657244.328092	1525657244.328092	19.898087	66.247177	-324.979706
1525657244.328171	1525657244.328171	20.046173	65.872269	-324.752197
1525657244.328510	1525657244.328510	19.898880	66.471832	-324.755951
1525657244.328572	1525657244.328572	19.971924	66.022156	-324.828278
1525657244.339900	1525657244.339900	20.196625	66.022385	-324.527588
1525657244.340006	1525657244.340006	19.822861	66.246613	-324.754944
1525657244.359738	1525657244.359738	19.971542	66.021591	-324.453278
1525657244.359850	1525657244.359850	19.896622	66.021484	-324.528473
1525657244.379448	1525657244.379448	19.821854	66.021606	-324.753693
1525657244.379558	1525657244.379558	19.821472	66.021042	-324.378693
1525657244.399270	1525657244.399270	19.747589	66.171494	-324.829773
1525657244.399387	1525657244.399387	19.970459	65.796478	-324.377014
1525657244.418778	1525657244.418778	19.672256	66.096268	-324.829559
1525657244.418900	1525657244.418900	19.969589	65.571701	-324.525787
1525657244.438550	1525657244.438550	19.896286	65.946487	-324.528076
1525657244.438663	1525657244.438663	19.520935	65.870361	-324.528778
1525657244.458180	1525657244.458180	19.444321	65.495239	-324.601959
1525657244.458298	1525657244.458298	19.222214	66.169357	-324.456329
1525657244.477696	1525657244.477696	19.669861	65.645691	-324.452118
1525657244.477800	1525657244.477800	19.297775	66.244919	-324.681488
1525657244.497594	1525657244.497594	19.445114	65.719894	-324.378174
1525657244.497713	1525657244.497713	19.669632	65.645355	-324.227112
1525657244.517613	1525657244.517613	19.147034	66.094360	-324.606140
1525657244.517734	1525657244.517734	19.594849	65.645462	-324.452332
1525657244.537025	1525657244.537025	19.220596	65.794464	-324.529266
1525657244.537150	1525657244.537150	19.520035	65.720016	-324.302948
1525657244.556691	1525657244.556691	19.669373	65.570465	-324.301666
1525657244.556860	1525657244.556860	19.297775	66.244919	-324.681488
1525657244.577156	1525657244.577156	19.744370	65.570694	-324.301453
1525657244.577278	1525657244.577278	19.672226	66.170700	-324.454987
1525657244.595856	1525657244.595856	19.670380	65.795471	-324.302917
1525657244.595977	1525657244.595977	19.671509	66.095139	-324.079559
1525657244.618354	1525657244.618354	19.522110	66.095581	-324.679993
1525657244.618648	1525657244.618648	19.895081	65.795685	-324.002258
1525657244.634713	1525657244.634713	19.672409	66.245483	-324.305359
1525657244.634792	1525657244.634792	19.894775	65.646255	-324.376434
1525657244.654689	1525657244.654689	19.820236	65.795700	-324.152466
1525657244.654755	1525657244.654755	19.971817	66.096481	-324.378662
1525657244.674660	1525657244.674660	20.046173	66.021255	-324.078033
1525657244.674774	1525657244.674774	19.821960	66.096268	-324.529114
1525657244.694475	1525657244.694475	20.269302	65.572144	-324.224884
1525657244.694555	1525657244.694555	20.046326	66.021484	-324.228027
1525657244.714071	1525657244.714071	19.970306	65.796249	-324.227020
1525657244.714192	1525657244.714192	19.744965	65.720581	-324.227295
1525657244.733707	1525657244.733707	19.821320	66.020813	-324.228699
1525657244.733821	1525657244.733821	20.043396	65.421127	-323.999725
1525657244.753279	1525657244.753279	19.821426	66.095474	-324.004120
1525657244.753368	1525657244.753368	19.668045	65.345001	-324.000458
1525657244.773138	1525657244.773138	19.819809	65.720581	-324.077057
1525657244.773255	1525657244.773255	19.671356	66.094910	-323.929535
1525657244.795705	1525657244.795705	19.593567	65.494568	-323.851501
1525657244.795833	1525657244.795833	19.371094	66.019119	-324.005035
1525657244.813245	1525657244.813245	19.668579	65.494797	-323.851288
1525657244.813365	1525657244.813365	19.594589	65.719559	-323.852722
