1525629222.073809	1525629222.073809	0.026535	0.991928	0.075668
1525629222.077562	1525629222.077562	0.023865	0.988663	0.064667
1525629222.087593	1525629222.087593	0.030914	0.994141	0.062973
1525629222.098308	1525629222.098308	0.036606	0.999039	0.064987
1525629222.107428	1525629222.107428	0.033981	1.000320	0.058823
1525629222.117390	1525629222.117390	0.025345	0.997009	0.053345
1525629222.127328	1525629222.127328	0.029022	0.998505	0.060272
1525629222.137484	1525629222.137484	0.039398	0.999619	0.067825
1525629222.149922	1525629222.149922	0.045456	0.996490	0.067673
1525629222.157373	1525629222.157373	0.041367	0.992508	0.066605
1525629222.167163	1525629222.167163	0.032227	0.989853	0.066086
1525629222.177410	1525629222.177410	0.019882	0.989227	0.063889
1525629222.189881	1525629222.189881	0.010757	0.989655	0.066757
1525629222.197220	1525629222.197220	0.014572	0.994278	0.071152
1525629222.207494	1525629222.207494	0.015732	0.997574	0.069992
1525629222.217186	1525629222.217186	0.017105	0.997299	0.067322
1525629222.227413	1525629222.227413	0.020905	0.996521	0.065765
1525629222.240049	1525629222.240049	0.027893	0.997986	0.069794
1525629222.247579	1525629222.247579	0.033676	0.999237	0.070526
1525629222.257317	1525629222.257317	0.032898	0.996872	0.066986
1525629222.267042	1525629222.267042	0.027130	0.993317	0.063110
1525629222.278177	1525629222.278177	0.021942	0.989929	0.060898
1525629222.287321	1525629222.287321	0.018982	0.988510	0.060928
1525629222.297032	1525629222.297032	0.015961	0.990112	0.061172
1525629222.307227	1525629222.307227	0.019089	0.993378	0.063477
1525629222.316914	1525629222.316914	0.026535	0.995789	0.068283
1525629222.327196	1525629222.327196	0.027588	0.993439	0.072098
1525629222.337704	1525629222.337704	0.025620	0.994446	0.072006
1525629222.347405	1525629222.347405	0.022293	0.994843	0.066757
1525629222.359167	1525629222.359167	0.021194	0.998657	0.063156
1525629222.366882	1525629222.366882	0.022644	0.999725	0.062042
1525629222.377190	1525629222.377190	0.023651	0.996521	0.062149
1525629222.387584	1525629222.387584	0.022385	0.996399	0.057892
1525629222.397116	1525629222.397116	0.021133	0.987518	0.055725
1525629222.410059	1525629222.410059	0.022156	0.985321	0.056259
1525629222.416985	1525629222.416985	0.021637	0.992920	0.062592
1525629222.427204	1525629222.427204	0.018707	0.996063	0.066895
1525629222.437717	1525629222.437717	0.018936	0.995712	0.070602
1525629222.451428	1525629222.451428	0.023636	0.999344	0.068100
1525629222.457130	1525629222.457130	0.024017	0.997940	0.061066
1525629222.467026	1525629222.467026	0.023712	0.995941	0.052017
1525629222.477001	1525629222.477001	0.026062	0.991806	0.049179
1525629222.488943	1525629222.488943	0.029907	0.985474	0.050888
1525629222.501445	1525629222.501445	0.032379	0.986710	0.052521
1525629222.506965	1525629222.506965	0.031693	0.988464	0.053467
1525629222.516800	1525629222.516800	0.028198	0.990753	0.050323
1525629222.527401	1525629222.527401	0.023315	0.995163	0.054352
1525629222.541151	1525629222.541151	0.021103	0.999985	0.058762
1525629222.554164	1525629222.554164	0.024994	1.006805	0.060089
1525629222.556775	1525629222.556775	0.027603	1.010284	0.064667
1525629222.567067	1525629222.567067	0.017838	1.005539	0.060532
1525629222.578594	1525629222.578594	0.017014	0.995331	0.041092
1525629222.591792	1525629222.591792	0.023224	0.981155	0.035370
1525629222.596757	1525629222.596757	0.027649	0.976089	0.039581
1525629222.606914	1525629222.606914	0.043671	0.984894	0.043564
1525629222.616852	1525629222.616852	0.065384	0.991776	0.054489
1525629222.630540	1525629222.630540	0.070709	0.996170	0.061386
1525629222.643226	1525629222.643226	0.049072	0.998734	0.072693
1525629222.657388	1525629222.657388	0.029587	1.031204	0.126602
1525629222.657669	1525629222.657669	0.021866	1.094604	0.134064
1525629222.666553	1525629222.666553	-0.009979	0.996567	0.040878
1525629222.676650	1525629222.676650	-0.008133	0.945251	0.010452
1525629222.686562	1525629222.686562	-0.003708	0.981674	0.034058
1525629222.696513	1525629222.696513	0.008835	1.002258	0.035538
1525629222.706500	1525629222.706500	0.001053	0.986298	0.020279
1525629222.716486	1525629222.716486	-0.006546	0.984680	0.024506
1525629222.726474	1525629222.726474	-0.010895	1.008759	0.055542
1525629222.736342	1525629222.736342	-0.016785	1.022141	0.067932
1525629222.746730	1525629222.746730	-0.030060	1.001083	0.069550
1525629222.756475	1525629222.756475	-0.036758	0.987991	0.071457
1525629222.766424	1525629222.766424	-0.023544	0.992783	0.065536
1525629222.776333	1525629222.776333	-0.002151	0.993515	0.057617
1525629222.786167	1525629222.786167	0.013397	0.996872	0.058807
1525629222.796334	1525629222.796334	0.019592	0.994690	0.071564
1525629222.806312	1525629222.806312	0.006805	0.986191	0.078979
1525629222.816196	1525629222.816196	-0.007492	0.985336	0.072449
1525629222.826183	1525629222.826183	-0.006653	0.987747	0.068344
1525629222.836166	1525629222.836166	-0.016235	0.977173	0.080521
1525629222.846535	1525629222.846535	-0.025848	0.977524	0.079773
1525629222.856163	1525629222.856163	-0.023376	0.974167	0.069778
1525629222.866239	1525629222.866239	-0.009293	0.955948	0.080276
1525629222.877075	1525629222.877075	0.021698	0.935287	0.122223
1525629222.886422	1525629222.886422	0.054794	1.016724	0.012360
1525629222.896621	1525629222.896621	0.048172	1.028458	0.079376
1525629222.906017	1525629222.906017	0.004868	1.023727	0.097412
1525629222.916497	1525629222.916497	0.038147	1.042435	0.025726
1525629222.926105	1525629222.926105	0.073273	1.008484	0.037476
1525629222.936271	1525629222.936271	0.102585	0.984589	0.053101
1525629222.946642	1525629222.946642	0.123993	0.986649	0.057358
1525629222.956138	1525629222.956138	0.125900	0.997894	0.069260
1525629222.965865	1525629222.965865	0.103485	1.007751	0.083099
1525629222.975583	1525629222.975583	0.066666	1.010696	0.084427
1525629222.985566	1525629222.985566	0.031464	0.998123	0.072647
1525629222.995688	1525629222.995688	0.010941	0.979080	0.066132
1525629223.005802	1525629223.005802	0.011169	0.973343	0.070450
1525629223.015800	1525629223.015800	0.022751	0.983246	0.077774
1525629223.025660	1525629223.025660	0.031464	0.999817	0.078857
1525629223.035805	1525629223.035805	0.032211	1.004471	0.073441
1525629223.046157	1525629223.046157	0.027145	0.994370	0.065796
1525629223.055577	1525629223.055577	0.022247	0.986801	0.066193
1525629223.065727	1525629223.065727	0.023544	0.992691	0.069946
1525629223.075654	1525629223.075654	0.037308	1.005478	0.078217
1525629223.085663	1525629223.085663	0.058578	1.003632	0.091446
1525629223.095614	1525629223.095614	0.073883	0.987106	0.104019
1525629223.105592	1525629223.105592	0.078751	0.978607	0.105560
1525629223.115641	1525629223.115641	0.068497	0.986603	0.094666
1525629223.125548	1525629223.125548	0.045227	1.003860	0.079453
1525629223.135495	1525629223.135495	0.026428	1.011978	0.064377
1525629223.146308	1525629223.146308	0.026871	0.999466	0.060043
1525629223.155449	1525629223.155449	0.042023	0.986740	0.066605
1525629223.165433	1525629223.165433	0.056702	0.984360	0.076218
1525629223.175411	1525629223.175411	0.064270	0.988663	0.080658
1525629223.185393	1525629223.185393	0.065140	0.999374	0.082428
1525629223.195368	1525629223.195368	0.058212	1.003204	0.092224
1525629223.205351	1525629223.205351	0.047302	0.998978	0.100357
1525629223.215428	1525629223.215428	0.037827	0.990570	0.107559
1525629223.225310	1525629223.225310	0.031372	0.980469	0.112579
1525629223.235288	1525629223.235288	0.031265	0.981628	0.114990
1525629223.246117	1525629223.246117	0.037537	0.991241	0.119720
1525629223.255247	1525629223.255247	0.043747	1.006134	0.114578
1525629223.265225	1525629223.265225	0.047241	1.012009	0.105698
1525629223.275198	1525629223.275198	0.044022	0.996735	0.109848
1525629223.285184	1525629223.285184	0.036026	0.985275	0.110840
1525629223.295162	1525629223.295162	0.024536	0.983627	0.116425
1525629223.305143	1525629223.305143	0.009354	0.982788	0.128021
1525629223.315464	1525629223.315464	-0.008514	0.987030	0.138779
1525629223.325100	1525629223.325100	-0.027008	0.987671	0.147308
1525629223.335080	1525629223.335080	-0.043198	0.981888	0.160828
1525629223.345693	1525629223.345693	-0.049301	0.977524	0.169052
1525629223.355033	1525629223.355033	-0.041107	0.978653	0.169312
1525629223.365014	1525629223.365014	-0.019608	0.980515	0.163773
1525629223.374868	1525629223.374868	0.011307	0.982086	0.154953
1525629223.384976	1525629223.384976	0.043808	0.986694	0.147278
1525629223.394991	1525629223.394991	0.071945	0.993881	0.134583
1525629223.404978	1525629223.404978	0.089066	0.993912	0.118439
1525629223.414905	1525629223.414905	0.086639	0.992203	0.114044
1525629223.424888	1525629223.424888	0.067627	0.997223	0.118683
1525629223.435047	1525629223.435047	0.045197	1.010391	0.121552
1525629223.445454	1525629223.445454	0.030457	1.011734	0.132111
1525629223.454829	1525629223.454829	0.017593	0.994843	0.154556
1525629223.464807	1525629223.464807	0.005356	0.979813	0.180756
1525629223.474781	1525629223.474781	0.002045	0.974625	0.197769
1525629223.484767	1525629223.484767	0.017288	0.976196	0.200821
1525629223.494749	1525629223.494749	0.050293	0.980148	0.186081
1525629223.504726	1525629223.504726	0.100616	0.988358	0.160019
1525629223.514703	1525629223.514703	0.153397	0.996552	0.131836
1525629223.524684	1525629223.524684	0.202927	0.999802	0.104263
1525629223.534561	1525629223.534561	0.237976	1.001892	0.077042
1525629223.546007	1525629223.546007	0.248901	0.994003	0.051392
1525629223.554511	1525629223.554511	0.232758	0.991898	0.030807
1525629223.564600	1525629223.564600	0.193710	1.002991	0.019241
1525629223.574577	1525629223.574577	0.144058	1.008347	0.025192
1525629223.585167	1525629223.585167	0.095245	0.996643	0.055710
1525629223.595075	1525629223.595075	0.051483	0.978622	0.105484
1525629223.606918	1525629223.606918	0.010956	0.973953	0.162704
1525629223.614494	1525629223.614494	-0.023682	0.984650	0.207642
1525629223.624860	1525629223.624860	-0.050919	0.987656	0.230179
1525629223.634455	1525629223.634455	-0.067566	0.980728	0.230774
1525629223.645734	1525629223.645734	-0.071869	0.977158	0.219620
1525629223.654338	1525629223.654338	-0.059982	0.975174	0.198288
1525629223.665775	1525629223.665775	-0.033478	0.981964	0.175644
1525629223.674376	1525629223.674376	-0.003296	0.990982	0.165817
1525629223.684425	1525629223.684425	0.020111	0.985291	0.161865
1525629223.694566	1525629223.694566	0.021072	0.974579	0.160797
1525629223.704300	1525629223.704300	-0.000824	0.978027	0.149002
1525629223.714289	1525629223.714289	-0.037827	0.992615	0.126526
1525629223.724484	1525629223.724484	-0.074554	0.991730	0.121887
1525629223.734248	1525629223.734248	-0.101837	0.977097	0.131805
1525629223.745167	1525629223.745167	-0.109253	0.957825	0.145294
1525629223.754280	1525629223.754280	-0.089294	0.951447	0.170685
1525629223.764186	1525629223.764186	-0.058044	0.966080	0.211746
1525629223.774163	1525629223.774163	-0.034515	0.979004	0.254395
1525629223.784096	1525629223.784096	-0.037949	0.982254	0.289230
1525629223.794337	1525629223.794337	-0.074097	0.985291	0.299255
1525629223.804197	1525629223.804197	-0.126709	0.988129	0.264435
1525629223.814077	1525629223.814077	-0.167908	0.979950	0.205002
1525629223.823934	1525629223.823934	-0.178040	0.964417	0.152359
1525629223.834033	1525629223.834033	-0.154678	0.958588	0.122467
1525629223.844921	1525629223.844921	-0.110870	0.970016	0.092392
1525629223.854179	1525629223.854179	-0.071045	0.994110	0.063065
1525629223.863973	1525629223.863973	-0.052475	1.012741	0.041931
1525629223.873953	1525629223.873953	-0.059494	1.020767	0.030243
1525629223.884019	1525629223.884019	-0.082367	1.020248	0.026566
1525629223.894237	1525629223.894237	-0.106018	1.007492	0.028229
1525629223.903996	1525629223.903996	-0.117233	0.988831	0.040939
1525629223.913875	1525629223.913875	-0.114716	0.979919	0.059128
1525629223.923850	1525629223.923850	-0.107468	0.993225	0.082901
1525629223.933920	1525629223.933920	-0.107681	1.018158	0.110504
1525629223.944828	1525629223.944828	-0.109863	1.019043	0.116898
1525629223.954052	1525629223.954052	-0.100800	0.985825	0.105774
1525629223.963770	1525629223.963770	-0.083221	0.964264	0.088837
1525629223.973749	1525629223.973749	-0.067322	0.976074	0.078781
1525629223.984132	1525629223.984132	-0.057495	0.996140	0.086411
1525629223.993711	1525629223.993711	-0.057281	1.004684	0.092941
1525629224.003793	1525629224.003793	-0.068588	0.998856	0.096649
1525629224.013745	1525629224.013745	-0.086746	0.982391	0.097610
1525629224.023647	1525629224.023647	-0.102493	0.968979	0.094559
1525629224.033718	1525629224.033718	-0.105713	0.964767	0.092682
1525629224.044534	1525629224.044534	-0.095795	0.971405	0.097260
1525629224.053582	1525629224.053582	-0.080444	0.986755	0.102814
1525629224.063519	1525629224.063519	-0.075333	0.997345	0.102478
1525629224.073530	1525629224.073530	-0.080261	0.998367	0.100037
1525629224.083644	1525629224.083644	-0.090500	0.996155	0.104660
1525629224.094131	1525629224.094131	-0.101517	0.988586	0.109100
1525629224.103482	1525629224.103482	-0.104233	0.978622	0.108398
1525629224.113457	1525629224.113457	-0.099823	0.976593	0.119888
1525629224.123438	1525629224.123438	-0.094406	0.986328	0.128479
1525629224.133418	1525629224.133418	-0.093445	0.997742	0.129654
1525629224.145380	1525629224.145380	-0.098312	1.002853	0.135452
1525629224.154195	1525629224.154195	-0.110443	1.001251	0.145096
1525629224.163353	1525629224.163353	-0.126373	0.993393	0.153168
1525629224.173413	1525629224.173413	-0.138763	0.984726	0.158157
1525629224.183312	1525629224.183312	-0.145737	0.974716	0.167114
1525629224.193291	1525629224.193291	-0.154907	0.974960	0.165512
1525629224.203272	1525629224.203272	-0.162140	0.986420	0.148331
1525629224.213245	1525629224.213245	-0.161896	0.994843	0.123932
1525629224.223225	1525629224.223225	-0.153137	0.995102	0.096512
1525629224.233592	1525629224.233592	-0.136581	0.994476	0.075867
1525629224.243806	1525629224.243806	-0.119324	0.996185	0.077896
1525629224.253136	1525629224.253136	-0.115021	1.003036	0.092819
1525629224.263144	1525629224.263144	-0.132492	1.015366	0.099930
1525629224.273122	1525629224.273122	-0.160461	1.012222	0.110992
1525629224.283102	1525629224.283102	-0.186981	0.992111	0.121582
1525629224.293614	1525629224.293614	-0.205032	0.974609	0.119919
1525629224.302939	1525629224.302939	-0.214691	0.978485	0.097595
1525629224.313452	1525629224.313452	-0.203262	1.009644	0.072388
1525629224.323019	1525629224.323019	-0.165802	1.049744	0.078674
1525629224.333637	1525629224.333637	-0.119461	1.069321	0.099457
1525629224.343635	1525629224.343635	-0.083344	1.060226	0.105194
1525629224.353317	1525629224.353317	-0.069580	1.045868	0.113846
1525629224.362938	1525629224.362938	-0.089966	1.048416	0.114624
1525629224.373003	1525629224.373003	-0.137665	1.053528	0.126541
1525629224.382926	1525629224.382926	-0.189941	1.039200	0.132492
1525629224.392774	1525629224.392774	-0.226501	1.020432	0.133850
1525629224.403059	1525629224.403059	-0.243240	1.026016	0.147110
1525629224.412833	1525629224.412833	-0.233002	1.055069	0.150726
1525629224.422808	1525629224.422808	-0.188812	1.069000	0.163071
1525629224.432825	1525629224.432825	-0.153305	1.070847	0.214111
1525629224.443385	1525629224.443385	-0.192047	1.117935	0.222794
1525629224.452750	1525629224.452750	-0.268524	1.225357	0.179108
1525629224.462600	1525629224.462600	-0.276413	1.292191	0.183258
1525629224.472704	1525629224.472704	-0.218628	1.243500	0.264801
1525629224.482740	1525629224.482740	-0.183945	1.190216	0.310822
1525629224.492922	1525629224.492922	-0.154602	1.205566	0.278732
1525629224.502645	1525629224.502645	-0.080704	1.182755	0.275970
1525629224.512621	1525629224.512621	0.016830	1.086899	0.293411
1525629224.522636	1525629224.522636	0.101700	1.027206	0.299026
1525629224.532674	1525629224.532674	0.162445	1.035385	0.307877
1525629224.543195	1525629224.543195	0.192398	1.067383	0.319046
1525629224.552984	1525629224.552984	0.193497	1.098267	0.330261
1525629224.562485	1525629224.562485	0.186020	1.131775	0.318954
1525629224.572630	1525629224.572630	0.192841	1.174438	0.280457
1525629224.582561	1525629224.582561	0.200104	1.150589	0.268600
1525629224.592363	1525629224.592363	0.159149	1.054443	0.279297
1525629224.602470	1525629224.602470	0.038010	0.956406	0.315521
1525629224.612447	1525629224.612447	-0.152359	0.894196	0.383087
1525629224.622507	1525629224.622507	-0.394547	0.870514	0.421768
1525629224.632462	1525629224.632462	-0.667297	0.878510	0.432190
1525629224.643018	1525629224.643018	-0.921951	0.903809	0.473907
1525629224.652365	1525629224.652365	-1.071213	0.921768	0.487320
1525629224.662344	1525629224.662344	-1.071060	0.878159	0.398056
1525629224.672312	1525629224.672312	-0.968735	0.764420	0.291611
1525629224.682302	1525629224.682302	-0.780136	0.669846	0.175552
1525629224.692492	1525629224.692492	-0.519379	0.636292	0.084427
1525629224.702261	1525629224.702261	-0.232056	0.610687	-0.022873
1525629224.712238	1525629224.712238	0.032288	0.544281	-0.122589
1525629224.722100	1525629224.722100	0.215195	0.467896	-0.145370
1525629224.732215	1525629224.732215	0.255417	0.431595	-0.099899
1525629224.770792	1525629224.770792	0.150162	0.448471	-0.029648
1525629224.771991	1525629224.771991	-0.045746	0.492050	0.048874
1525629224.772066	1525629224.772066	-0.267212	0.539337	0.162567
1525629224.772132	1525629224.772132	-0.479935	0.596130	0.291229
1525629224.782174	1525629224.782174	-0.657379	0.666260	0.389755
1525629224.792065	1525629224.792065	-0.786255	0.720612	0.458359
1525629224.802052	1525629224.802052	-0.864914	0.710815	0.495453
1525629224.811969	1525629224.811969	-0.886932	0.643829	0.496719
1525629224.822026	1525629224.822026	-0.851120	0.591797	0.470520
1525629224.831987	1525629224.831987	-0.768417	0.591141	0.442581
1525629224.842661	1525629224.842661	-0.659317	0.622879	0.442871
1525629224.851949	1525629224.851949	-0.540070	0.663086	0.460739
1525629224.861814	1525629224.861814	-0.437454	0.695847	0.489838
1525629224.871901	1525629224.871901	-0.362045	0.715271	0.520309
1525629224.882836	1525629224.882836	-0.319824	0.732834	0.535553
1525629224.891866	1525629224.891866	-0.323090	0.752441	0.526245
1525629224.901847	1525629224.901847	-0.367615	0.773041	0.507019
1525629224.911694	1525629224.911694	-0.429672	0.793350	0.483170
1525629224.922147	1525629224.922147	-0.485306	0.813736	0.461090
1525629224.931778	1525629224.931778	-0.519501	0.829849	0.445374
1525629224.943507	1525629224.943507	-0.529785	0.840118	0.433640
1525629224.951741	1525629224.951741	-0.520020	0.834793	0.428787
1525629224.961717	1525629224.961717	-0.487305	0.829407	0.417542
1525629224.971699	1525629224.971699	-0.433899	0.853058	0.393570
1525629224.982282	1525629224.982282	-0.367035	0.906342	0.371414
1525629224.991654	1525629224.991654	-0.298386	0.972580	0.359024
1525629225.007124	1525629225.007124	-0.248123	1.041458	0.355774
1525629225.011651	1525629225.011651	-0.230164	1.083237	0.363174
1525629225.021982	1525629225.021982	-0.243347	1.099930	0.375458
1525629225.031579	1525629225.031579	-0.285202	1.117004	0.371964
1525629225.042527	1525629225.042527	-0.342438	1.137161	0.374649
1525629225.051534	1525629225.051534	-0.394669	1.161774	0.405899
1525629225.062285	1525629225.062285	-0.416489	1.185379	0.426895
1525629225.075569	1525629225.075569	-0.398270	1.174789	0.399719
1525629225.081364	1525629225.081364	-0.341431	1.120468	0.327621
1525629225.091448	1525629225.091448	-0.266708	1.070801	0.247787
1525629225.101600	1525629225.101600	-0.204956	1.059540	0.205338
1525629225.111505	1525629225.111505	-0.171707	1.070587	0.173782
1525629225.121390	1525629225.121390	-0.172592	1.078629	0.148346
1525629225.131356	1525629225.131356	-0.211929	1.069763	0.154984
1525629225.143313	1525629225.143313	-0.291153	1.042084	0.202972
1525629225.151327	1525629225.151327	-0.396591	1.001251	0.273727
1525629225.161312	1525629225.161312	-0.498688	0.955109	0.339325
1525629225.171246	1525629225.171246	-0.564117	0.917130	0.420670
1525629225.181259	1525629225.181259	-0.512253	0.893677	0.591187
1525629225.191239	1525629225.191239	-0.169449	0.963928	0.830261
1525629225.201225	1525629225.201225	0.734329	1.200500	0.575531
1525629225.211379	1525629225.211379	1.529800	1.545502	-0.396805
1525629225.221198	1525629225.221198	1.513931	1.626617	-0.902328
1525629225.231031	1525629225.231031	1.086624	1.690659	-0.639099
1525629225.243237	1525629225.243237	0.634583	1.710632	-0.125153
1525629225.251068	1525629225.251068	0.374176	1.393372	0.314713
1525629225.261316	1525629225.261316	0.221298	0.892395	0.531189
1525629225.271149	1525629225.271149	0.152023	0.538208	0.516876
1525629225.281053	1525629225.281053	0.143509	0.469223	0.369812
1525629225.291028	1525629225.291028	0.113541	0.660278	0.192978
1525629225.301318	1525629225.301318	0.074173	0.976257	0.054703
1525629225.311258	1525629225.311258	0.085129	1.190369	-0.059402
1525629225.321052	1525629225.321052	0.109451	1.209869	-0.079712
1525629225.333239	1525629225.333239	0.106171	1.073364	0.021667
1525629225.343016	1525629225.343016	0.070847	0.874878	0.152435
1525629225.350969	1525629225.350969	0.029404	0.733444	0.207352
1525629225.361092	1525629225.361092	-0.013351	0.727127	0.141113
1525629225.371178	1525629225.371178	-0.044754	0.844788	0.002060
1525629225.381168	1525629225.381168	-0.037186	1.007782	-0.094360
1525629225.391269	1525629225.391269	0.024994	1.121735	-0.094666
1525629225.400953	1525629225.400953	0.117554	1.130798	-0.035950
1525629225.411280	1525629225.411280	0.179642	1.051605	0.078201
1525629225.420995	1525629225.420995	0.177094	0.958160	0.194580
1525629225.430769	1525629225.430769	0.108398	0.901978	0.234894
1525629225.441417	1525629225.441417	-0.008286	0.897461	0.204681
1525629225.450792	1525629225.450792	-0.138519	0.931686	0.141907
1525629225.460899	1525629225.460899	-0.240768	0.972870	0.071350
1525629225.470761	1525629225.470761	-0.283493	0.999832	0.020569
1525629225.480632	1525629225.480632	-0.251205	0.997803	-0.003159
1525629225.490615	1525629225.490615	-0.153152	0.971634	-0.008148
1525629225.501126	1525629225.501126	-0.030518	0.962814	0.012161
1525629225.510860	1525629225.510860	0.067062	0.982895	0.049210
1525629225.520429	1525629225.520429	0.113068	1.012939	0.058823
1525629225.530621	1525629225.530621	0.099701	1.033783	0.026581
1525629225.541137	1525629225.541137	0.048691	1.024185	0.003647
1525629225.550643	1525629225.550643	-0.005051	0.994049	0.016052
1525629225.560468	1525629225.560468	-0.042938	0.966232	0.050507
1525629225.570446	1525629225.570446	-0.062576	0.953003	0.065338
1525629225.580419	1525629225.580419	-0.066849	0.959900	0.046616
1525629225.590404	1525629225.590404	-0.060303	0.975616	0.050171
1525629225.600385	1525629225.600385	-0.052673	0.989136	0.085602
1525629225.610876	1525629225.610876	-0.049103	1.000504	0.097595
1525629225.620344	1525629225.620344	-0.049545	1.001068	0.090073
1525629225.630323	1525629225.630323	-0.050888	0.992691	0.083405
1525629225.640914	1525629225.640914	-0.060120	0.982483	0.088470
1525629225.650283	1525629225.650283	-0.079025	0.978378	0.098206
1525629225.660265	1525629225.660265	-0.101105	0.980789	0.109253
1525629225.670869	1525629225.670869	-0.122314	0.986237	0.117722
1525629225.680093	1525629225.680093	-0.142929	0.985611	0.131683
1525629225.690597	1525629225.690597	-0.158401	0.979355	0.145309
1525629225.700413	1525629225.700413	-0.165970	0.974762	0.152283
1525629225.710576	1525629225.710576	-0.164230	0.977493	0.151688
1525629225.720168	1525629225.720168	-0.153183	0.989273	0.148834
1525629225.730313	1525629225.730313	-0.133713	0.997986	0.152252
1525629225.740469	1525629225.740469	-0.119507	1.000244	0.161194
1525629225.750153	1525629225.750153	-0.109390	0.994553	0.153183
1525629225.760097	1525629225.760097	-0.099854	0.988968	0.135437
1525629225.769976	1525629225.769976	-0.092224	0.991806	0.117981
1525629225.780051	1525629225.780051	-0.086273	0.994476	0.110748
1525629225.789888	1525629225.789888	-0.088943	0.998871	0.107971
1525629225.800706	1525629225.800706	-0.104324	1.008728	0.100418
1525629225.809863	1525629225.809863	-0.118896	1.015823	0.090195
1525629225.819930	1525629225.819930	-0.126556	1.016876	0.083939
1525629225.829906	1525629225.829906	-0.134064	1.013214	0.082199
1525629225.840082	1525629225.840082	-0.151627	1.009430	0.077072
1525629225.849813	1525629225.849813	-0.178680	1.020294	0.052277
1525629225.859985	1525629225.859985	-0.191559	1.032791	0.054428
1525629225.869901	1525629225.869901	-0.192215	1.038345	0.091644
1525629225.879797	1525629225.879797	-0.197144	1.050812	0.088562
1525629225.889786	1525629225.889786	-0.195343	1.077850	0.050491
1525629225.899934	1525629225.899934	-0.171036	1.116547	0.007401
1525629225.909743	1525629225.909743	-0.131439	1.169037	-0.034653
1525629225.919722	1525629225.919722	-0.085663	1.174927	-0.018982
1525629225.929703	1525629225.929703	-0.058136	1.132141	0.032623
1525629225.939749	1525629225.939749	-0.089951	1.158920	0.066635
1525629225.949696	1525629225.949696	-0.182114	1.275345	0.130661
1525629225.959776	1525629225.959776	-0.200073	1.328476	0.176132
1525629225.969620	1525629225.969620	-0.150864	1.197723	0.271652
1525629225.980195	1525629225.980195	-0.132401	1.060623	0.329269
1525629225.989578	1525629225.989578	-0.122192	1.075867	0.309402
1525629225.999491	1525629225.999491	-0.084167	1.183701	0.330017
1525629226.009675	1525629226.009675	-0.012070	1.250290	0.346771
1525629226.019519	1525629226.019519	0.076462	1.209839	0.338898
1525629226.030334	1525629226.030334	0.144424	1.124603	0.336075
1525629226.039557	1525629226.039557	0.179169	1.095505	0.324829
1525629226.049630	1525629226.049630	0.184052	1.126816	0.328262
1525629226.059432	1525629226.059432	0.169952	1.140060	0.336960
1525629226.069688	1525629226.069688	0.152039	1.113739	0.314957
1525629226.079386	1525629226.079386	0.145096	1.082077	0.268463
1525629226.089369	1525629226.089369	0.130798	1.037247	0.219666
1525629226.099403	1525629226.099403	0.069443	0.985107	0.218246
1525629226.109464	1525629226.109464	-0.062485	0.922104	0.264557
1525629226.119317	1525629226.119317	-0.267532	0.864929	0.315521
1525629226.129285	1525629226.129285	-0.519928	0.831635	0.360718
1525629226.139340	1525629226.139340	-0.788940	0.835327	0.417679
1525629226.149438	1525629226.149438	-1.028763	0.885773	0.471756
1525629226.159320	1525629226.159320	-1.156525	0.928207	0.489655
1525629226.169213	1525629226.169213	-1.117737	0.855591	0.423370
1525629226.179182	1525629226.179182	-0.959549	0.688522	0.317734
1525629226.190032	1525629226.190032	-0.756989	0.541779	0.238052
1525629226.199146	1525629226.199146	-0.540741	0.466690	0.179031
1525629226.209259	1525629226.209259	-0.342041	0.440918	0.115494
1525629226.219102	1525629226.219102	-0.182724	0.419617	0.020782
1525629226.229080	1525629226.229080	-0.083405	0.391830	-0.017029
1525629226.239127	1525629226.239127	-0.067459	0.365768	0.036224
1525629226.249033	1525629226.249033	-0.141953	0.353638	0.146057
1525629226.259154	1525629226.259154	-0.269714	0.375381	0.236435
1525629226.268996	1525629226.268996	-0.412186	0.433044	0.300369
1525629226.278973	1525629226.278973	-0.550415	0.503372	0.350327
1525629226.288957	1525629226.288957	-0.667526	0.557526	0.394897
1525629226.299436	1525629226.299436	-0.754837	0.560440	0.435120
1525629226.308909	1525629226.308909	-0.800430	0.499313	0.475067
1525629226.318768	1525629226.318768	-0.797073	0.423157	0.506790
1525629226.328867	1525629226.328867	-0.748657	0.409531	0.504639
1525629226.338926	1525629226.338926	-0.670853	0.466324	0.471909
1525629226.348793	1525629226.348793	-0.580215	0.546295	0.432693
1525629226.359502	1525629226.359502	-0.488159	0.602875	0.394333
1525629226.368663	1525629226.368663	-0.411224	0.625580	0.372665
1525629226.379205	1525629226.379205	-0.365387	0.636627	0.370316
1525629226.388745	1525629226.388745	-0.358429	0.656403	0.369614
1525629226.399321	1525629226.399321	-0.386063	0.694244	0.365921
1525629226.408742	1525629226.408742	-0.433304	0.750595	0.354156
1525629226.419005	1525629226.419005	-0.478989	0.814529	0.335068
1525629226.428594	1525629226.428594	-0.511444	0.872559	0.315674
1525629226.438988	1525629226.438988	-0.524933	0.913162	0.306717
1525629226.448755	1525629226.448755	-0.522842	0.934174	0.321518
1525629226.458650	1525629226.458650	-0.514618	0.948120	0.360245
1525629226.468578	1525629226.468578	-0.504517	0.968613	0.404434
1525629226.478813	1525629226.478813	-0.496017	0.989914	0.444809
1525629226.488538	1525629226.488538	-0.492493	0.992569	0.478729
1525629226.498516	1525629226.498516	-0.482300	0.971283	0.493713
1525629226.508629	1525629226.508629	-0.450851	0.933212	0.478577
1525629226.518476	1525629226.518476	-0.400040	0.887970	0.433060
1525629226.528545	1525629226.528545	-0.346146	0.850281	0.372665
1525629226.538435	1525629226.538435	-0.300629	0.844284	0.318939
1525629226.548546	1525629226.548546	-0.264801	0.878448	0.290421
1525629226.558389	1525629226.558389	-0.238144	0.908249	0.294693
1525629226.568372	1525629226.568372	-0.216843	0.909164	0.305069
1525629226.578341	1525629226.578341	-0.204376	0.893875	0.297592
1525629226.588200	1525629226.588200	-0.201859	0.884430	0.281189
1525629226.598304	1525629226.598304	-0.203339	0.889816	0.266083
1525629226.608160	1525629226.608160	-0.198074	0.910538	0.254837
1525629226.618267	1525629226.618267	-0.181564	0.934830	0.246185
1525629226.628243	1525629226.628243	-0.153275	0.950836	0.243011
1525629226.638365	1525629226.638365	-0.120590	0.961227	0.244324
1525629226.648238	1525629226.648238	-0.093674	0.980316	0.246933
1525629226.658181	1525629226.658181	-0.076141	1.013702	0.248856
1525629226.668166	1525629226.668166	-0.062576	1.047775	0.231552
1525629226.678423	1525629226.678423	-0.043808	1.069214	0.198669
1525629226.688214	1525629226.688214	-0.017776	1.081268	0.160461
1525629226.698240	1525629226.698240	0.015869	1.087509	0.114685
1525629226.708191	1525629226.708191	0.048508	1.091049	0.062332
1525629226.718060	1525629226.718060	0.068207	1.094574	0.017670
1525629226.728037	1525629226.728037	0.054306	1.093887	0.023621
1525629226.738283	1525629226.738283	0.010620	1.071320	0.097260
1525629226.748135	1525629226.748135	-0.044434	1.034302	0.190002
1525629226.758111	1525629226.758111	-0.106506	0.999649	0.275360
1525629226.767786	1525629226.767786	-0.170364	0.960770	0.362595
1525629226.778580	1525629226.778580	-0.191849	0.949448	0.540207
1525629226.788157	1525629226.788157	-0.056458	1.078796	0.781448
1525629226.798203	1525629226.798203	0.306580	1.415390	0.715256
1525629226.808011	1525629226.808011	0.599426	1.689453	0.032883
1525629226.817851	1525629226.817851	0.524292	1.736572	-0.523178
1525629226.827909	1525629226.827909	0.318634	1.612457	-0.392273
1525629226.839181	1525629226.839181	0.253723	1.282394	0.074081
1525629226.847923	1525629226.847923	0.344193	0.878098	0.448944
1525629226.858034	1525629226.858034	0.455978	0.653168	0.574280
1525629226.867749	1525629226.867749	0.511597	0.674561	0.459625
1525629226.877727	1525629226.877727	0.496643	0.850922	0.180130
1525629226.887839	1525629226.887839	0.386368	1.056107	-0.126083
1525629226.897825	1525629226.897825	0.244659	1.158463	-0.402847
1525629226.907802	1525629226.907802	0.165039	1.108231	-0.495804
1525629226.917648	1525629226.917648	0.156586	0.980515	-0.359375
1525629226.927813	1525629226.927813	0.173309	0.857803	-0.094360
1525629226.937954	1525629226.937954	0.163513	0.802444	0.204514
1525629226.947717	1525629226.947717	0.112991	0.822403	0.401932
1525629226.957781	1525629226.957781	0.021317	0.896637	0.424774
1525629226.967612	1525629226.967612	-0.096390	0.988586	0.279037
1525629226.977512	1525629226.977512	-0.201233	1.035324	0.080948
1525629226.987877	1525629226.987877	-0.239670	1.012772	0.000946
1525629226.997617	1525629226.997617	-0.186325	0.944290	0.051804
1525629227.007661	1525629227.007661	-0.084061	0.897934	0.086380
1525629227.017536	1525629227.017536	0.025146	0.918289	0.029114
1525629227.027230	1525629227.027230	0.114792	0.986832	-0.060684
1525629227.037712	1525629227.037712	0.173309	1.042145	-0.112534
1525629227.048050	1525629227.048050	0.201767	1.047379	-0.108551
1525629227.057352	1525629227.057352	0.192398	1.015533	-0.078186
1525629227.067875	1525629227.067875	0.146103	0.980270	-0.049942
1525629227.077669	1525629227.077669	0.069885	0.966370	-0.019501
1525629227.087820	1525629227.087820	-0.010712	0.969147	0.004959
1525629227.097405	1525629227.097405	-0.066940	0.970612	0.028244
1525629227.107702	1525629227.107702	-0.087646	0.972076	0.052643
1525629227.117381	1525629227.117381	-0.069321	0.974335	0.073334
1525629227.127781	1525629227.127781	-0.019714	0.979492	0.100861
1525629227.137402	1525629227.137402	0.045792	0.992966	0.125397
1525629227.147225	1525629227.147225	0.104782	1.017807	0.127563
1525629227.157274	1525629227.157274	0.127502	1.034119	0.126083
1525629227.167378	1525629227.167378	0.095215	1.024551	0.112411
1525629227.177213	1525629227.177213	0.026810	0.998795	0.075562
1525629227.187081	1525629227.187081	-0.044647	0.967545	0.048203
1525629227.197199	1525629227.197199	-0.098587	0.945724	0.052048
1525629227.207179	1525629227.207179	-0.131180	0.942551	0.075058
1525629227.217021	1525629227.217021	-0.145584	0.957077	0.095825
1525629227.227135	1525629227.227135	-0.139908	0.982620	0.101837
1525629227.237193	1525629227.237193	-0.125946	1.003052	0.108521
1525629227.246968	1525629227.246968	-0.106766	1.009048	0.113556
1525629227.257073	1525629227.257073	-0.079956	1.000046	0.100052
1525629227.266914	1525629227.266914	-0.053238	0.985687	0.087357
1525629227.277116	1525629227.277116	-0.030807	0.981277	0.098648
1525629227.287031	1525629227.287031	-0.021317	0.989594	0.118637
1525629227.296990	1525629227.296990	-0.032440	0.997543	0.131424
1525629227.306949	1525629227.306949	-0.059280	0.995590	0.133667
1525629227.316893	1525629227.316893	-0.093414	0.988083	0.124542
1525629227.326917	1525629227.326917	-0.121353	0.978271	0.110016
1525629227.336988	1525629227.336988	-0.133636	0.975876	0.103027
1525629227.346791	1525629227.346791	-0.133163	0.987808	0.108673
1525629227.356866	1525629227.356866	-0.125137	0.995132	0.094803
1525629227.366863	1525629227.366863	-0.105133	0.988022	0.074936
1525629227.376828	1525629227.376828	-0.082077	0.982452	0.077576
1525629227.386806	1525629227.386806	-0.067963	0.986832	0.093582
1525629227.396781	1525629227.396781	-0.074829	0.996582	0.106552
1525629227.406843	1525629227.406843	-0.097488	0.998795	0.112274
1525629227.416857	1525629227.416857	-0.128296	0.987564	0.126404
1525629227.426720	1525629227.426720	-0.164017	0.975296	0.129868
1525629227.436760	1525629227.436760	-0.201218	0.990982	0.112625
1525629227.446747	1525629227.446747	-0.224564	1.012680	0.097885
1525629227.456550	1525629227.456550	-0.224457	0.991486	0.084991
1525629227.466758	1525629227.466758	-0.203888	0.982590	0.063446
1525629227.476697	1525629227.476697	-0.171860	1.018555	0.056885
1525629227.486670	1525629227.486670	-0.142944	1.046341	0.081390
1525629227.496653	1525629227.496653	-0.126617	1.028946	0.087830
1525629227.506621	1525629227.506621	-0.123718	0.985153	0.053177
1525629227.516601	1525629227.516601	-0.133316	0.953735	0.029312
1525629227.526596	1525629227.526596	-0.153625	0.955627	0.039627
1525629227.536573	1525629227.536573	-0.182678	0.986069	0.075485
1525629227.546579	1525629227.546579	-0.215607	1.018753	0.103638
1525629227.556855	1525629227.556855	-0.241272	1.036591	0.095383
1525629227.566619	1525629227.566619	-0.252853	1.061859	0.063980
1525629227.576452	1525629227.576452	-0.245392	1.095261	0.038651
1525629227.586438	1525629227.586438	-0.220413	1.054871	0.111679
1525629227.596408	1525629227.596408	-0.216522	0.987381	0.185287
1525629227.606389	1525629227.606389	-0.244385	0.951523	0.237900
1525629227.616412	1525629227.616412	-0.300049	0.943863	0.266083
1525629227.626598	1525629227.626598	-0.361496	0.930618	0.273239
1525629227.636408	1525629227.636408	-0.397186	0.906677	0.264557
1525629227.647490	1525629227.647490	-0.400101	0.909042	0.242020
1525629227.656297	1525629227.656297	-0.371628	0.942245	0.220490
1525629227.666344	1525629227.666344	-0.324814	0.986938	0.204163
1525629227.676294	1525629227.676294	-0.287552	1.050034	0.186768
1525629227.686237	1525629227.686237	-0.280670	1.155365	0.178177
1525629227.696098	1525629227.696098	-0.275848	1.246185	0.184540
1525629227.706193	1525629227.706193	-0.225983	1.225464	0.198502
1525629227.716233	1525629227.716233	-0.162643	1.139282	0.226135
1525629227.726221	1525629227.726221	-0.120270	1.107193	0.249252
1525629227.736743	1525629227.736743	-0.099030	1.169327	0.280518
1525629227.746114	1525629227.746114	-0.078552	1.265656	0.316757
1525629227.756632	1525629227.756632	-0.027771	1.309982	0.322220
1525629227.766124	1525629227.766124	0.049149	1.287888	0.306488
1525629227.776458	1525629227.776458	0.126465	1.227966	0.301880
1525629227.786025	1525629227.786025	0.187988	1.148987	0.299942
1525629227.796429	1525629227.796429	0.219711	1.107330	0.292435
1525629227.805783	1525629227.805783	0.203842	1.098740	0.283173
1525629227.816296	1525629227.816296	0.136368	1.023224	0.287186
1525629227.825782	1525629227.825782	0.044113	0.882889	0.274567
1525629227.835903	1525629227.835903	-0.056824	0.769760	0.263977
1525629227.845737	1525629227.845737	-0.174271	0.707336	0.276871
1525629227.855494	1525629227.855494	-0.325043	0.684387	0.301636
1525629227.865697	1525629227.865697	-0.523331	0.698181	0.350143
1525629227.875677	1525629227.875677	-0.769669	0.714493	0.426987
1525629227.885735	1525629227.885735	-1.019806	0.701248	0.532700
1525629227.895725	1525629227.895725	-1.200729	0.685471	0.615921
1525629227.905654	1525629227.905654	-1.248932	0.662872	0.604065
1525629227.915595	1525629227.915595	-1.160065	0.597488	0.493362
1525629227.925566	1525629227.925566	-0.967346	0.518433	0.320724
1525629227.935630	1525629227.935630	-0.720810	0.454407	0.152206
1525629227.946621	1525629227.946621	-0.468140	0.407578	0.027542
1525629227.955511	1525629227.955511	-0.240005	0.362946	-0.024429
1525629227.965489	1525629227.965489	-0.066696	0.325897	0.007797
1525629227.975471	1525629227.975471	0.012772	0.331757	0.090240
1525629227.985451	1525629227.985451	-0.023102	0.390701	0.172623
1525629227.995425	1525629227.995425	-0.148361	0.474930	0.229721
1525629228.005407	1525629228.005407	-0.321960	0.531540	0.305618
1525629228.015261	1525629228.015261	-0.501862	0.542511	0.395004
1525629228.025362	1525629228.025362	-0.665527	0.517090	0.460342
1525629228.035488	1525629228.035488	-0.804504	0.456406	0.471542
1525629228.045400	1525629228.045400	-0.911026	0.394577	0.444214
1525629228.055243	1525629228.055243	-0.973068	0.361618	0.446365
1525629228.065281	1525629228.065281	-0.963135	0.355255	0.488083
1525629228.075253	1525629228.075253	-0.877762	0.390793	0.526245
1525629228.085399	1525629228.085399	-0.742233	0.451706	0.538818
1525629228.095213	1525629228.095213	-0.584366	0.509109	0.519638
1525629228.105127	1525629228.105127	-0.446457	0.545471	0.481613
1525629228.115177	1525629228.115177	-0.356033	0.577515	0.430237
1525629228.125156	1525629228.125156	-0.327652	0.638779	0.412048
1525629228.135487	1525629228.135487	-0.360611	0.699112	0.438446
1525629228.145183	1525629228.145183	-0.432037	0.789383	0.468796
1525629228.155106	1525629228.155106	-0.532974	0.873886	0.523483
1525629228.165064	1525629228.165064	-0.642227	0.893600	0.569641
1525629228.174924	1525629228.174924	-0.738907	0.884872	0.585709
1525629228.185033	1525629228.185033	-0.801743	0.878510	0.582413
1525629228.194997	1525629228.194997	-0.823181	0.881927	0.580841
1525629228.205018	1525629228.205018	-0.801926	0.888504	0.583313
1525629228.214970	1525629228.214970	-0.745361	0.884659	0.585373
1525629228.224945	1525629228.224945	-0.672363	0.877350	0.570297
1525629228.235004	1525629228.235004	-0.599625	0.867004	0.540298
1525629228.244903	1525629228.244903	-0.537186	0.852371	0.507675
1525629228.254942	1525629228.254942	-0.493195	0.837708	0.480118
1525629228.265166	1525629228.265166	-0.472672	0.824295	0.466080
1525629228.274832	1525629228.274832	-0.472412	0.806824	0.454697
1525629228.284823	1525629228.284823	-0.486023	0.786545	0.434433
1525629228.294747	1525629228.294747	-0.500778	0.763214	0.415344
1525629228.305259	1525629228.305259	-0.500473	0.740143	0.401962
1525629228.314763	1525629228.314763	-0.474258	0.718582	0.395691
1525629228.324739	1525629228.324739	-0.423660	0.701797	0.388535
1525629228.334673	1525629228.334673	-0.353043	0.693451	0.374207
1525629228.344655	1525629228.344655	-0.280167	0.700150	0.374069
1525629228.354758	1525629228.354758	-0.218567	0.725098	0.396973
1525629228.364732	1525629228.364732	-0.186142	0.778687	0.418091
1525629228.374634	1525629228.374634	-0.193390	0.858505	0.425171
1525629228.384638	1525629228.384638	-0.233963	0.953812	0.429596
1525629228.394630	1525629228.394630	-0.291641	1.023575	0.461380
1525629228.404679	1525629228.404679	-0.348328	1.014664	0.498016
1525629228.414550	1525629228.414550	-0.387817	0.971207	0.485458
1525629228.424529	1525629228.424529	-0.428940	0.945190	0.412094
1525629228.434675	1525629228.434675	-0.517883	0.941849	0.354416
1525629228.445369	1525629228.445369	-0.616959	0.954544	0.373947
1525629228.455630	1525629228.455630	-0.625839	0.983521	0.376495
1525629228.464856	1525629228.464856	-0.534561	0.984970	0.341125
1525629228.474423	1525629228.474423	-0.359619	0.950516	0.208633
1525629228.484843	1525629228.484843	-0.139313	0.932159	0.020157
1525629228.494461	1525629228.494461	0.060791	0.973343	-0.098679
1525629228.504767	1525629228.504767	0.189270	1.102493	-0.106903
1525629228.514344	1525629228.514344	0.232925	1.284042	-0.019089
1525629228.524490	1525629228.524490	0.243805	1.414093	0.100067
1525629228.534474	1525629228.534474	0.280151	1.401886	0.189346
1525629228.544852	1525629228.544852	0.315155	1.235565	0.264435
1525629228.554262	1525629228.554262	0.292114	1.014297	0.326096
1525629228.564242	1525629228.564242	0.212082	0.845535	0.377823
1525629228.574217	1525629228.574217	0.102097	0.779449	0.422745
1525629228.584289	1525629228.584289	-0.004837	0.806519	0.457031
1525629228.594395	1525629228.594395	-0.084839	0.893311	0.459183
1525629228.604153	1525629228.604153	-0.129166	0.986023	0.400024
1525629228.614136	1525629228.614136	-0.142197	1.039246	0.296280
1525629228.623991	1525629228.623991	-0.125870	1.036163	0.208023
1525629228.634267	1525629228.634267	-0.077698	0.984314	0.141464
1525629228.644288	1525629228.644288	-0.010620	0.934189	0.082382
1525629228.654130	1525629228.654130	0.058929	0.931290	0.039902
1525629228.664029	1525629228.664029	0.118393	0.968765	0.018433
1525629228.674004	1525629228.674004	0.160812	1.019882	0.036331
1525629228.683988	1525629228.683988	0.180099	1.055099	0.097672
1525629228.694161	1525629228.694161	0.170288	1.052811	0.173492
1525629228.703948	1525629228.703948	0.131027	1.015671	0.232803
1525629228.713927	1525629228.713927	0.072128	0.969116	0.264893
1525629228.723766	1525629228.723766	0.011047	0.943054	0.270157
1525629228.733962	1525629228.733962	-0.041290	0.944275	0.267715
1525629228.744169	1525629228.744169	-0.082504	0.964951	0.264938
1525629228.753847	1525629228.753847	-0.103760	1.012024	0.239883
1525629228.763822	1525629228.763822	-0.093384	1.030182	0.220947
1525629228.773802	1525629228.773802	-0.052734	0.974258	0.221222
1525629228.783658	1525629228.783658	-0.006775	0.922012	0.209854
1525629228.793761	1525629228.793761	0.020004	0.927795	0.183701
1525629228.803742	1525629228.803742	0.028503	0.963257	0.148270
1525629228.813800	1525629228.813800	0.024292	0.990723	0.115402
1525629228.823675	1525629228.823675	0.022842	0.987000	0.085709
1525629228.833752	1525629228.833752	0.036880	0.964386	0.052536
1525629228.843657	1525629228.843657	0.068176	0.951996	0.033432
1525629228.853637	1525629228.853637	0.105698	0.984772	0.049438
1525629228.863616	1525629228.863616	0.139236	1.035324	0.121658
1525629228.873596	1525629228.873596	0.154251	1.024597	0.215729
1525629228.883535	1525629228.883535	0.119858	0.975784	0.258789
1525629228.893550	1525629228.893550	0.010345	0.963715	0.237686
1525629228.903533	1525629228.903533	-0.141052	0.983627	0.179504
1525629228.913510	1525629228.913510	-0.260452	0.975388	0.121201
1525629228.923489	1525629228.923489	-0.286346	0.932434	0.094101
1525629228.933606	1525629228.933606	-0.210495	0.891556	0.110077
1525629228.943325	1525629228.943325	-0.067612	0.893646	0.113480
1525629228.953429	1525629228.953429	0.101303	0.932755	0.069931
1525629228.963404	1525629228.963404	0.273193	0.993042	-0.018723
1525629228.973459	1525629228.973459	0.424835	1.044922	-0.111771
1525629228.983410	1525629228.983410	0.530518	1.066406	-0.156143
1525629228.993348	1525629228.993348	0.565201	1.062943	-0.150940
1525629229.003654	1525629229.003654	0.522461	1.042374	-0.118027
1525629229.013300	1525629229.013300	0.416245	1.018631	-0.080109
1525629229.023283	1525629229.023283	0.285095	1.006516	-0.043365
1525629229.033393	1525629229.033393	0.157471	1.005524	0.007736
1525629229.043242	1525629229.043242	0.051117	0.999161	0.079605
1525629229.053219	1525629229.053219	-0.026672	0.980438	0.152756
1525629229.063201	1525629229.063201	-0.076584	0.952713	0.190460
1525629229.073181	1525629229.073181	-0.095245	0.935577	0.170212
1525629229.083202	1525629229.083202	-0.075562	0.933701	0.131500
1525629229.095163	1525629229.095163	-0.022842	0.949570	0.103317
1525629229.103007	1525629229.103007	0.049744	0.972717	0.078049
1525629229.113094	1525629229.113094	0.124451	0.990173	0.058395
1525629229.123070	1525629229.123070	0.182220	0.996399	0.043930
1525629229.133875	1525629229.133875	0.210953	0.995590	0.026230
1525629229.143193	1525629229.143193	0.213364	0.997238	0.010025
1525629229.153336	1525629229.153336	0.203644	0.999039	0.004944
1525629229.163018	1525629229.163018	0.195740	0.997604	0.009048
1525629229.173379	1525629229.173379	0.188858	0.991302	0.016281
1525629229.183229	1525629229.183229	0.177765	0.987488	0.011261
1525629229.193339	1525629229.193339	0.162460	0.988678	-0.001617
1525629229.202904	1525629229.202904	0.145813	0.986053	-0.000916
1525629229.213151	1525629229.213151	0.131561	0.984604	0.013809
1525629229.222862	1525629229.222862	0.124985	0.986771	0.025131
1525629229.233045	1525629229.233045	0.127197	0.985062	0.026489
1525629229.242911	1525629229.242911	0.139771	0.982956	0.023987
1525629229.252710	1525629229.252710	0.156128	0.986435	0.020020
1525629229.263840	1525629229.263840	0.175903	0.993164	0.022858
1525629229.272759	1525629229.272759	0.193634	0.992981	0.044617
1525629229.282737	1525629229.282737	0.198135	0.989014	0.066650
1525629229.292805	1525629229.292805	0.184616	0.992218	0.066010
1525629229.302694	1525629229.302694	0.158295	0.996948	0.048798
1525629229.312675	1525629229.312675	0.138550	0.993073	0.029510
1525629229.322656	1525629229.322656	0.135590	0.984711	0.018463
1525629229.332709	1525629229.332709	0.148651	0.978409	0.021378
1525629229.342581	1525629229.342581	0.167892	0.975784	0.022171
1525629229.352593	1525629229.352593	0.184906	0.956985	0.038376
1525629229.362387	1525629229.362387	0.193100	0.939148	0.058167
1525629229.372553	1525629229.372553	0.190460	1.011765	-0.009918
1525629229.382521	1525629229.382521	0.190369	1.010483	0.023132
1525629229.392376	1525629229.392376	0.184418	0.995087	0.030746
1525629229.402483	1525629229.402483	0.172363	0.986725	0.023163
1525629229.412693	1525629229.412693	0.154434	0.977585	0.017151
1525629229.422518	1525629229.422518	0.137512	0.974075	0.018280
1525629229.432496	1525629229.432496	0.128098	1.002472	-0.002899
1525629229.442400	1525629229.442400	0.132828	1.029739	0.011551
1525629229.452381	1525629229.452381	0.145264	1.021790	0.073715
1525629229.462358	1525629229.462358	0.154434	0.983383	0.095795
1525629229.472302	1525629229.472302	0.159439	0.944046	0.051010
1525629229.482326	1525629229.482326	0.167984	0.932053	0.003876
1525629229.492219	1525629229.492219	0.180969	0.953033	0.022324
1525629229.502278	1525629229.502278	0.183456	0.967117	0.065506
1525629229.512254	1525629229.512254	0.168320	0.967514	0.069458
1525629229.522195	1525629229.522195	0.165405	0.978577	0.129181
1525629229.532293	1525629229.532293	0.128967	0.940689	0.191437
1525629229.542194	1525629229.542194	0.073380	0.950439	0.117584
1525629229.552047	1525629229.552047	0.065643	1.004715	0.022919
1525629229.562155	1525629229.562155	0.104752	1.033737	-0.004272
1525629229.572010	1525629229.572010	0.176926	1.031952	0.021301
1525629229.582186	1525629229.582186	0.240402	1.012741	0.037079
1525629229.592282	1525629229.592282	0.278656	0.983398	0.026520
1525629229.602068	1525629229.602068	0.288956	0.968704	0.000351
1525629229.612048	1525629229.612048	0.277832	0.981430	-0.020416
1525629229.621986	1525629229.621986	0.259293	0.999878	-0.028107
1525629229.632077	1525629229.632077	0.246719	1.007950	0.027023
1525629229.642176	1525629229.642176	0.200317	0.973831	0.009323
1525629229.651966	1525629229.651966	0.129242	0.950546	-0.034927
1525629229.661942	1525629229.661942	0.113007	0.963242	0.008774
1525629229.671935	1525629229.671935	0.149094	0.974579	0.058640
1525629229.681899	1525629229.681899	0.172318	0.981262	0.055023
1525629229.691896	1525629229.691896	0.179657	0.968170	0.049377
1525629229.701860	1525629229.701860	0.221924	0.989441	0.018463
1525629229.711713	1525629229.711713	0.197891	1.022079	0.020706
1525629229.721810	1525629229.721810	0.153198	0.981110	0.062958
1525629229.731871	1525629229.731871	0.159912	0.950974	0.063705
1525629229.741963	1525629229.741963	0.203033	0.960495	0.005127
1525629229.751758	1525629229.751758	0.227097	0.980087	-0.000320
1525629229.761735	1525629229.761735	0.216568	0.990936	-0.008484
1525629229.771789	1525629229.771789	0.196243	0.989288	-0.022614
1525629229.781695	1525629229.781695	0.179306	0.982590	-0.010971
1525629229.791788	1525629229.791788	0.164948	0.974503	0.001221
1525629229.801655	1525629229.801655	0.156876	0.968979	0.001816
1525629229.811628	1525629229.811628	0.157593	0.972977	0.013367
1525629229.822302	1525629229.822302	0.157959	0.981186	0.019455
1525629229.833978	1525629229.833978	0.167603	0.985916	0.030533
1525629229.842199	1525629229.842199	0.185623	0.991562	0.040375
1525629229.851593	1525629229.851593	0.191299	0.994339	0.033737
1525629229.861926	1525629229.861926	0.184631	0.991959	0.036987
1525629229.871698	1525629229.871698	0.177582	0.992950	0.037872
1525629229.881838	1525629229.881838	0.173203	0.990555	0.028381
1525629229.891468	1525629229.891468	0.169098	0.987991	0.019730
1525629229.901985	1525629229.901985	0.168427	0.982910	0.009827
1525629229.911405	1525629229.911405	0.179016	0.979568	0.005325
1525629229.960346	1525629229.960346	0.190567	0.985413	0.016144
1525629229.960495	1525629229.960495	0.188477	0.986053	0.022842
1525629229.961241	1525629229.961241	0.177521	0.969757	-0.005371
1525629229.961388	1525629229.961388	0.161804	0.964386	0.008743
1525629229.961658	1525629229.961658	0.153488	0.978653	0.035675
1525629229.971720	1525629229.971720	0.155167	0.988770	0.042328
1525629229.981330	1525629229.981330	0.156998	0.986893	0.040604
1525629229.991298	1525629229.991298	0.160767	0.985031	0.037750
1525629230.001176	1525629230.001176	0.166733	0.987106	0.024933
1525629230.011277	1525629230.011277	0.166565	0.981461	0.014984
1525629230.021583	1525629230.021583	0.162247	0.977097	0.020859
1525629230.031166	1525629230.031166	0.162949	0.983261	0.022415
1525629230.041185	1525629230.041185	0.161484	0.982025	0.018692
1525629230.051231	1525629230.051231	0.161285	0.981216	0.013092
1525629230.061581	1525629230.061581	0.165222	0.985413	0.009079
1525629230.072437	1525629230.072437	0.169434	0.992599	0.011292
1525629230.081124	1525629230.081124	0.167130	0.991882	0.020370
1525629230.091160	1525629230.091160	0.155273	0.984497	0.029434
1525629230.103810	1525629230.103810	0.148346	0.986801	0.022919
1525629230.111040	1525629230.111040	0.142105	0.981049	0.023026
1525629230.121038	1525629230.121038	0.138306	0.978180	0.030334
1525629230.131094	1525629230.131094	0.135330	0.982101	0.022873
1525629230.142123	1525629230.142123	0.136444	0.983002	0.035217
1525629230.151151	1525629230.151151	0.162857	0.994385	0.032440
1525629230.160981	1525629230.160981	0.183350	0.996658	0.010040
1525629230.171545	1525629230.171545	0.198257	0.984879	-0.001953
1525629230.180867	1525629230.180867	0.205963	0.972397	-0.004089
1525629230.190735	1525629230.190735	0.197937	0.971344	-0.000610
1525629230.200873	1525629230.200873	0.175552	0.977875	0.006424
1525629230.210912	1525629230.210912	0.151260	0.986053	0.010864
1525629230.220920	1525629230.220920	0.134338	0.995438	0.016464
1525629230.232265	1525629230.232265	0.126480	0.988556	0.016617
1525629230.240834	1525629230.240834	0.133453	0.983658	0.016785
1525629230.250788	1525629230.250788	0.150879	0.989456	0.021988
1525629230.260793	1525629230.260793	0.173050	0.996674	0.014542
1525629230.271112	1525629230.271112	0.188202	1.001419	0.007080
1525629230.280771	1525629230.280771	0.192719	0.995865	0.006134
1525629230.290742	1525629230.290742	0.193451	0.988525	-0.000031
1525629230.300885	1525629230.300885	0.184036	0.985611	-0.004456
1525629230.310795	1525629230.310795	0.172653	0.985336	-0.009323
1525629230.323286	1525629230.323286	0.159546	0.982651	-0.007553
1525629230.331117	1525629230.331117	0.149887	0.980515	0.003723
1525629230.340716	1525629230.340716	0.149246	0.978546	0.004868
1525629230.350714	1525629230.350714	0.150589	0.978867	-0.001358
1525629230.361420	1525629230.361420	0.153976	0.978622	-0.009399
1525629230.370799	1525629230.370799	0.157578	0.975555	-0.013809
1525629230.380529	1525629230.380529	0.161850	0.981537	-0.006851
1525629230.390564	1525629230.390564	0.169662	0.995392	0.003830
1525629230.400477	1525629230.400477	0.175659	1.001572	0.005554
1525629230.412814	1525629230.412814	0.175018	0.992569	0.004898
1525629230.420375	1525629230.420375	0.166931	0.983414	0.006226
1525629230.430552	1525629230.430552	0.159439	0.983139	0.001785
1525629230.440455	1525629230.440455	0.151764	0.977142	-0.009338
