1525629222.073885	1525629222.073885	0.014102	0.009525	-0.016858
1525629222.079483	1525629222.079483	0.018401	0.011637	-0.018934
1525629222.089687	1525629222.089687	0.016344	0.026566	-0.022152
1525629222.099442	1525629222.099442	0.008878	0.022334	-0.023308
1525629222.111171	1525629222.111171	0.003380	-0.006416	-0.015924
1525629222.119384	1525629222.119384	0.004373	-0.025604	-0.013782
1525629222.129375	1525629222.129375	0.000231	-0.017064	-0.022348
1525629222.139399	1525629222.139399	-0.001802	-0.003202	-0.027695
1525629222.150084	1525629222.150084	0.000274	0.005318	-0.021284
1525629222.159164	1525629222.159164	0.005528	0.004233	-0.014834
1525629222.169146	1525629222.169146	0.011816	-0.004317	-0.007306
1525629222.179263	1525629222.179263	0.014949	-0.010723	-0.003010
1525629222.190042	1525629222.190042	0.015016	-0.014989	-0.009395
1525629222.199231	1525629222.199231	0.015080	-0.000069	-0.011523
1525629222.209183	1525629222.209183	0.007617	0.007424	-0.010551
1525629222.219168	1525629222.219168	0.004396	0.009570	-0.008461
1525629222.229141	1525629222.229141	0.005473	0.008499	-0.009513
1525629222.240122	1525629222.240122	0.009714	0.003152	-0.008396
1525629222.249107	1525629222.249107	0.018152	-0.009671	-0.002971
1525629222.259095	1525629222.259095	0.022283	-0.027804	0.004531
1525629222.269063	1525629222.269063	0.015816	-0.033103	0.008709
1525629222.279060	1525629222.279060	0.007328	-0.029871	0.005412
1525629222.289670	1525629222.289670	0.004214	-0.026664	-0.001012
1525629222.299013	1525629222.299013	0.004311	-0.019206	-0.007397
1525629222.308979	1525629222.308979	0.011900	-0.007518	-0.014755
1525629222.318843	1525629222.318843	0.017277	0.014842	-0.013626
1525629222.331119	1525629222.331119	0.017327	0.029762	-0.014690
1525629222.338898	1525629222.338898	0.018360	0.026562	-0.012549
1525629222.349254	1525629222.349254	0.017233	0.018041	-0.009369
1525629222.359741	1525629222.359741	0.022522	0.005230	-0.008240
1525629222.368878	1525629222.368878	0.030941	-0.015054	-0.002814
1525629222.379189	1525629222.379189	0.032841	-0.035306	0.012111
1525629222.389094	1525629222.389094	0.027389	-0.040608	0.020559
1525629222.399040	1525629222.399040	0.021001	-0.035252	0.020481
1525629222.410127	1525629222.410127	0.017875	-0.010725	0.019377
1525629222.425627	1525629222.425627	0.023247	0.004173	0.019443
1525629222.428976	1525629222.428976	0.028663	0.021202	0.016315
1525629222.438957	1525629222.438957	0.030896	0.035045	0.011020
1525629222.451500	1525629222.451500	0.026695	0.051049	0.008840
1525629222.459984	1525629222.459984	0.020265	0.044682	0.009826
1525629222.468915	1525629222.468915	0.020172	0.023368	0.013018
1525629222.478775	1525629222.478775	0.014779	-0.000057	0.012953
1525629222.489042	1525629222.489042	0.017946	-0.003267	0.015121
1525629222.501566	1525629222.501566	0.011579	0.010616	0.015042
1525629222.513370	1525629222.513370	-0.002164	0.029856	0.008487
1525629222.519489	1525629222.519489	-0.007448	0.039469	0.006294
1525629222.528734	1525629222.528734	-0.008274	0.046925	-0.011811
1525629222.541270	1525629222.541270	-0.019506	0.091723	-0.043880
1525629222.554288	1525629222.554288	-0.024172	0.161002	-0.084385
1525629222.558770	1525629222.558770	-0.019555	0.201474	-0.104553
1525629222.568723	1525629222.568723	-0.016353	0.181208	-0.108770
1525629222.578852	1525629222.578852	-0.012288	0.152419	-0.098076
1525629222.591919	1525629222.591919	-0.010411	0.127904	-0.082087
1525629222.604167	1525629222.604167	-0.008685	0.069287	-0.060777
1525629222.608504	1525629222.608504	-0.011181	0.023477	-0.040583
1525629222.618606	1525629222.618606	-0.032619	0.035297	-0.030202
1525629222.630660	1525629222.630660	-0.037989	0.068364	-0.020690
1525629222.643349	1525629222.643349	0.030596	0.075523	-0.043267
1525629222.657518	1525629222.657518	0.157056	-0.015636	-0.106643
1525629222.658445	1525629222.658445	0.104213	0.033601	-0.138157
1525629222.668546	1525629222.668546	-0.001975	0.066011	-0.173517
1525629222.678566	1525629222.678566	-0.032679	0.029892	-0.200500
1525629222.688485	1525629222.688485	-0.056257	0.023600	-0.193338
1525629222.698462	1525629222.698462	-0.073403	-0.037042	-0.112654
1525629222.708441	1525629222.708441	-0.082135	-0.104111	-0.023353
1525629222.718423	1525629222.718423	-0.056059	-0.102068	0.025926
1525629222.728399	1525629222.728399	-0.055046	-0.081818	0.034453
1525629222.738379	1525629222.738379	-0.073212	-0.041235	0.044873
1525629222.748366	1525629222.748366	-0.081992	0.001447	0.073502
1525629222.758489	1525629222.758489	-0.097066	0.024966	0.089282
1525629222.768239	1525629222.768239	-0.117299	0.034644	0.087970
1525629222.778373	1525629222.778373	-0.123574	0.043193	0.079378
1525629222.788284	1525629222.788284	-0.117146	0.075142	0.083714
1525629222.798607	1525629222.798607	-0.095080	0.091049	0.114849
1525629222.808246	1525629222.808246	-0.078472	0.094193	0.153369
1525629222.818324	1525629222.818324	-0.087264	0.121954	0.179870
1525629222.828147	1525629222.828147	-0.088819	0.166746	0.228810
1525629222.838125	1525629222.838125	-0.092559	0.185968	0.276660
1525629222.848166	1525629222.848166	-0.103804	0.184971	0.323354
1525629222.858283	1525629222.858283	-0.104274	0.184990	0.361665
1525629222.868081	1525629222.868081	-0.027461	0.320034	0.390274
1525629222.878019	1525629222.878019	-0.075074	0.092118	0.310936
1525629222.887974	1525629222.887974	-0.066373	0.162386	0.224827
1525629222.897940	1525629222.897940	-0.047618	0.275309	0.284657
1525629222.907919	1525629222.907919	-0.059578	0.180502	0.283450
1525629222.917881	1525629222.917881	-0.056943	0.119716	0.230266
1525629222.927812	1525629222.927812	-0.063328	0.125033	0.142910
1525629222.937897	1525629222.937897	-0.080395	0.119737	0.054360
1525629222.948001	1525629222.948001	-0.098783	0.101664	-0.016112
1525629222.957696	1525629222.957696	-0.091886	0.090958	-0.058602
1525629222.967727	1525629222.967727	-0.072632	0.064227	-0.067945
1525629222.977807	1525629222.977807	-0.068650	0.027979	-0.051930
1525629222.987839	1525629222.987839	-0.073341	0.015224	-0.020056
1525629222.997852	1525629222.997852	-0.090789	0.025971	0.012725
1525629223.007822	1525629223.007822	-0.108008	0.060158	0.031672
1525629223.017804	1525629223.017804	-0.112222	0.092152	0.033748
1525629223.027780	1525629223.027780	-0.102413	0.107025	0.020031
1525629223.037776	1525629223.037776	-0.103411	0.093170	0.011505
1525629223.047744	1525629223.047744	-0.106714	0.067606	0.014658
1525629223.057718	1525629223.057718	-0.105818	0.040961	0.023185
1525629223.067713	1525629223.067713	-0.111390	-0.006973	0.032697
1525629223.077695	1525629223.077695	-0.112665	-0.048530	0.041198
1525629223.087528	1525629223.087528	-0.106275	-0.063479	0.039148
1525629223.097630	1525629223.097630	-0.098576	-0.039005	0.025404
1525629223.107614	1525629223.107614	-0.114169	0.010078	0.001796
1525629223.117654	1525629223.117654	-0.126586	0.060214	-0.019644
1525629223.127578	1525629223.127578	-0.134985	0.062377	-0.030391
1525629223.137874	1525629223.137874	-0.144763	0.028316	-0.023059
1525629223.147506	1525629223.147506	-0.151453	0.001707	-0.005046
1525629223.157615	1525629223.157615	-0.146247	-0.007903	0.003533
1525629223.167457	1525629223.167457	-0.144006	-0.017510	-0.007083
1525629223.177786	1525629223.177786	-0.153342	-0.015348	-0.028484
1525629223.187628	1525629223.187628	-0.160407	0.004919	-0.057309
1525629223.197529	1525629223.197529	-0.154793	0.017676	-0.077463
1525629223.207510	1525629223.207510	-0.153637	0.021931	-0.083836
1525629223.217350	1525629223.217350	-0.149521	0.013392	-0.073141
1525629223.227676	1525629223.227676	-0.143371	0.001650	-0.054972
1525629223.237526	1525629223.237526	-0.145643	-0.001533	-0.044356
1525629223.247165	1525629223.247165	-0.145630	0.009126	-0.043292
1525629223.257405	1525629223.257405	-0.148693	0.001672	-0.056101
1525629223.267246	1525629223.267246	-0.154919	0.003824	-0.070014
1525629223.277644	1525629223.277644	-0.155905	-0.005768	-0.078541
1525629223.287429	1525629223.287429	-0.151660	-0.024971	-0.080617
1525629223.297324	1525629223.297324	-0.141105	-0.013287	-0.068780
1525629223.307302	1525629223.307302	-0.139145	0.021886	-0.047470
1525629223.317373	1525629223.317373	-0.140434	0.058141	-0.021942
1525629223.327544	1525629223.327544	-0.126865	0.104994	0.012282
1525629223.338448	1525629223.338448	-0.103713	0.155005	0.048752
1525629223.347269	1525629223.347269	-0.088060	0.208246	0.088323
1525629223.357110	1525629223.357110	-0.075589	0.247644	0.123598
1525629223.367066	1525629223.367066	-0.070523	0.271082	0.150268
1525629223.377177	1525629223.377177	-0.065269	0.275327	0.157783
1525629223.387350	1525629223.387350	-0.053451	0.261417	0.148348
1525629223.397142	1525629223.397142	-0.057527	0.217725	0.123820
1525629223.406994	1525629223.406994	-0.066902	0.167659	0.094969
1525629223.416963	1525629223.416963	-0.059191	0.113256	0.064198
1525629223.427873	1525629223.427873	-0.043080	0.036438	0.039918
1525629223.437218	1525629223.437218	-0.036719	-0.031805	0.029354
1525629223.447565	1525629223.447565	-0.025156	-0.048902	0.040139
1525629223.457013	1525629223.457013	0.003507	-0.017042	0.058583
1525629223.467250	1525629223.467250	0.033270	0.038263	0.079168
1525629223.476976	1525629223.476976	0.051387	0.119196	0.097482
1525629223.487392	1525629223.487392	0.055753	0.210842	0.108176
1525629223.497013	1525629223.497013	0.043257	0.286563	0.098441
1525629223.508197	1525629223.508197	0.022504	0.327134	0.058805
1525629223.516753	1525629223.516753	-0.010781	0.345364	-0.007593
1525629223.527696	1525629223.527696	-0.047047	0.336952	-0.097442
1525629223.536856	1525629223.536856	-0.074649	0.280532	-0.207407
1525629223.547008	1525629223.547008	-0.092674	0.203820	-0.319383
1525629223.557010	1525629223.557010	-0.114025	0.129259	-0.420756
1525629223.566659	1525629223.566659	-0.146466	0.032376	-0.492462
1525629223.576732	1525629223.576732	-0.166527	-0.066676	-0.529957
1525629223.586718	1525629223.586718	-0.169835	-0.125283	-0.533189
1525629223.596799	1525629223.596799	-0.164739	-0.137021	-0.516096
1525629223.607178	1525629223.607178	-0.146841	-0.123231	-0.493526
1525629223.616560	1525629223.616560	-0.124651	-0.114790	-0.474096
1525629223.626686	1525629223.626686	-0.090735	-0.100003	-0.452395
1525629223.636691	1525629223.636691	-0.064363	-0.089445	-0.425464
1525629223.646561	1525629223.646561	-0.048768	-0.106551	-0.395470
1525629223.656655	1525629223.656655	-0.056645	-0.134216	-0.367893
1525629223.666360	1525629223.666360	-0.056857	-0.151262	-0.354058
1525629223.676604	1525629223.676604	-0.034332	-0.134307	-0.360169
1525629223.686592	1525629223.686592	0.004406	-0.096111	-0.378855
1525629223.696414	1525629223.696414	0.040074	-0.047248	-0.406093
1525629223.706547	1525629223.706547	0.057507	0.009158	-0.423976
1525629223.716523	1525629223.716523	0.043666	0.051852	-0.417760
1525629223.726643	1525629223.726643	0.030664	0.081760	-0.395569
1525629223.736455	1525629223.736455	0.032340	0.065781	-0.361488
1525629223.746441	1525629223.746441	0.027555	0.041304	-0.324294
1525629223.756413	1525629223.756413	0.025084	0.037063	-0.297715
1525629223.766353	1525629223.766353	0.052829	0.055066	-0.294183
1525629223.776449	1525629223.776449	0.109610	0.108111	-0.302005
1525629223.786340	1525629223.786340	0.175090	0.247452	-0.305466
1525629223.796328	1525629223.796328	0.200915	0.372046	-0.297703
1525629223.806312	1525629223.806312	0.188939	0.416873	-0.269113
1525629223.816322	1525629223.816322	0.174456	0.411628	-0.220330
1525629223.826536	1525629223.826536	0.175855	0.394594	-0.163901
1525629223.836254	1525629223.836254	0.176347	0.378625	-0.120256
1525629223.846240	1525629223.846240	0.160164	0.363777	-0.108745
1525629223.856087	1525629223.856087	0.142282	0.340394	-0.134508
1525629223.866247	1525629223.866247	0.139594	0.321200	-0.180308
1525629223.876162	1525629223.876162	0.125048	0.294600	-0.217737
1525629223.886207	1525629223.886207	0.092980	0.243575	-0.223450
1525629223.896155	1525629223.896155	0.058304	0.164865	-0.196198
1525629223.906110	1525629223.906110	0.031975	0.083994	-0.153943
1525629223.916146	1525629223.916146	0.028337	0.049916	-0.125249
1525629223.926061	1525629223.926061	0.027276	0.078700	-0.119941
1525629223.936030	1525629223.936030	0.022150	0.109626	-0.130649
1525629223.946033	1525629223.946033	0.018014	0.125627	-0.138150
1525629223.956002	1525629223.956002	-0.003203	0.142767	-0.144796
1525629223.966043	1525629223.966043	-0.034121	0.135436	-0.148367
1525629223.975800	1525629223.975800	-0.045740	0.114163	-0.162345
1525629223.985791	1525629223.985791	-0.040220	0.068299	-0.186757
1525629223.995740	1525629223.995740	-0.031495	0.019223	-0.212193
1525629224.005740	1525629224.005740	-0.031311	-0.006366	-0.232413
1525629224.015657	1525629224.015657	-0.035479	-0.013813	-0.242043
1525629224.025830	1525629224.025830	-0.047220	-0.010566	-0.241122
1525629224.035610	1525629224.035610	-0.049374	-0.003094	-0.237956
1525629224.046105	1525629224.046105	-0.049316	0.004365	-0.241148
1525629224.057986	1525629224.057986	-0.054448	-0.013741	-0.261433
1525629224.065991	1525629224.065991	-0.046700	-0.058553	-0.293268
1525629224.075525	1525629224.075525	-0.047416	-0.079880	-0.326271
1525629224.085493	1525629224.085493	-0.054687	-0.100109	-0.346582
1525629224.095693	1525629224.095693	-0.056798	-0.127814	-0.354058
1525629224.105531	1525629224.105531	-0.066366	-0.129907	-0.357368
1525629224.115511	1525629224.115511	-0.072652	-0.109632	-0.362767
1525629224.125489	1525629224.125489	-0.080938	-0.098947	-0.380963
1525629224.136246	1525629224.136246	-0.075299	-0.107509	-0.407503
1525629224.145650	1525629224.145650	-0.067486	-0.110753	-0.436145
1525629224.156114	1525629224.156114	-0.062886	-0.082005	-0.457377
1525629224.165405	1525629224.165405	-0.063703	-0.034045	-0.468032
1525629224.175664	1525629224.175664	-0.062455	0.027766	-0.470147
1525629224.185365	1525629224.185365	-0.054787	0.112998	-0.468991
1525629224.195675	1525629224.195675	-0.059926	0.201483	-0.466928
1525629224.205387	1525629224.205387	-0.080039	0.228210	-0.474626
1525629224.215494	1525629224.215494	-0.095987	0.182442	-0.488656
1525629224.225384	1525629224.225384	-0.115138	0.124962	-0.504854
1525629224.235377	1525629224.235377	-0.143700	0.097361	-0.530747
1525629224.245245	1525629224.245245	-0.167804	0.109173	-0.564037
1525629224.255109	1525629224.255109	-0.182200	0.106016	-0.608916
1525629224.265194	1525629224.265194	-0.196709	0.083678	-0.648474
1525629224.275180	1525629224.275180	-0.216763	0.076294	-0.667878
1525629224.285159	1525629224.285159	-0.253013	0.080711	-0.669386
1525629224.295132	1525629224.295132	-0.305488	0.058557	-0.658319
1525629224.305122	1525629224.305122	-0.376140	-0.010419	-0.653859
1525629224.315092	1525629224.315092	-0.443490	-0.107125	-0.663195
1525629224.325070	1525629224.325070	-0.476476	-0.208250	-0.691269
1525629224.335294	1525629224.335294	-0.501653	-0.313683	-0.747984
1525629224.345032	1525629224.345032	-0.538215	-0.414817	-0.832513
1525629224.355012	1525629224.355012	-0.553141	-0.490473	-0.935936
1525629224.364992	1525629224.364992	-0.560512	-0.489418	-1.030754
1525629224.374972	1525629224.374972	-0.598198	-0.466901	-1.085498
1525629224.384949	1525629224.384949	-0.630161	-0.496612	-1.095467
1525629224.394874	1525629224.394874	-0.647525	-0.535966	-1.079713
1525629224.404896	1525629224.404896	-0.675666	-0.608313	-1.061961
1525629224.414969	1525629224.414969	-0.707906	-0.743538	-1.070866
1525629224.424866	1525629224.424866	-0.741593	-0.771125	-1.113852
1525629224.434845	1525629224.434845	-0.811798	-0.594999	-1.182835
1525629224.444771	1525629224.444771	-0.863749	-0.413626	-1.260110
1525629224.454646	1525629224.454646	-0.846059	-0.426515	-1.313111
1525629224.464781	1525629224.464781	-0.860138	-0.406195	-1.291996
1525629224.474757	1525629224.474757	-0.896608	-0.160875	-1.226460
1525629224.484676	1525629224.484676	-0.912432	0.020390	-1.204307
1525629224.494620	1525629224.494620	-0.914163	-0.006265	-1.242645
1525629224.504676	1525629224.504676	-0.888858	-0.075684	-1.318967
1525629224.514679	1525629224.514679	-0.883265	-0.067229	-1.425334
1525629224.524730	1525629224.524730	-0.882371	-0.050250	-1.581785
1525629224.534628	1525629224.534628	-0.874621	-0.081283	-1.784982
1525629224.544606	1525629224.544606	-0.846552	-0.176358	-2.004958
1525629224.554700	1525629224.554700	-0.757932	-0.307921	-2.210355
1525629224.564579	1525629224.564579	-0.663295	-0.430968	-2.382684
1525629224.574544	1525629224.574544	-0.628647	-0.469545	-2.518497
1525629224.584526	1525629224.584526	-0.699526	-0.313683	-2.623676
1525629224.594728	1525629224.594728	-0.829773	0.019357	-2.724265
1525629224.604478	1525629224.604478	-0.972173	0.481400	-2.851615
1525629224.614462	1525629224.614462	-1.142034	0.856145	-3.019744
1525629224.624325	1525629224.624325	-1.306758	1.047540	-3.209092
1525629224.634421	1525629224.634421	-1.346445	1.210722	-3.333048
1525629224.644563	1525629224.644563	-1.096596	1.354656	-3.229947
1525629224.654655	1525629224.654655	-0.636001	1.259108	-2.784730
1525629224.664359	1525629224.664359	-0.203649	0.981544	-2.074827
1525629224.674339	1525629224.674339	0.084281	0.625771	-1.263446
1525629224.684318	1525629224.684318	0.357570	0.221017	-0.486303
1525629224.694476	1525629224.694476	0.620060	-0.310569	0.188535
1525629224.704357	1525629224.704357	0.646427	-0.882788	0.706153
1525629224.714125	1525629224.714125	0.432494	-1.351768	1.001571
1525629224.724201	1525629224.724201	0.162561	-1.658630	1.023823
1525629224.734197	1525629224.734197	0.007779	-1.873361	0.811194
1525629224.771031	1525629224.771031	-0.020940	-2.114254	0.493671
1525629224.771108	1525629224.771108	0.036060	-2.346958	0.235736
1525629224.771175	1525629224.771175	0.217716	-2.519350	0.179424
1525629224.774134	1525629224.774134	0.590182	-2.631672	0.411756
1525629224.784074	1525629224.784074	1.076847	-2.644169	0.923279
1525629224.794599	1525629224.794599	1.511426	-2.489026	1.626809
1525629224.804172	1525629224.804172	1.805448	-2.168082	2.340323
1525629224.814128	1525629224.814128	1.983075	-1.777433	2.901272
1525629224.824034	1525629224.824034	2.068342	-1.383290	3.250348
1525629224.834077	1525629224.834077	2.069422	-0.959025	3.422775
1525629224.844682	1525629224.844682	2.002495	-0.536653	3.484740
1525629224.854066	1525629224.854066	1.933630	-0.202750	3.512626
1525629224.864345	1525629224.864345	1.900559	-0.003285	3.552661
1525629224.873922	1525629224.873922	1.921321	0.027559	3.606132
1525629224.884215	1525629224.884215	1.992867	-0.091024	3.664486
1525629224.894182	1525629224.894182	2.067587	-0.225607	3.721815
1525629224.904278	1525629224.904278	2.099910	-0.207597	3.787135
1525629224.913838	1525629224.913838	2.079011	-0.025215	3.875216
1525629224.923868	1525629224.923868	2.050419	0.223294	3.995131
1525629224.933887	1525629224.933887	2.029898	0.437676	4.146013
1525629224.943773	1525629224.943773	2.022851	0.582732	4.315155
1525629224.953756	1525629224.953756	2.017860	0.649970	4.474746
1525629224.963735	1525629224.963735	2.021731	0.607371	4.585488
1525629224.973749	1525629224.973749	2.024107	0.512526	4.633416
1525629224.983796	1525629224.983796	1.975051	0.437054	4.615788
1525629224.993675	1525629224.993675	1.885197	0.408625	4.541249
1525629225.007631	1525629225.007631	1.782202	0.405808	4.412267
1525629225.013654	1525629225.013654	1.683071	0.412543	4.231177
1525629225.023609	1525629225.023609	1.580332	0.379830	3.988312
1525629225.033687	1525629225.033687	1.438963	0.335526	3.673663
1525629225.043577	1525629225.043577	1.267840	0.389368	3.282013
1525629225.053549	1525629225.053549	1.153215	0.606016	2.841024
1525629225.068144	1525629225.068144	1.092897	0.812845	2.407086
1525629225.075686	1525629225.075686	0.998482	0.787488	2.008926
1525629225.083492	1525629225.083492	0.846152	0.556668	1.593034
1525629225.093461	1525629225.093461	0.655785	0.357935	1.065983
1525629225.103339	1525629225.103339	0.419409	0.228607	0.389357
1525629225.113422	1525629225.113422	0.137513	0.140991	-0.395328
1525629225.123416	1525629225.123416	-0.140997	0.164208	-1.172524
1525629225.133455	1525629225.133455	-0.341887	0.360887	-1.805088
1525629225.143431	1525629225.143431	-0.452476	0.704369	-2.201328
1525629225.153376	1525629225.153376	-0.518335	1.046716	-2.329867
1525629225.163316	1525629225.163316	-0.556214	1.321900	-2.230289
1525629225.173297	1525629225.173297	-0.484663	1.589253	-1.919694
1525629225.183276	1525629225.183276	0.519422	2.517927	-1.121944
1525629225.193256	1525629225.193256	2.400399	4.056519	1.470378
1525629225.203235	1525629225.203235	1.995678	3.809843	3.708040
1525629225.213211	1525629225.213211	0.689642	2.818809	3.592045
1525629225.223207	1525629225.223207	-0.318604	1.560433	1.935317
1525629225.233160	1525629225.233160	-0.655159	0.259394	-0.556166
1525629225.243510	1525629225.243510	-0.281223	-0.191895	-2.775024
1525629225.253482	1525629225.253482	0.143910	0.013626	-3.901244
1525629225.262986	1525629225.262986	0.270091	0.155912	-3.894383
1525629225.273089	1525629225.273089	0.119630	-0.129748	-2.994703
1525629225.283076	1525629225.283076	-0.025853	-0.577239	-1.663891
1525629225.293004	1525629225.293004	0.009523	-0.790069	-0.589514
1525629225.303028	1525629225.303028	0.079701	-0.736868	-0.123533
1525629225.313007	1525629225.313007	0.008187	-0.413671	-0.229789
1525629225.323276	1525629225.323276	-0.136620	0.184672	-0.655193
1525629225.333359	1525629225.333359	-0.236815	0.917098	-1.123694
1525629225.343131	1525629225.343131	-0.244152	1.537286	-1.443111
1525629225.352984	1525629225.352984	-0.169799	1.753283	-1.545451
1525629225.362909	1525629225.362909	-0.064245	1.478978	-1.420686
1525629225.372975	1525629225.372975	-0.006173	0.880937	-1.144288
1525629225.383028	1525629225.383028	-0.021178	0.202216	-0.842173
1525629225.393091	1525629225.393091	-0.048542	-0.352862	-0.638134
1525629225.403973	1525629225.403973	-0.032532	-0.562875	-0.594293
1525629225.412785	1525629225.412785	0.020287	-0.430986	-0.697958
1525629225.422573	1525629225.422573	0.048908	-0.132764	-0.882816
1525629225.432829	1525629225.432829	0.039060	0.229578	-1.050051
1525629225.442739	1525629225.442739	0.005571	0.546231	-1.126040
1525629225.452815	1525629225.452815	-0.005287	0.726422	-1.074025
1525629225.462692	1525629225.462692	-0.000077	0.726483	-0.889827
1525629225.472669	1525629225.472669	-0.013408	0.565724	-0.618574
1525629225.483706	1525629225.483706	-0.029989	0.328235	-0.359066
1525629225.492632	1525629225.492632	-0.039699	0.167407	-0.209105
1525629225.502611	1525629225.502611	-0.051455	0.164260	-0.208184
1525629225.512588	1525629225.512588	-0.061362	0.243112	-0.341353
1525629225.522576	1525629225.522576	-0.081211	0.252696	-0.548081
1525629225.533189	1525629225.533189	-0.110208	0.152553	-0.727245
1525629225.542469	1525629225.542469	-0.136184	0.023663	-0.810579
1525629225.552828	1525629225.552828	-0.135644	-0.020022	-0.776512
1525629225.562475	1525629225.562475	-0.121910	0.005545	-0.673102
1525629225.572829	1525629225.572829	-0.140268	0.012066	-0.566891
1525629225.582555	1525629225.582555	-0.174033	0.012234	-0.510893
1525629225.592769	1525629225.592769	-0.173806	0.061257	-0.519406
1525629225.602404	1525629225.602404	-0.139996	0.089866	-0.573276
1525629225.612621	1525629225.612621	-0.121029	0.087623	-0.641163
1525629225.622359	1525629225.622359	-0.134398	0.073805	-0.684964
1525629225.632281	1525629225.632281	-0.156646	0.063234	-0.700137
1525629225.642358	1525629225.642358	-0.155795	0.018471	-0.691611
1525629225.652300	1525629225.652300	-0.139039	-0.033818	-0.676503
1525629225.662276	1525629225.662276	-0.124357	-0.057321	-0.660357
1525629225.672436	1525629225.672436	-0.108463	-0.032869	-0.646327
1525629225.682234	1525629225.682234	-0.082898	0.008594	-0.634308
1525629225.692191	1525629225.692191	-0.069168	0.030925	-0.618175
1525629225.702112	1525629225.702112	-0.080117	0.012861	-0.599150
1525629225.712310	1525629225.712310	-0.083638	-0.026550	-0.581098
1525629225.722050	1525629225.722050	-0.083745	-0.038271	-0.574713
1525629225.732051	1525629225.732051	-0.085819	-0.029737	-0.577931
1525629225.742215	1525629225.742215	-0.071782	-0.067110	-0.599046
1525629225.753098	1525629225.753098	-0.060913	-0.133249	-0.628713
1525629225.761981	1525629225.761981	-0.075413	-0.183301	-0.674656
1525629225.772103	1525629225.772103	-0.088674	-0.190728	-0.725907
1525629225.782035	1525629225.782035	-0.099675	-0.168325	-0.781389
1525629225.792016	1525629225.792016	-0.119264	-0.156541	-0.834847
1525629225.801993	1525629225.801993	-0.143346	-0.167115	-0.874522
1525629225.812127	1525629225.812127	-0.175029	-0.184047	-0.904711
1525629225.821951	1525629225.821951	-0.213136	-0.183896	-0.929658
1525629225.831930	1525629225.831930	-0.257635	-0.159203	-0.950426
1525629225.841914	1525629225.841914	-0.309541	-0.178182	-0.985120
1525629225.851889	1525629225.851889	-0.375482	-0.252523	-1.017855
1525629225.861866	1525629225.861866	-0.415860	-0.297126	-1.040699
1525629225.871726	1525629225.871726	-0.445559	-0.316193	-1.059155
1525629225.881827	1525629225.881827	-0.490164	-0.381031	-1.089501
1525629225.891986	1525629225.891986	-0.503799	-0.512088	-1.135431
1525629225.901850	1525629225.901850	-0.473538	-0.664655	-1.197854
1525629225.911765	1525629225.911765	-0.537373	-0.880770	-1.257168
1525629225.921755	1525629225.921755	-0.588340	-1.096941	-1.321646
1525629225.931724	1525629225.931724	-0.662219	-1.198984	-1.408759
1525629225.942044	1525629225.942044	-0.688513	-1.116850	-1.510198
1525629225.951680	1525629225.951680	-0.605642	-1.287773	-1.602842
1525629225.961663	1525629225.961663	-0.650973	-1.470898	-1.598070
1525629225.971545	1525629225.971545	-0.747524	-1.318044	-1.524750
1525629225.981632	1525629225.981632	-0.849846	-1.153464	-1.500462
1525629225.991600	1525629225.991600	-0.886434	-1.092579	-1.549872
1525629226.001580	1525629226.001580	-0.827789	-1.133371	-1.641752
1525629226.011557	1525629226.011557	-0.763891	-1.180576	-1.728247
1525629226.021549	1525629226.021549	-0.781096	-1.173076	-1.802963
1525629226.031361	1525629226.031361	-0.779872	-1.184851	-1.905126
1525629226.041514	1525629226.041514	-0.741895	-1.244765	-2.055799
1525629226.051476	1525629226.051476	-0.682157	-1.291996	-2.238136
1525629226.061518	1525629226.061518	-0.598669	-1.279648	-2.430829
1525629226.071446	1525629226.071446	-0.527988	-1.211818	-2.611971
1525629226.081413	1525629226.081413	-0.546156	-1.080711	-2.756950
1525629226.091392	1525629226.091392	-0.667117	-0.806323	-2.843587
1525629226.101370	1525629226.101370	-0.820230	-0.381501	-2.888047
1525629226.111355	1525629226.111355	-0.960597	0.051797	-2.925966
1525629226.121314	1525629226.121314	-1.136454	0.257152	-2.987727
1525629226.131309	1525629226.131309	-1.297448	0.255660	-3.085488
1525629226.141290	1525629226.141290	-1.229193	0.296903	-3.161288
1525629226.151252	1525629226.151252	-0.846995	0.411494	-3.067211
1525629226.162906	1525629226.162906	-0.474406	0.319497	-2.666709
1525629226.171305	1525629226.171305	-0.312085	0.021727	-2.042065
1525629226.181201	1525629226.181201	-0.180235	-0.191686	-1.351806
1525629226.192205	1525629226.192205	0.036621	-0.225347	-0.682864
1525629226.201167	1525629226.201167	0.273402	-0.357183	-0.092437
1525629226.211254	1525629226.211254	0.336241	-0.825145	0.343668
1525629226.221919	1525629226.221919	0.190890	-1.356249	0.602675
1525629226.231101	1525629226.231101	-0.049639	-1.595001	0.677438
1525629226.241480	1525629226.241480	-0.237197	-1.480199	0.594249
1525629226.251146	1525629226.251146	-0.275227	-1.263751	0.433059
1525629226.261585	1525629226.261585	-0.157059	-1.133215	0.307842
1525629226.271118	1525629226.271118	0.069914	-1.095795	0.340419
1525629226.281287	1525629226.281287	0.330290	-1.073336	0.604371
1525629226.291006	1525629226.291006	0.576472	-1.005958	1.077827
1525629226.301219	1525629226.301219	0.785275	-0.874426	1.654066
1525629226.311143	1525629226.311143	0.971249	-0.678867	2.190643
1525629226.321008	1525629226.321008	1.145115	-0.463069	2.587640
1525629226.330918	1525629226.330918	1.297573	-0.246189	2.816207
1525629226.340755	1525629226.340755	1.395029	-0.007815	2.922763
1525629226.350762	1525629226.350762	1.398283	0.217076	2.964306
1525629226.361011	1525629226.361011	1.334420	0.381491	2.984807
1525629226.370935	1525629226.370935	1.271395	0.495813	3.013835
1525629226.380881	1525629226.380881	1.256222	0.516138	3.037064
1525629226.390794	1525629226.390794	1.286644	0.392383	3.054470
1525629226.401129	1525629226.401129	1.344518	0.143811	3.070086
1525629226.410967	1525629226.410967	1.410744	-0.162349	3.089000
1525629226.420814	1525629226.420814	1.453452	-0.430035	3.119333
1525629226.430715	1525629226.430715	1.452664	-0.578164	3.153387
1525629226.440690	1525629226.440690	1.407524	-0.580092	3.179444
1525629226.450761	1525629226.450761	1.347048	-0.450873	3.177636
1525629226.460877	1525629226.460877	1.314820	-0.269563	3.145305
1525629226.470625	1525629226.470625	1.330900	-0.088469	3.089086
1525629226.480478	1525629226.480478	1.391814	0.071116	3.027029
1525629226.490584	1525629226.490584	1.464184	0.181630	2.977885
1525629226.500657	1525629226.500657	1.541481	0.238843	2.951156
1525629226.510902	1525629226.510902	1.608782	0.289718	2.955171
1525629226.520521	1525629226.520521	1.612957	0.367515	2.978635
1525629226.530498	1525629226.530498	1.502139	0.433000	2.979406
1525629226.540480	1525629226.540480	1.350221	0.445347	2.927523
1525629226.550553	1525629226.550553	1.287373	0.446637	2.832026
1525629226.560440	1525629226.560440	1.317416	0.461387	2.734472
1525629226.570426	1525629226.570426	1.346009	0.474025	2.667767
1525629226.580721	1525629226.580721	1.327182	0.499673	2.641991
1525629226.590381	1525629226.590381	1.280394	0.545700	2.638225
1525629226.600355	1525629226.600355	1.248586	0.588464	2.630384
1525629226.610334	1525629226.610334	1.219082	0.594971	2.601285
1525629226.620315	1525629226.620315	1.173731	0.585551	2.556027
1525629226.630432	1525629226.630432	1.108455	0.594323	2.486045
1525629226.640151	1525629226.640151	1.034071	0.648950	2.385084
1525629226.650253	1525629226.650253	0.962287	0.707813	2.246902
1525629226.660265	1525629226.660265	0.919688	0.724967	2.069697
1525629226.670244	1525629226.670244	0.874186	0.647258	1.848820
1525629226.680187	1525629226.680187	0.824794	0.506662	1.584260
1525629226.690169	1525629226.690169	0.777991	0.328732	1.275029
1525629226.700148	1525629226.700148	0.712455	0.109295	0.918738
1525629226.710127	1525629226.710127	0.588623	-0.155744	0.521290
1525629226.720106	1525629226.720106	0.390594	-0.404496	0.086746
1525629226.730082	1525629226.730082	0.173586	-0.542322	-0.343777
1525629226.740371	1525629226.740371	0.011618	-0.563116	-0.714025
1525629226.750033	1525629226.750033	-0.059408	-0.494731	-0.999080
1525629226.760018	1525629226.760018	-0.139911	-0.422007	-1.206553
1525629226.770018	1525629226.770018	-0.300337	-0.295612	-1.324534
1525629226.779987	1525629226.779987	-0.026698	0.352383	-1.144523
1525629226.789959	1525629226.789959	1.388610	2.072328	-0.219366
1525629226.799853	1525629226.799853	1.704068	2.897507	0.937168
1525629226.810239	1525629226.810239	0.792198	2.687314	1.293224
1525629226.819898	1525629226.819898	-0.219568	2.083860	0.752945
1525629226.829949	1525629226.829949	-0.782373	1.478274	-0.288477
1525629226.839792	1525629226.839792	-0.685620	1.294110	-1.254790
1525629226.849874	1525629226.849874	-0.288989	1.447785	-1.807667
1525629226.859814	1525629226.859814	0.014516	1.322794	-1.958283
1525629226.869796	1525629226.869796	0.212205	0.609009	-1.779160
1525629226.879780	1525629226.879780	0.393725	-0.220808	-1.436319
1525629226.889762	1525629226.889762	0.374785	-0.908051	-1.162990
1525629226.899790	1525629226.899790	0.030557	-1.277422	-1.011792
1525629226.910330	1525629226.910330	-0.435086	-1.221067	-0.966400
1525629226.919699	1525629226.919699	-0.734608	-0.874491	-1.008392
1525629226.930072	1525629226.930072	-0.714036	-0.396076	-1.109269
1525629226.939662	1525629226.939662	-0.412006	-0.085129	-1.224792
1525629226.950075	1525629226.950075	-0.028979	-0.047356	-1.301000
1525629226.959512	1525629226.959512	0.169181	-0.090823	-1.284738
1525629226.969876	1525629226.969876	0.131175	-0.084203	-1.142579
1525629226.980611	1525629226.980611	0.003683	0.080585	-0.892954
1525629226.989942	1525629226.989942	-0.095005	0.396610	-0.612116
1525629226.999591	1525629226.999591	-0.113930	0.714398	-0.396292
1525629227.009497	1525629227.009497	-0.072043	0.837894	-0.306378
1525629227.019495	1525629227.019495	-0.033335	0.743919	-0.349540
1525629227.029236	1525629227.029236	-0.042774	0.598951	-0.479503
1525629227.039773	1525629227.039773	-0.095589	0.501054	-0.630221
1525629227.049491	1525629227.049491	-0.148932	0.369069	-0.744755
1525629227.059408	1525629227.059408	-0.149666	0.204910	-0.805428
1525629227.070003	1525629227.070003	-0.115613	0.133353	-0.812460
1525629227.079363	1525629227.079363	-0.101022	0.167413	-0.777158
1525629227.089489	1525629227.089489	-0.101443	0.323052	-0.711178
1525629227.099385	1525629227.099385	-0.104045	0.501087	-0.636710
1525629227.109303	1525629227.109303	-0.131428	0.582238	-0.562542
1525629227.119157	1525629227.119157	-0.184516	0.523868	-0.508908
1525629227.129259	1525629227.129259	-0.232064	0.365272	-0.492455
1525629227.139240	1525629227.139240	-0.220354	0.166964	-0.530622
1525629227.149278	1525629227.149278	-0.162108	0.023863	-0.610797
1525629227.159194	1525629227.159194	-0.119422	-0.014730	-0.706066
1525629227.169223	1525629227.169223	-0.120693	-0.035009	-0.780586
1525629227.179159	1525629227.179159	-0.143952	-0.080752	-0.807478
1525629227.189135	1525629227.189135	-0.143228	-0.097797	-0.782988
1525629227.199114	1525629227.199114	-0.135356	-0.044511	-0.717968
1525629227.209095	1525629227.209095	-0.139454	0.024823	-0.630743
1525629227.219073	1525629227.219073	-0.147804	0.068593	-0.549955
1525629227.229051	1525629227.229051	-0.137682	0.089888	-0.500871
1525629227.239229	1525629227.239229	-0.114414	0.107917	-0.480364
1525629227.249024	1525629227.249024	-0.111184	0.119628	-0.480325
1525629227.258988	1525629227.258988	-0.134579	0.087747	-0.493383
1525629227.269141	1525629227.269141	-0.145094	0.029161	-0.517990
1525629227.278851	1525629227.278851	-0.132006	-0.013541	-0.549759
1525629227.288934	1525629227.288934	-0.107020	-0.022191	-0.587770
1525629227.298907	1525629227.298907	-0.096981	0.011860	-0.616386
1525629227.308984	1525629227.308984	-0.106314	0.051328	-0.630338
1525629227.318863	1525629227.318863	-0.106309	0.053459	-0.630338
1525629227.328842	1525629227.328842	-0.097968	0.038509	-0.617463
1525629227.338823	1525629227.338823	-0.093911	0.048092	-0.598255
1525629227.348799	1525629227.348799	-0.093006	0.045962	-0.585472
1525629227.358781	1525629227.358781	-0.104826	0.027895	-0.582423
1525629227.368761	1525629227.368761	-0.121775	-0.012542	-0.600723
1525629227.378739	1525629227.378739	-0.137493	-0.049792	-0.631781
1525629227.388720	1525629227.388720	-0.133830	-0.089263	-0.677502
1525629227.398694	1525629227.398694	-0.128047	-0.150061	-0.726390
1525629227.408558	1525629227.408558	-0.129903	-0.185238	-0.756214
1525629227.418656	1525629227.418656	-0.135113	-0.187352	-0.766921
1525629227.428643	1525629227.428643	-0.152284	-0.180880	-0.757552
1525629227.438708	1525629227.438708	-0.187815	-0.206299	-0.736699
1525629227.448802	1525629227.448802	-0.205317	-0.227527	-0.706046
1525629227.458505	1525629227.458505	-0.225870	-0.194387	-0.676496
1525629227.468548	1525629227.468548	-0.284609	-0.182410	-0.669764
1525629227.478515	1525629227.478515	-0.345073	-0.178968	-0.698177
1525629227.488409	1525629227.488409	-0.360370	-0.199182	-0.760097
1525629227.498479	1525629227.498479	-0.363635	-0.189611	-0.839964
1525629227.508467	1525629227.508467	-0.415001	-0.154252	-0.907648
1525629227.518442	1525629227.518442	-0.467696	-0.140195	-0.958317
1525629227.528374	1525629227.528374	-0.474788	-0.141244	-0.989271
1525629227.538429	1525629227.538429	-0.474739	-0.147642	-0.994592
1525629227.548539	1525629227.548539	-0.470689	-0.208408	-0.989218
1525629227.558353	1525629227.558353	-0.442299	-0.327895	-0.979288
1525629227.568212	1525629227.568212	-0.423500	-0.489977	-0.979053
1525629227.578261	1525629227.578261	-0.484683	-0.601624	-0.972348
1525629227.588296	1525629227.588296	-0.468714	-0.662447	-0.981730
1525629227.598963	1525629227.598963	-0.452193	-0.643350	-1.019845
1525629227.608253	1525629227.608253	-0.481270	-0.502556	-1.056394
1525629227.618768	1525629227.618768	-0.521205	-0.338259	-1.072852
1525629227.628210	1525629227.628210	-0.561896	-0.251743	-1.043551
1525629227.638607	1525629227.638607	-0.592578	-0.226001	-0.972615
1525629227.648103	1525629227.648103	-0.624471	-0.205579	-0.891050
1525629227.658544	1525629227.658544	-0.675190	-0.185090	-0.840582
1525629227.668144	1525629227.668144	-0.753999	-0.139993	-0.843676
1525629227.678667	1525629227.678667	-0.845913	-0.023452	-0.894828
1525629227.688159	1525629227.688159	-0.863919	0.069314	-0.973814
1525629227.698066	1525629227.698066	-0.833372	0.005206	-1.041557
1525629227.708337	1525629227.708337	-0.853423	-0.053342	-1.071603
1525629227.718014	1525629227.718014	-0.948004	-0.014582	-1.095112
1525629227.728171	1525629227.728171	-1.035699	0.050780	-1.152598
1525629227.737959	1525629227.737959	-1.021639	0.042147	-1.256733
1525629227.747957	1525629227.747957	-0.936261	-0.114944	-1.377021
1525629227.758001	1525629227.758001	-0.856542	-0.349810	-1.486732
1525629227.767916	1525629227.767916	-0.797114	-0.530227	-1.583920
1525629227.777944	1525629227.777944	-0.729973	-0.670182	-1.692724
1525629227.787982	1525629227.787982	-0.664483	-0.788830	-1.836672
1525629227.797855	1525629227.797855	-0.616638	-0.909552	-2.021281
1525629227.807836	1525629227.807836	-0.563395	-1.051618	-2.215404
1525629227.817900	1525629227.817900	-0.489269	-1.214008	-2.376274
1525629227.827795	1525629227.827795	-0.461793	-1.346326	-2.468534
1525629227.837886	1525629227.837886	-0.502121	-1.376009	-2.492442
1525629227.847754	1525629227.847754	-0.598120	-1.258352	-2.471268
1525629227.857732	1525629227.857732	-0.795035	-1.002782	-2.458783
1525629227.867800	1525629227.867800	-1.100918	-0.718003	-2.516816
1525629227.877964	1525629227.877964	-1.349261	-0.411121	-2.650779
1525629227.887652	1525629227.887652	-1.276654	-0.013926	-2.747824
1525629227.897650	1525629227.897650	-0.840131	0.343464	-2.596678
1525629227.908152	1525629227.908152	-0.318707	0.505606	-2.099636
1525629227.917791	1525629227.917791	0.092441	0.526582	-1.339978
1525629227.927907	1525629227.927907	0.333755	0.520611	-0.484474
1525629227.937815	1525629227.937815	0.384323	0.396060	0.326125
1525629227.947456	1525629227.947456	0.243227	0.095329	0.981118
1525629227.957527	1525629227.957527	-0.017664	-0.206065	1.398358
1525629227.967606	1525629227.967606	-0.266034	-0.343508	1.524111
1525629227.977805	1525629227.977805	-0.356675	-0.407157	1.332484
1525629227.987723	1525629227.987723	-0.263496	-0.617706	0.913209
1525629227.997580	1525629227.997580	-0.080883	-0.954403	0.484387
1525629228.007691	1525629228.007691	0.137732	-1.182444	0.274197
1525629228.017504	1525629228.017504	0.382542	-1.169566	0.413429
1525629228.027634	1525629228.027634	0.624699	-0.994523	0.888960
1525629228.037508	1525629228.037508	0.775711	-0.808340	1.577313
1525629228.047354	1525629228.047354	0.833949	-0.630292	2.259210
1525629228.057328	1525629228.057328	0.883008	-0.385146	2.746214
1525629228.067393	1525629228.067393	0.946999	-0.103939	2.980083
1525629228.077687	1525629228.077687	1.003565	0.139912	3.028664
1525629228.087395	1525629228.087395	1.054511	0.325134	3.001608
1525629228.097371	1525629228.097371	1.080864	0.431585	2.962546
1525629228.107351	1525629228.107351	1.052403	0.412507	2.930267
1525629228.117192	1525629228.117192	0.966182	0.292419	2.888771
1525629228.127538	1525629228.127538	0.892944	0.088062	2.815505
1525629228.137161	1525629228.137161	0.876691	-0.180507	2.693977
1525629228.147109	1525629228.147109	0.911319	-0.336333	2.535816
1525629228.157199	1525629228.157199	0.920902	-0.278892	2.375213
1525629228.167090	1525629228.167090	0.877262	-0.094387	2.229921
1525629228.177532	1525629228.177532	0.817346	0.100856	2.108910
1525629228.186995	1525629228.186995	0.761293	0.290768	2.019877
1525629228.197162	1525629228.197162	0.703951	0.444453	1.941472
1525629228.207026	1525629228.207026	0.648822	0.551226	1.847131
1525629228.216949	1525629228.216949	0.605653	0.606776	1.724200
1525629228.227098	1525629228.227098	0.558564	0.613299	1.562906
1525629228.237432	1525629228.237432	0.485042	0.600739	1.377873
1525629228.247058	1525629228.247058	0.390212	0.584004	1.189386
1525629228.257038	1525629228.257038	0.304851	0.587486	1.015916
1525629228.266955	1525629228.266955	0.245832	0.615385	0.874698
1525629228.276993	1525629228.276993	0.210650	0.634681	0.789118
1525629228.286979	1525629228.286979	0.191776	0.635815	0.762278
1525629228.296956	1525629228.296956	0.182695	0.626280	0.804742
1525629228.307477	1525629228.307477	0.186779	0.627374	0.906970
1525629228.316968	1525629228.316968	0.199953	0.606065	1.046563
1525629228.327530	1525629228.327530	0.213998	0.496288	1.184041
1525629228.336876	1525629228.336876	0.228262	0.333208	1.292785
1525629228.347171	1525629228.347171	0.241151	0.202083	1.346164
1525629228.356831	1525629228.356831	0.250873	0.145544	1.324998
1525629228.367050	1525629228.367050	0.240289	0.151942	1.232269
1525629228.376789	1525629228.376789	0.198372	0.166976	1.085939
1525629228.386949	1525629228.386949	0.164021	0.178776	0.931186
1525629228.396858	1525629228.396858	0.195378	0.188182	0.812361
1525629228.406686	1525629228.406686	0.277133	0.191008	0.759079
1525629228.416740	1525629228.416740	0.348985	0.208810	0.733348
1525629228.426626	1525629228.426626	0.236267	0.288113	0.630853
1525629228.436698	1525629228.436698	-0.027459	0.425559	0.411558
1525629228.446620	1525629228.446620	-0.075953	0.593012	0.223633
1525629228.456544	1525629228.456544	0.176112	0.815773	0.249060
1525629228.466745	1525629228.466745	0.482284	0.921182	0.536986
1525629228.476634	1525629228.476634	0.625865	0.889872	1.003868
1525629228.486623	1525629228.486623	0.554559	0.779549	1.488347
1525629228.496436	1525629228.496436	0.331070	0.552529	1.742131
1525629228.506570	1525629228.506570	0.122856	0.152599	1.585264
1525629228.516604	1525629228.516604	0.134495	-0.326233	1.060692
1525629228.526605	1525629228.526605	0.324886	-0.729140	0.419096
1525629228.536551	1525629228.536551	0.473311	-0.835494	-0.046339
1525629228.546451	1525629228.546451	0.440711	-0.685158	-0.228747
1525629228.556805	1525629228.556805	0.306187	-0.525764	-0.189952
1525629228.566482	1525629228.566482	0.222363	-0.439009	-0.036648
1525629228.576392	1525629228.576392	0.247157	-0.338850	0.137143
1525629228.586376	1525629228.586376	0.304688	-0.150387	0.269821
1525629228.596300	1525629228.596300	0.339763	0.083968	0.328783
1525629228.606311	1525629228.606311	0.352052	0.300275	0.327862
1525629228.616386	1525629228.616386	0.344277	0.474023	0.301153
1525629228.626293	1525629228.626293	0.332870	0.568925	0.293560
1525629228.636281	1525629228.636281	0.325070	0.556179	0.317945
1525629228.647210	1525629228.647210	0.299846	0.464643	0.354892
1525629228.656115	1525629228.656115	0.272640	0.308090	0.366272
1525629228.666763	1525629228.666763	0.249105	0.120593	0.332994
1525629228.676195	1525629228.676195	0.250798	-0.036125	0.250000
1525629228.686236	1525629228.686236	0.267916	-0.127907	0.140583
1525629228.696148	1525629228.696148	0.285085	-0.188779	0.033295
1525629228.706131	1525629228.706131	0.290192	-0.202688	-0.037954
1525629228.716112	1525629228.716112	0.294793	-0.157952	-0.055993
1525629228.726102	1525629228.726102	0.302050	-0.059911	-0.018655
1525629228.736073	1525629228.736073	0.333404	0.071086	0.061551
1525629228.746513	1525629228.746513	0.354764	0.159504	0.165053
1525629228.756027	1525629228.756027	0.325796	0.169265	0.266876
1525629228.766009	1525629228.766009	0.306649	0.109692	0.336892
1525629228.775824	1525629228.775824	0.351001	0.051962	0.362981
1525629228.785972	1525629228.785972	0.388502	0.032610	0.346410
1525629228.795784	1525629228.795784	0.392188	0.044302	0.309202
1525629228.805760	1525629228.805760	0.391583	0.082660	0.279392
1525629228.815622	1525629228.815622	0.416232	0.127320	0.279692
1525629228.825718	1525629228.825718	0.456424	0.138887	0.311049
1525629228.835829	1525629228.835829	0.453727	0.143182	0.357848
1525629228.845738	1525629228.845738	0.381943	0.110455	0.375065
1525629228.855657	1525629228.855657	0.270009	0.014995	0.347090
1525629228.865635	1525629228.865635	0.234218	-0.094659	0.284923
1525629228.875684	1525629228.875684	0.328616	-0.197405	0.223283
1525629228.885595	1525629228.885595	0.468681	-0.237449	0.192003
1525629228.895629	1525629228.895629	0.539894	-0.250532	0.212033
1525629228.905553	1525629228.905553	0.564200	-0.274038	0.313445
1525629228.915527	1525629228.915527	0.561907	-0.256890	0.503936
1525629228.925510	1525629228.925510	0.534759	-0.099991	0.748402
1525629228.935495	1525629228.935495	0.505131	0.146428	0.952389
1525629228.945725	1525629228.945725	0.478961	0.390652	1.047854
1525629228.955398	1525629228.955398	0.444642	0.552783	1.008048
1525629228.965428	1525629228.965428	0.370878	0.547694	0.844299
1525629228.975287	1525629228.975287	0.266942	0.431851	0.595035
1525629228.985394	1525629228.985394	0.173935	0.237075	0.308656
1525629228.995366	1525629228.995366	0.146681	-0.020855	0.042240
1525629229.005357	1525629229.005357	0.154843	-0.287430	-0.155622
1525629229.015858	1525629229.015858	0.152380	-0.525144	-0.264210
1525629229.025305	1525629229.025305	0.128884	-0.644425	-0.286845
1525629229.035684	1525629229.035684	0.119914	-0.578284	-0.237996
1525629229.045274	1525629229.045274	0.153376	-0.353495	-0.136480
1525629229.055815	1525629229.055815	0.197357	-0.047737	-0.006099
1525629229.065221	1525629229.065221	0.208091	0.235785	0.133454
1525629229.076533	1525629229.076533	0.171940	0.453418	0.254342
1525629229.085202	1525629229.085202	0.128555	0.581537	0.337892
1525629229.095878	1525629229.095878	0.118552	0.598648	0.373957
1525629229.105113	1525629229.105113	0.135622	0.562335	0.366717
1525629229.115082	1525629229.115082	0.149820	0.495111	0.326447
1525629229.125089	1525629229.125089	0.159908	0.412975	0.270162
1525629229.134838	1525629229.134838	0.162565	0.345793	0.213785
1525629229.145107	1525629229.145107	0.145887	0.293620	0.171008
1525629229.155044	1525629229.155044	0.123736	0.279848	0.147322
1525629229.165006	1525629229.165006	0.106890	0.327877	0.138600
1525629229.175012	1525629229.175012	0.091144	0.399350	0.132019
1525629229.184991	1525629229.184991	0.072090	0.417546	0.123270
1525629229.194972	1525629229.194972	0.046484	0.391007	0.117636
1525629229.205033	1525629229.205033	0.040023	0.340939	0.112237
1525629229.214928	1525629229.214928	0.059043	0.267317	0.112472
1525629229.224905	1525629229.224905	0.085492	0.214984	0.120247
1525629229.235125	1525629229.235125	0.092828	0.229880	0.134173
1525629229.244827	1525629229.244827	0.067163	0.268364	0.146630
1525629229.254943	1525629229.254943	0.023460	0.268548	0.142903
1525629229.264734	1525629229.264734	-0.000915	0.234537	0.122383
1525629229.274806	1525629229.274806	0.013248	0.200357	0.091691
1525629229.284879	1525629229.284879	0.047680	0.166091	0.061247
1525629229.294649	1525629229.294649	0.059569	0.138321	0.043299
1525629229.304843	1525629229.304843	0.063725	0.120187	0.048672
1525629229.314755	1525629229.314755	0.059146	0.136207	0.077353
1525629229.324794	1525629229.324794	0.036425	0.171490	0.110069
1525629229.334764	1525629229.334764	0.018104	0.191826	0.129003
1525629229.344655	1525629229.344655	0.036283	0.208802	0.129225
1525629229.354745	1525629229.354745	0.083297	0.242709	0.130863
1525629229.364544	1525629229.364544	0.029148	0.080912	0.075924
1525629229.374588	1525629229.374588	0.025610	0.054252	0.010955
1525629229.384685	1525629229.384685	0.028304	0.038232	-0.037972
1525629229.394600	1525629229.394600	0.015589	-0.000090	-0.053027
1525629229.404639	1525629229.404639	-0.014623	-0.046849	-0.035301
1525629229.414511	1525629229.414511	-0.018586	-0.064925	0.023191
1525629229.424366	1525629229.424366	-0.038660	-0.130894	0.080422
1525629229.434622	1525629229.434622	-0.059276	-0.159573	0.102523
1525629229.444575	1525629229.444575	-0.009785	-0.056406	0.090353
1525629229.454573	1525629229.454573	0.052649	0.056295	0.068761
1525629229.464401	1525629229.464401	0.068807	0.076473	0.060443
1525629229.474546	1525629229.474546	0.033400	0.022269	0.065334
1525629229.485104	1525629229.485104	-0.010578	0.006476	0.080762
1525629229.494462	1525629229.494462	-0.032104	0.030024	0.100720
1525629229.504324	1525629229.504324	-0.059347	-0.026332	0.135513
1525629229.514644	1525629229.514644	0.032644	0.002048	0.122800
1525629229.524282	1525629229.524282	0.201155	0.131375	0.155724
1525629229.534360	1525629229.534360	0.229746	0.187794	0.272087
1525629229.544455	1525629229.544455	0.142395	0.221242	0.354038
1525629229.554221	1525629229.554221	0.056107	0.278096	0.354045
1525629229.564198	1525629229.564198	0.056216	0.362259	0.275281
1525629229.574186	1525629229.574186	0.058631	0.389913	0.171003
1525629229.584035	1525629229.584035	0.055352	0.331266	0.078365
1525629229.594360	1525629229.594360	0.065439	0.206495	0.013566
1525629229.604117	1525629229.604117	0.077255	0.103049	-0.013959
1525629229.614294	1525629229.614294	0.058011	0.018925	-0.028029
1525629229.624074	1525629229.624074	0.055488	0.102052	-0.066379
1525629229.634060	1525629229.634060	0.020268	0.091543	-0.067874
1525629229.644255	1525629229.644255	-0.016937	-0.014856	-0.014043
1525629229.653934	1525629229.653934	-0.020920	0.006508	0.054026
1525629229.663986	1525629229.663986	0.017496	0.088419	0.070459
1525629229.673970	1525629229.673970	0.090964	-0.017412	0.061782
1525629229.683950	1525629229.683950	0.171942	-0.194692	0.035104
1525629229.694290	1525629229.694290	0.153132	-0.278872	-0.101361
1525629229.704541	1525629229.704541	0.114948	-0.216935	-0.194429
1525629229.713886	1525629229.713886	0.154135	-0.154202	-0.157764
1525629229.724262	1525629229.724262	0.164833	-0.083860	-0.058650
1525629229.733852	1525629229.733852	0.086480	-0.073917	-0.019163
1525629229.744590	1525629229.744590	0.043114	-0.033242	-0.042046
1525629229.753812	1525629229.753812	0.035061	0.008345	-0.073012
1525629229.764066	1525629229.764066	0.003131	0.007412	-0.079789
1525629229.773842	1525629229.773842	-0.003446	-0.005345	-0.068161
1525629229.783876	1525629229.783876	0.006793	-0.036284	-0.039297
1525629229.793726	1525629229.793726	-0.003272	-0.075663	-0.009617
1525629229.803592	1525629229.803592	-0.011927	-0.082017	-0.001208
1525629229.813683	1525629229.813683	-0.026926	-0.086215	0.002866
1525629229.823529	1525629229.823529	-0.023649	-0.060650	0.001841
1525629229.834090	1525629229.834090	-0.019029	-0.008453	-0.016198
1525629229.843631	1525629229.843631	-0.021016	0.003275	-0.025802
1525629229.853609	1525629229.853609	-0.014682	0.012844	-0.018274
1525629229.863582	1525629229.863582	-0.001905	0.023450	-0.013861
1525629229.873560	1525629229.873560	-0.002734	0.035169	-0.030901
1525629229.883577	1525629229.883577	-0.005625	0.028775	-0.057545
1525629229.893804	1525629229.893804	-0.009888	0.004277	-0.062918
1525629229.903378	1525629229.903378	-0.014235	-0.017020	-0.060842
1525629229.913480	1525629229.913480	-0.001579	-0.070363	-0.059621
1525629229.960422	1525629229.960422	0.017380	-0.121598	-0.049809
1525629229.960563	1525629229.960563	-0.022326	-0.167255	-0.040714
1525629229.961321	1525629229.961321	-0.042743	-0.178888	-0.031384
1525629229.961452	1525629229.961452	-0.037211	-0.130953	-0.037704
1525629229.963325	1525629229.963325	-0.020882	-0.084135	-0.054535
1525629229.973303	1525629229.973303	-0.016398	-0.039393	-0.062997
1525629229.984183	1525629229.984183	-0.006722	0.001067	-0.060751
1525629229.993367	1525629229.993367	0.008060	-0.003254	-0.048862
1525629230.003194	1525629230.003194	0.018346	-0.036326	-0.024255
1525629230.013312	1525629230.013312	0.031881	-0.039569	0.002520
1525629230.023481	1525629230.023481	0.030945	-0.034241	-0.007071
1525629230.033300	1525629230.033300	0.029081	-0.025715	-0.027317
1525629230.043243	1525629230.043243	0.014218	-0.027787	-0.033885
1525629230.053221	1525629230.053221	0.002364	-0.049050	-0.028707
1525629230.066977	1525629230.066977	0.001165	-0.075688	-0.023399
1525629230.073077	1525629230.073077	0.012853	-0.084263	-0.021127
1525629230.083231	1525629230.083231	0.021276	-0.082163	-0.011445
1525629230.093257	1525629230.093257	0.023302	-0.093892	-0.005034
1525629230.104023	1525629230.104023	0.024202	-0.087495	0.009878
1525629230.113285	1525629230.113285	0.038011	-0.038519	0.024946
1525629230.123091	1525629230.123091	0.047607	0.006208	0.034642
1525629230.133098	1525629230.133098	0.071184	0.043411	0.033864
1525629230.143059	1525629230.143059	0.062214	0.092457	-0.007757
1525629230.155346	1525629230.155346	0.064731	0.083906	-0.040721
1525629230.163002	1525629230.163002	0.062368	0.028497	-0.033298
1525629230.172991	1525629230.172991	0.056556	-0.016229	-0.003565
1525629230.182970	1525629230.182970	0.049743	-0.050294	0.022962
1525629230.193895	1525629230.193895	0.045293	-0.050268	0.037808
1525629230.203025	1525629230.203025	0.042232	-0.031074	0.030320
1525629230.212914	1525629230.212914	0.045818	0.003005	0.005882
1525629230.222764	1525629230.222764	0.043892	0.033917	-0.004786
1525629230.232781	1525629230.232781	0.052228	0.032823	0.011281
1525629230.244958	1525629230.244958	0.065847	0.031709	0.031671
1525629230.252888	1525629230.252888	0.068984	0.011445	0.032774
1525629230.262803	1525629230.262803	0.069152	-0.009880	0.014683
1525629230.272782	1525629230.272782	0.071419	-0.014158	0.003003
1525629230.284065	1525629230.284065	0.066247	-0.001351	-0.007705
1525629230.292823	1525629230.292823	0.052386	0.007235	-0.006810
1525629230.302715	1525629230.302715	0.046971	0.000866	-0.001554
1525629230.312688	1525629230.312688	0.047838	-0.016185	0.011229
1525629230.323402	1525629230.323402	0.060476	-0.024760	0.023092
1525629230.335904	1525629230.335904	0.063672	-0.016246	0.025260
1525629230.342694	1525629230.342694	0.056390	-0.004497	0.012398
1525629230.352517	1525629230.352517	0.037450	0.012628	-0.005928
1525629230.362461	1525629230.362461	0.017266	0.015908	-0.012562
1525629230.374337	1525629230.374337	0.011807	0.018068	-0.001985
1525629230.382583	1525629230.382583	0.014942	0.018057	0.003375
1525629230.393144	1525629230.393144	0.011896	0.032987	-0.006242
1525629230.402638	1525629230.402638	0.010030	0.051105	-0.024359
1525629230.412934	1525629230.412934	0.016602	0.072389	-0.033859
1525629230.422384	1525629230.422384	0.020874	0.069173	-0.034871
1525629230.432508	1525629230.432508	0.014312	0.041493	-0.027500
1525629230.442449	1525629230.442449	0.014081	0.006328	-0.015793
1525629230.453420	1525629230.453420	0.025766	-0.013972	-0.015650
