1525629222.089755	1525629222.089755	40.780563	56.486893	-326.363373
1525629222.089799	1525629222.089799	40.480133	56.410873	-326.288849
1525629222.111243	1525629222.111243	40.779541	56.261887	-326.362152
1525629222.111287	1525629222.111287	40.629242	56.260986	-326.062592
1525629222.129152	1525629222.129152	40.779053	56.186661	-326.211731
1525629222.129251	1525629222.129251	40.405136	56.410645	-326.289093
1525629222.150002	1525629222.150002	40.328705	56.110306	-326.212677
1525629222.150046	1525629222.150046	40.478714	56.110748	-326.212219
1525629222.168351	1525629222.168351	40.404053	56.185532	-326.212860
1525629222.168418	1525629222.168418	40.328033	55.960297	-326.211853
1525629222.189958	1525629222.189958	40.778793	56.111771	-326.286316
1525629222.190001	1525629222.190001	40.553192	55.961197	-326.361176
1525629222.207658	1525629222.207658	40.629547	56.261429	-326.362610
1525629222.207713	1525629222.207713	40.330093	56.335876	-326.588898
1525629222.227492	1525629222.227492	40.553192	55.961197	-326.361176
1525629222.227531	1525629222.227531	40.328781	56.110413	-326.287659
1525629222.247648	1525629222.247648	40.477173	55.735977	-326.360168
1525629222.247692	1525629222.247692	40.555222	56.411209	-326.363647
1525629222.266880	1525629222.266880	39.953934	56.109528	-326.438782
1525629222.267003	1525629222.267003	40.554688	56.261429	-326.512817
1525629222.286394	1525629222.286394	40.329269	56.185638	-326.438049
1525629222.286461	1525629222.286461	40.328491	55.960983	-326.661835
1525629222.306120	1525629222.306120	40.404617	56.260864	-326.438263
1525629222.306196	1525629222.306196	40.329269	56.185638	-326.438049
1525629222.326266	1525629222.326266	40.479691	56.261200	-326.513031
1525629222.326400	1525629222.326400	40.254379	56.260086	-326.213715
1525629222.345584	1525629222.345584	40.177658	55.810303	-326.511475
1525629222.345663	1525629222.345663	40.330093	56.335876	-326.588898
1525629222.365025	1525629222.365025	40.178940	56.110199	-326.438110
1525629222.365090	1525629222.365090	40.329346	56.185760	-326.513062
1525629222.385284	1525629222.385284	40.179871	56.335083	-326.364349
1525629222.385414	1525629222.385414	40.030518	56.410095	-326.665192
1525629222.409865	1525629222.409865	40.180283	56.410202	-326.439758
1525629222.409986	1525629222.409986	40.179199	56.185089	-326.363525
1525629222.425748	1525629222.425748	40.555023	56.336441	-326.513214
1525629222.425824	1525629222.425824	40.105881	56.559860	-326.365814
1525629222.450608	1525629222.450608	40.404922	56.261322	-326.738281
1525629222.451346	1525629222.451346	40.030441	56.409973	-326.590210
1525629222.463873	1525629222.463873	40.255249	56.335876	-326.739136
1525629222.463998	1525629222.463998	40.256607	56.635880	-326.740784
1525629222.488751	1525629222.488751	40.255508	56.410767	-326.664520
1525629222.488869	1525629222.488869	40.405746	56.411545	-326.889099
1525629222.503087	1525629222.503087	40.181305	56.635208	-326.440979
1525629222.503223	1525629222.503223	40.178635	55.960754	-326.812286
1525629222.527107	1525629222.527107	40.331451	56.635880	-326.590546
1525629222.527325	1525629222.527325	40.253677	56.035522	-326.512482
1525629222.542368	1525629222.542368	40.555786	56.486557	-326.589050
1525629222.542474	1525629222.542474	40.405212	56.410767	-326.364105
1525629222.563276	1525629222.563276	40.255432	56.410645	-326.589539
1525629222.563548	1525629222.563548	40.180954	56.560211	-326.440552
1525629222.581919	1525629222.581919	40.105438	56.410202	-326.589996
1525629222.582033	1525629222.582033	40.181000	56.485764	-326.815155
1525629222.604287	1525629222.604287	39.954681	56.259628	-326.514618
1525629222.604365	1525629222.604365	40.105392	56.335648	-326.889557
1525629222.621546	1525629222.621546	40.031631	56.709763	-326.441833
1525629222.621661	1525629222.621661	40.179428	56.185425	-326.588531
1525629222.643426	1525629222.643426	40.031113	56.559982	-326.591034
1525629222.643495	1525629222.643495	39.954346	56.184631	-326.514191
1525629222.660881	1525629222.660881	40.180771	56.485428	-326.590179
1525629222.661001	1525629222.661001	40.030853	56.485092	-326.665619
1525629222.680298	1525629222.680298	40.028976	56.035309	-326.813141
1525629222.680421	1525629222.680421	39.881378	56.634415	-326.516876
1525629222.700021	1525629222.700021	39.653854	56.108505	-326.364685
1525629222.700186	1525629222.700186	39.655273	56.408630	-326.441315
1525629222.719660	1525629222.719660	39.430542	56.482849	-326.367401
1525629222.719911	1525629222.719911	39.654266	56.183624	-326.440063
1525629222.739284	1525629222.739284	39.955353	56.409637	-326.515442
1525629222.739409	1525629222.739409	39.728928	56.108841	-326.439453
1525629222.758975	1525629222.758975	40.180923	56.485657	-326.740173
1525629222.759125	1525629222.759125	39.953674	56.034637	-326.513367
1525629222.778567	1525629222.778567	40.029266	56.184753	-326.438965
1525629222.778727	1525629222.778727	39.956741	56.784195	-326.217499
1525629222.798730	1525629222.798730	40.177689	55.884857	-326.211884
1525629222.798854	1525629222.798854	40.405136	56.410645	-326.289093
1525629222.817993	1525629222.817993	39.804047	56.183731	-326.214661
1525629222.818179	1525629222.818179	40.405548	56.485764	-326.364502
1525629222.837909	1525629222.837909	40.178818	56.184525	-325.988525
1525629222.838041	1525629222.838041	40.401794	55.735184	-325.985382
1525629222.857355	1525629222.857355	40.179153	56.259521	-325.988953
1525629222.858195	1525629222.858195	40.327805	55.959961	-325.986847
1525629222.877192	1525629222.877192	40.854919	56.411667	-326.062744
1525629222.877931	1525629222.877931	40.630173	56.485870	-325.988831
1525629222.896755	1525629222.896755	40.777252	55.885971	-325.760071
1525629222.897073	1525629222.897073	41.153595	56.187103	-325.760620
1525629222.916624	1525629222.916624	40.703598	56.185760	-325.761963
1525629222.916918	1525629222.916918	41.228348	56.112442	-325.834991
1525629222.936403	1525629222.936403	41.003159	56.036987	-325.985229
1525629222.936479	1525629222.936479	41.226471	55.662659	-325.982513
1525629222.955921	1525629222.955921	41.153870	56.261993	-325.686005
1525629222.956063	1525629222.956063	41.152100	55.886871	-325.608978
1525629222.975388	1525629222.975388	41.152512	55.961990	-325.684357
1525629222.975520	1525629222.975520	40.703674	56.185867	-325.836975
1525629222.995092	1525629222.995092	41.077515	55.961761	-325.684601
1525629222.995459	1525629222.995459	41.003479	56.260971	-325.311462
1525629223.014714	1525629223.014714	41.226349	55.736984	-325.532898
1525629223.014839	1525629223.014839	41.227371	55.961990	-325.534149
1525629223.034407	1525629223.034407	40.851456	55.810516	-325.309448
1525629223.034531	1525629223.034531	41.301727	55.886749	-325.233521
1525629223.054507	1525629223.054507	40.777588	56.109970	-325.086334
1525629223.054634	1525629223.054634	41.000778	55.660965	-325.308167
1525629223.073832	1525629223.073832	41.228149	56.186646	-325.310364
1525629223.073958	1525629223.073958	41.075974	55.735962	-325.158356
1525629223.093454	1525629223.093454	41.227142	55.961639	-325.309143
1525629223.093574	1525629223.093574	41.001907	55.960632	-325.084839
1525629223.113214	1525629223.113214	41.150635	55.661194	-325.157715
1525629223.113340	1525629223.113340	41.003189	56.260529	-325.011475
1525629223.132809	1525629223.132809	40.774658	55.509613	-324.858032
1525629223.132926	1525629223.132926	40.926422	55.885178	-324.934631
1525629223.152456	1525629223.152456	40.626083	55.809280	-324.935120
1525629223.152574	1525629223.152574	41.076309	55.810959	-325.158783
1525629223.172108	1525629223.172108	40.699997	55.584381	-324.858673
1525629223.172251	1525629223.172251	40.849686	55.584381	-324.558197
1525629223.191728	1525629223.191728	40.849091	55.434494	-324.632385
1525629223.191842	1525629223.191842	40.775208	55.733948	-324.409241
1525629223.211613	1525629223.211613	40.848267	55.284271	-324.481567
1525629223.211728	1525629223.211728	40.850327	55.808823	-324.184448
1525629223.231081	1525629223.231081	40.923111	55.284271	-324.331360
1525629223.231194	1525629223.231194	40.998642	55.434265	-324.181946
1525629223.250790	1525629223.250790	40.473297	55.357697	-324.183075
1525629223.250905	1525629223.250905	40.623032	55.283264	-324.257233
1525629223.270609	1525629223.270609	40.773743	55.508255	-323.958038
1525629223.270725	1525629223.270725	40.847015	55.058929	-324.255341
1525629223.290147	1525629223.290147	40.697998	55.357925	-323.882416
1525629223.290262	1525629223.290262	40.621338	55.057236	-323.581024
1525629223.309905	1525629223.309905	40.921722	55.058701	-323.955109
1525629223.310018	1525629223.310018	40.623444	55.507355	-323.658478
1525629223.329390	1525629223.329390	40.469986	54.756775	-323.579834
1525629223.329505	1525629223.329505	40.622269	55.282135	-323.507233
1525629223.349343	1525629223.349343	40.396454	55.131226	-323.357086
1525629223.349458	1525629223.349458	40.547195	55.281799	-323.432465
1525629223.369003	1525629223.369003	40.246445	55.130768	-323.357544
1525629223.369119	1525629223.369119	40.396194	55.056335	-323.431671
1525629223.388539	1525629223.388539	40.771042	55.057236	-323.280548
1525629223.388654	1525629223.388654	40.694611	54.756897	-323.204163
1525629223.408215	1525629223.408215	40.771042	55.057236	-323.280548
1525629223.408331	1525629223.408331	40.395844	54.981339	-323.431244
1525629223.428099	1525629223.428099	40.621033	55.056778	-323.281006
1525629223.428174	1525629223.428174	40.321564	55.205658	-323.132721
1525629223.447682	1525629223.447682	40.395355	54.906113	-323.280853
1525629223.447755	1525629223.447755	40.622391	55.356796	-323.282654
1525629223.467365	1525629223.467365	40.471222	55.131104	-323.131866
1525629223.467437	1525629223.467437	40.770706	54.982239	-323.280151
1525629223.487506	1525629223.487506	40.547653	55.431458	-323.208313
1525629223.487579	1525629223.487579	40.920441	54.907791	-323.354309
1525629223.508003	1525629223.508003	40.698059	55.507019	-323.283234
1525629223.508122	1525629223.508122	40.396194	55.056335	-323.431671
1525629223.526824	1525629223.526824	40.472015	55.206787	-323.582275
1525629223.526941	1525629223.526941	40.472458	55.356461	-323.358093
1525629223.546827	1525629223.546827	40.170990	54.980896	-323.581940
1525629223.546933	1525629223.546933	40.396194	55.056335	-323.431671
1525629223.565654	1525629223.565654	39.794006	54.604309	-323.281006
1525629223.565773	1525629223.565773	39.870087	54.829651	-323.357025
1525629223.585286	1525629223.585286	39.421021	55.053192	-323.284576
1525629223.585356	1525629223.585356	39.344666	54.752960	-323.283173
1525629223.607039	1525629223.607039	39.194885	54.901840	-322.834442
1525629223.607111	1525629223.607111	39.118622	54.601715	-322.908020
1525629223.624976	1525629223.624976	38.894623	54.826050	-322.909912
1525629223.625048	1525629223.625048	38.444199	54.749588	-322.835876
1525629223.645545	1525629223.645545	38.144211	54.748688	-322.836761
1525629223.645662	1525629223.645662	37.993866	54.673233	-322.836792
1525629223.665512	1525629223.665512	37.917664	54.373230	-322.985352
1525629223.665700	1525629223.665700	37.769531	54.822571	-322.838287
1525629223.684235	1525629223.684235	37.617172	54.297104	-322.835846
1525629223.684352	1525629223.684352	37.842590	54.372894	-322.910583
1525629223.703542	1525629223.703542	37.542847	54.446884	-322.836914
1525629223.704218	1525629223.704218	37.317505	54.371216	-322.837158
1525629223.723015	1525629223.723015	37.168777	54.670654	-322.764252
1525629223.723131	1525629223.723131	37.167099	54.295639	-322.762177
1525629223.742620	1525629223.742620	36.942841	54.445084	-322.838684
1525629223.742735	1525629223.742735	36.717834	54.444412	-322.839355
1525629223.762432	1525629223.762432	36.641525	54.069748	-323.212524
1525629223.762547	1525629223.762547	36.492844	54.443741	-322.840027
1525629223.782760	1525629223.782760	36.041901	54.217499	-322.915131
1525629223.782877	1525629223.782877	36.193466	54.518295	-323.141327
1525629223.801716	1525629223.801716	35.817871	54.367279	-323.216644
1525629223.801830	1525629223.801830	35.593613	54.516724	-323.293121
1525629223.821383	1525629223.821383	35.593124	54.441498	-323.142700
1525629223.821501	1525629223.821501	35.292496	54.216156	-323.517365
1525629223.841051	1525629223.841051	35.220078	54.741287	-323.745483
1525629223.841166	1525629223.841166	34.769470	54.590042	-323.820984
1525629223.860961	1525629223.860961	34.844971	54.665497	-323.971191
1525629223.861177	1525629223.861177	34.545486	54.814362	-323.822876
1525629223.880251	1525629223.880251	34.544434	54.514816	-324.121246
1525629223.880366	1525629223.880366	34.246460	54.963928	-324.124634
1525629223.900257	1525629223.900257	34.020630	54.813019	-323.974487
1525629223.900371	1525629223.900371	34.245041	54.663803	-324.047974
1525629223.919625	1525629223.919625	34.020294	54.738022	-323.974060
1525629223.919739	1525629223.919739	34.018387	54.213684	-324.421173
1525629223.939397	1525629223.939397	33.796875	55.037689	-324.201355
1525629223.939511	1525629223.939511	33.717743	54.137344	-324.121674
1525629223.959092	1525629223.959092	33.720413	54.662796	-324.424530
1525629223.959207	1525629223.959207	33.420563	54.662125	-324.575409
1525629223.979102	1525629223.979102	34.094574	54.513687	-324.272583
1525629223.979352	1525629223.979352	33.570511	54.737015	-324.200378
1525629223.998602	1525629223.998602	33.343750	54.361221	-324.124023
1525629223.998718	1525629223.998718	33.270172	54.661102	-324.200867
1525629224.018148	1525629224.018148	33.044159	54.435440	-324.200317
1525629224.018262	1525629224.018262	33.195404	54.661224	-324.426086
1525629224.038020	1525629224.038020	33.194229	54.435989	-324.274872
1525629224.038135	1525629224.038135	32.967804	54.135208	-324.198883
1525629224.058517	1525629224.058517	32.745178	54.659531	-324.202423
1525629224.058614	1525629224.058614	32.368256	54.283066	-323.976532
1525629224.077337	1525629224.077337	32.743744	54.359421	-324.125793
1525629224.077626	1525629224.077626	32.218246	54.282623	-323.976959
1525629224.096814	1525629224.096814	32.216904	53.982620	-323.975311
1525629224.096927	1525629224.096927	32.143845	54.432281	-323.902985
1525629224.116729	1525629224.116729	31.841324	53.906143	-323.751007
1525629224.116843	1525629224.116843	32.067566	54.132172	-323.976593
1525629224.136366	1525629224.136366	31.841476	53.906372	-323.901001
1525629224.136438	1525629224.136438	31.766022	53.756485	-324.125427
1525629224.156233	1525629224.156233	31.315643	53.754578	-323.751770
1525629224.156306	1525629224.156306	31.165787	53.754349	-323.902191
1525629224.175781	1525629224.175781	31.464371	53.455124	-323.824646
1525629224.175852	1525629224.175852	30.713608	53.302765	-323.751099
1525629224.195486	1525629224.195486	30.488831	53.302429	-323.976776
1525629224.195603	1525629224.195603	30.640228	53.677444	-323.678345
1525629224.215305	1525629224.215305	30.412476	53.002197	-323.975342
1525629224.215422	1525629224.215422	30.039764	53.525970	-323.904327
1525629224.235186	1525629224.235186	29.438522	53.298843	-323.679871
1525629224.235304	1525629224.235304	29.587585	53.074387	-323.753204
1525629224.254274	1525629224.254274	29.438370	53.298615	-323.529877
1525629224.254384	1525629224.254384	28.986572	52.847595	-323.753754
1525629224.273883	1525629224.273883	28.387268	53.070343	-323.456757
1525629224.273959	1525629224.273959	28.161102	52.844437	-323.306213
1525629224.293730	1525629224.293730	28.085434	52.694214	-323.305603
1525629224.293805	1525629224.293805	27.559708	52.617081	-322.931763
1525629224.313567	1525629224.313567	27.332748	52.166504	-323.004974
1525629224.313638	1525629224.313638	27.033463	52.390152	-322.707092
1525629224.333347	1525629224.333347	26.880936	51.864471	-322.554657
1525629224.333561	1525629224.333561	27.104782	51.639923	-322.402771
1525629224.353130	1525629224.353130	26.503876	51.487778	-322.178741
1525629224.353245	1525629224.353245	26.501770	51.037659	-322.101288
1525629224.372815	1525629224.372815	26.050903	50.960510	-321.577148
1525629224.372930	1525629224.372930	25.673035	50.359161	-321.424988
1525629224.392016	1525629224.392016	25.523483	50.508377	-321.201263
1525629224.392132	1525629224.392132	24.995590	49.981003	-320.674957
1525629224.411637	1525629224.411637	25.068176	49.530655	-320.297241
1525629224.411963	1525629224.411963	24.392273	49.378281	-320.073425
1525629224.431260	1525629224.431260	24.463699	48.702713	-319.544525
1525629224.431376	1525629224.431376	24.162567	48.551132	-319.094604
1525629224.451060	1525629224.451060	23.710617	48.248871	-318.494293
1525629224.451179	1525629224.451179	23.483765	47.872971	-318.342926
1525629224.470831	1525629224.470831	22.881699	47.495590	-317.967651
1525629224.470947	1525629224.470947	22.952759	46.670471	-317.737885
1525629224.490402	1525629224.490402	22.501465	46.518204	-317.138397
1525629224.490518	1525629224.490518	22.048203	45.841507	-316.911041
1525629224.510037	1525629224.510037	21.747772	45.765503	-316.836548
1525629224.510152	1525629224.510152	21.143600	44.938004	-316.383789
1525629224.529743	1525629224.529743	21.065598	44.337311	-316.080750
1525629224.529860	1525629224.529860	20.389954	44.259842	-315.782288
1525629224.549614	1525629224.549614	19.934830	43.207916	-315.402863
1525629224.549726	1525629224.549726	19.407837	42.830887	-315.102386
1525629224.568985	1525629224.568985	18.729004	42.078156	-314.650269
1525629224.569099	1525629224.569099	18.650131	41.252701	-314.495972
1525629224.588881	1525629224.588881	17.822571	40.799423	-313.970978
1525629224.588995	1525629224.588995	17.292267	39.672485	-313.741364
1525629224.608451	1525629224.608451	16.538544	38.845230	-313.739075
1525629224.608568	1525629224.608568	15.708008	37.717056	-313.285370
1525629224.628213	1525629224.628213	14.954697	36.964905	-313.358490
1525629224.628434	1525629224.628434	13.673294	35.610611	-313.054901
1525629224.647941	1525629224.647941	12.842773	34.333435	-313.275330
1525629224.648056	1525629224.648056	11.414566	33.653931	-313.125885
1525629224.667801	1525629224.667801	10.808853	32.302673	-313.495270
1525629224.667915	1525629224.667915	10.355438	31.476746	-313.792114
1525629224.687301	1525629224.687301	9.753250	31.024719	-313.641418
1525629224.687418	1525629224.687418	10.054077	31.175842	-313.791351
1525629224.706918	1525629224.706918	9.906021	31.625290	-313.719269
1525629224.707034	1525629224.707034	10.582687	32.076767	-313.344727
1525629224.727528	1525629224.727528	11.407318	32.078674	-312.967255
1525629224.727646	1525629224.727646	12.384018	32.605591	-312.292236
1525629224.771244	1525629224.771244	13.284729	32.832840	-311.990784
1525629224.771312	1525629224.771312	14.184509	32.984192	-311.088928
1525629224.771377	1525629224.771377	15.008575	32.910751	-310.486053
1525629224.771440	1525629224.771440	16.058136	32.913223	-310.032898
1525629224.785532	1525629224.785532	17.182800	32.990585	-309.354919
1525629224.785645	1525629224.785645	18.460556	33.668961	-309.054840
1525629224.805212	1525629224.805212	19.739777	34.722015	-308.531799
1525629224.805324	1525629224.805324	21.317459	35.252197	-308.829987
1525629224.824905	1525629224.824905	22.598404	36.605820	-308.683594
1525629224.824984	1525629224.824984	23.802216	37.434540	-308.759521
1525629224.844904	1525629224.844904	25.234436	38.939529	-309.213501
1525629224.845304	1525629224.845304	26.514267	39.993484	-309.290466
1525629224.864461	1525629224.864461	27.719574	40.973450	-310.192261
1525629224.864532	1525629224.864532	28.625931	42.401062	-310.122345
1525629224.884034	1525629224.884034	30.055267	43.231247	-310.722656
1525629224.884144	1525629224.884144	31.185272	44.210541	-311.324677
1525629224.904088	1525629224.904088	32.614456	45.040497	-311.774933
1525629224.904205	1525629224.904205	34.268875	45.871475	-312.449554
1525629224.923679	1525629224.923679	35.626434	47.451233	-312.904144
1525629224.923796	1525629224.923796	37.054504	47.981537	-313.577789
1525629224.943629	1525629224.943629	38.785522	49.187622	-314.179230
1525629224.943704	1525629224.943704	40.289032	49.867813	-314.628448
1525629224.962648	1525629224.962648	42.166641	50.249786	-315.524902
1525629224.962763	1525629224.962763	43.746841	51.305206	-315.976013
1525629224.982464	1525629224.982464	45.547623	51.311722	-316.720642
1525629224.982539	1525629224.982539	47.876190	51.919937	-317.541992
1525629225.007483	1525629225.007483	49.527893	52.150909	-318.213287
1525629225.007561	1525629225.007561	51.555206	52.532883	-318.809326
1525629225.021797	1525629225.021797	53.356277	52.688843	-319.179779
1525629225.021910	1525629225.021910	55.081375	52.545135	-319.923798
1525629225.042338	1525629225.042338	56.808548	52.925980	-320.370697
1525629225.042454	1525629225.042454	58.156601	52.480118	-320.439209
1525629225.061722	1525629225.061722	59.731140	52.260635	-320.958282
1525629225.062209	1525629225.062209	60.557571	52.563217	-321.032471
1525629225.080679	1525629225.080679	61.005585	52.040115	-321.403259
1525629225.080794	1525629225.080794	62.056351	52.193390	-321.475922
1525629225.100758	1525629225.100758	62.205368	51.894394	-321.848846
1525629225.101494	1525629225.101494	62.880951	51.971756	-322.072266
1525629225.120038	1525629225.120038	62.656204	52.045975	-321.998352
1525629225.120153	1525629225.120153	62.505936	51.970627	-322.073364
1525629225.139596	1525629225.139596	61.757736	52.418060	-321.853088
1525629225.139711	1525629225.139711	60.932541	52.489792	-321.330933
1525629225.159464	1525629225.159464	59.809479	52.936325	-321.261780
1525629225.159579	1525629225.159579	58.309464	53.080811	-320.592041
1525629225.179023	1525629225.179023	57.033691	52.926880	-320.520050
1525629225.179139	1525629225.179139	55.835526	53.447510	-320.001495
1525629225.198575	1525629225.198575	54.934235	53.144913	-320.077545
1525629225.198689	1525629225.198689	55.238892	54.046738	-320.681580
1525629225.218444	1525629225.218444	55.764542	54.123764	-320.980408
1525629225.218559	1525629225.218559	56.736359	53.451447	-320.823822
1525629225.238187	1525629225.238187	57.186768	53.676895	-320.223694
1525629225.238346	1525629225.238346	56.434738	53.224640	-320.223480
1525629225.257726	1525629225.257726	55.387955	53.971283	-320.080719
1525629225.257842	1525629225.257842	53.589096	54.191132	-320.237305
1525629225.277624	1525629225.277624	52.165512	54.486969	-320.318237
1525629225.277841	1525629225.277841	50.592102	54.857147	-320.249969
1525629225.297300	1525629225.297300	50.066162	54.630692	-320.325317
1525629225.297414	1525629225.297414	50.442856	55.006821	-320.326263
1525629225.316751	1525629225.316751	50.141663	54.706131	-320.475494
1525629225.316868	1525629225.316868	50.517776	55.006927	-320.251007
1525629225.338057	1525629225.338057	49.992172	54.855469	-320.326782
1525629225.338168	1525629225.338168	49.165924	54.627655	-320.102997
1525629225.356290	1525629225.356290	48.193649	55.299301	-319.809631
1525629225.356405	1525629225.356405	46.915192	54.545349	-319.734283
1525629225.377167	1525629225.377167	46.317657	55.143219	-319.514374
1525629225.377733	1525629225.377733	45.267532	55.065414	-319.742096
1525629225.395548	1525629225.395548	44.891708	54.914062	-319.592407
1525629225.395663	1525629225.395663	44.592560	55.137939	-319.444550
1525629225.415085	1525629225.415085	44.591553	54.912949	-319.443298
1525629225.415197	1525629225.415197	44.368317	55.287384	-319.521027
1525629225.434922	1525629225.434922	43.992447	55.061478	-319.670898
1525629225.435039	1525629225.435039	43.691696	54.910477	-319.595978
1525629225.454476	1525629225.454476	42.791870	54.982559	-319.449097
1525629225.454592	1525629225.454592	42.416000	54.756653	-319.598969
1525629225.474152	1525629225.474152	41.743286	55.279526	-319.528839
1525629225.474267	1525629225.474267	41.368179	55.203735	-319.754547
1525629225.493839	1525629225.493839	41.143097	55.202942	-319.680206
1525629225.494258	1525629225.494258	40.618011	55.201263	-319.606812
1525629225.513513	1525629225.513513	40.615723	54.676361	-319.678894
1525629225.513627	1525629225.513627	40.467255	55.050690	-319.531403
1525629225.533302	1525629225.533302	40.314896	54.525238	-319.528992
1525629225.533374	1525629225.533374	39.941849	54.974014	-319.457581
1525629225.552940	1525629225.552940	39.189392	54.446640	-319.381927
1525629225.553013	1525629225.553013	39.189392	54.446640	-319.381927
1525629225.572940	1525629225.572940	38.365845	54.818832	-319.161438
1525629225.573011	1525629225.573011	38.589157	54.444504	-319.158722
1525629225.592586	1525629225.592586	38.290848	54.818619	-319.161682
1525629225.592697	1525629225.592697	37.912918	54.217148	-318.934479
1525629225.612439	1525629225.612439	37.914749	54.592377	-319.086578
1525629225.612550	1525629225.612550	37.313690	54.440018	-318.712555
1525629225.631591	1525629225.631591	37.012894	54.214447	-318.937164
1525629225.632195	1525629225.632195	36.788498	54.363663	-318.863678
1525629225.651264	1525629225.651264	36.186646	53.986633	-318.713440
1525629225.651374	1525629225.651374	36.262100	54.136520	-318.489014
1525629225.670981	1525629225.670981	35.588440	54.434509	-318.492676
1525629225.671052	1525629225.671052	35.360336	53.758698	-318.414642
1525629225.690708	1525629225.690708	35.137421	54.208160	-318.492798
1525629225.690779	1525629225.690779	34.761002	53.906906	-318.417236
1525629225.710947	1525629225.710947	34.911530	54.057144	-318.267639
1525629225.711021	1525629225.711021	34.085159	53.754654	-318.268433
1525629225.729942	1525629225.729942	33.934372	53.529541	-318.492676
1525629225.730182	1525629225.730182	33.785416	53.828659	-318.194733
1525629225.749914	1525629225.749914	33.407898	53.302292	-318.042999
1525629225.750023	1525629225.750023	33.557983	53.302856	-318.117554
1525629225.769352	1525629225.769352	32.958908	53.525940	-318.045563
1525629225.769860	1525629225.769860	33.257294	53.151947	-318.117615
1525629225.789140	1525629225.789140	32.733337	53.449936	-317.820831
1525629225.789250	1525629225.789250	32.205368	52.773453	-317.893707
1525629225.809179	1525629225.809179	32.132324	53.223129	-317.821381
1525629225.809289	1525629225.809289	31.529541	52.621216	-317.744904
1525629225.828420	1525629225.828420	31.529907	52.770767	-317.445709
1525629225.828531	1525629225.828531	30.929153	52.618851	-317.371674
1525629225.848251	1525629225.848251	30.702057	52.168045	-317.294861
1525629225.848361	1525629225.848361	30.477753	52.391922	-316.996796
1525629225.867788	1525629225.867788	29.875229	51.864899	-316.845703
1525629225.867899	1525629225.867899	29.724670	51.789108	-316.620728
1525629225.887627	1525629225.887627	29.198273	51.561966	-316.246063
1525629225.887737	1525629225.887737	29.120712	50.961945	-316.393005
1525629225.907083	1525629225.907083	28.597366	51.409821	-316.022034
1525629225.907193	1525629225.907193	28.217590	50.433121	-315.642761
1525629225.927028	1525629225.927028	28.292969	50.582886	-315.343384
1525629225.927244	1525629225.927244	27.690659	50.205185	-314.743103
1525629225.946580	1525629225.946580	27.538559	49.754608	-314.666077
1525629225.946691	1525629225.946691	27.312988	49.827591	-313.767151
1525629225.966111	1525629225.966111	27.082840	48.701782	-313.686646
1525629225.966222	1525629225.966222	27.007309	48.700760	-313.161865
1525629225.986117	1525629225.986117	26.629593	48.248611	-312.485535
1525629225.986229	1525629225.986229	26.701004	47.498489	-312.256195
1525629226.005433	1525629226.005433	26.623398	47.121902	-311.354370
1525629226.005545	1525629226.005545	25.946289	46.669754	-311.278900
1525629226.025022	1525629226.025022	26.093765	46.293961	-310.451416
1525629226.025135	1525629226.025135	25.715271	45.617142	-309.998779
1525629226.044742	1525629226.044742	25.562195	45.016113	-309.620941
1525629226.044962	1525629226.044962	25.258728	44.414078	-308.868530
1525629226.064489	1525629226.064489	25.031433	43.888504	-308.941345
1525629226.064599	1525629226.064599	24.655334	43.811249	-308.192047
1525629226.084243	1525629226.084243	24.124542	42.609085	-307.812042
1525629226.084353	1525629226.084353	23.747742	42.307281	-307.361481
1525629226.103830	1525629226.103830	23.068832	41.554459	-306.834412
1525629226.103940	1525629226.103940	22.688858	40.502975	-306.604767
1525629226.123555	1525629226.123555	21.712051	40.199371	-306.156006
1525629226.123666	1525629226.123666	21.106415	38.997208	-305.926239
1525629226.143187	1525629226.143187	20.052460	38.168701	-305.699829
1525629226.143295	1525629226.143295	18.996170	36.889740	-305.170990
1525629226.163130	1525629226.163130	18.092331	35.987366	-305.393707
1525629226.163204	1525629226.163204	17.263489	35.234207	-304.942078
1525629226.182591	1525629226.182591	17.185974	34.708740	-304.789429
1525629226.182708	1525629226.182708	16.660889	34.707062	-304.715973
1525629226.202185	1525629226.202185	16.734238	34.406815	-304.414093
1525629226.202294	1525629226.202294	16.958984	34.332611	-304.487976
1525629226.222032	1525629226.222032	16.960297	34.707047	-304.115051
1525629226.222102	1525629226.222102	18.309967	34.636093	-304.110596
1525629226.241590	1525629226.241590	18.986740	35.162231	-303.511444
1525629226.241660	1525629226.241660	19.585693	35.013458	-303.133850
1525629226.261803	1525629226.261803	20.486832	35.315826	-302.907837
1525629226.261875	1525629226.261875	20.860550	35.166031	-302.305878
1525629226.281107	1525629226.281107	21.611572	35.393280	-302.304871
1525629226.281214	1525629226.281214	21.838379	35.843628	-302.081665
1525629226.301036	1525629226.301036	22.962067	35.621552	-301.777100
1525629226.301147	1525629226.301147	23.641388	36.598480	-301.705414
1525629226.320220	1525629226.320220	24.394028	37.200638	-301.631470
1525629226.320930	1525629226.320930	25.296707	37.728790	-301.931671
1525629226.339859	1525629226.339859	26.126526	38.781387	-302.009949
1525629226.339967	1525629226.339967	27.405899	39.685684	-302.311096
1525629226.359613	1525629226.359613	28.312592	41.039307	-302.915833
1525629226.359684	1525629226.359684	28.991394	41.866455	-302.993317
1525629226.379318	1525629226.379318	29.895874	42.695297	-303.745178
1525629226.379389	1525629226.379389	30.425461	43.746674	-303.599365
1525629226.399433	1525629226.399433	31.478180	44.200851	-304.273682
1525629226.399505	1525629226.399505	32.833862	45.330811	-304.875885
1525629226.418823	1525629226.418823	33.735947	45.709076	-305.250244
1525629226.418933	1525629226.418933	35.542236	46.990295	-305.776855
1525629226.438805	1525629226.438805	36.819092	47.369339	-305.925140
1525629226.438915	1525629226.438915	38.323730	48.200211	-306.825195
1525629226.458468	1525629226.458468	39.527786	49.103821	-306.826538
1525629226.458579	1525629226.458579	40.804947	49.483322	-307.274780
1525629226.477569	1525629226.477569	42.383942	50.238968	-307.874207
1525629226.477787	1525629226.477787	43.660614	50.543243	-308.172058
1525629226.497426	1525629226.497426	44.936874	50.623413	-309.068665
1525629226.497539	1525629226.497539	45.990829	51.451920	-309.295074
1525629226.517043	1525629226.517043	46.817642	51.755066	-309.744232
1525629226.517152	1525629226.517152	48.321274	52.360931	-310.643066
1525629226.536819	1525629226.536819	49.523087	52.665207	-311.091156
1525629226.536930	1525629226.536930	50.724716	52.894714	-311.688812
1525629226.556781	1525629226.556781	51.702805	53.498199	-312.064178
1525629226.556893	1525629226.556893	52.826660	53.127350	-312.583771
1525629226.576021	1525629226.576021	54.104233	53.581970	-313.107422
1525629226.576134	1525629226.576134	54.929611	53.585007	-313.479980
1525629226.595676	1525629226.595676	55.829819	53.513489	-314.001862
1525629226.595785	1525629226.595785	56.956406	53.817200	-314.225159
1525629226.615359	1525629226.615359	57.931015	53.596024	-314.821014
1525629226.615469	1525629226.615469	59.207489	53.825531	-315.268463
1525629226.635045	1525629226.635045	59.732117	53.677536	-315.566071
1525629226.635155	1525629226.635155	60.781723	53.456589	-316.161743
1525629226.654771	1525629226.654771	61.608078	53.759064	-316.160919
1525629226.654884	1525629226.654884	62.580276	53.087311	-316.379303
1525629226.674413	1525629226.674413	63.332199	53.464905	-316.604095
1525629226.674523	1525629226.674523	63.856003	53.166687	-316.750916
1525629226.694295	1525629226.694295	64.605637	53.019379	-317.047852
1525629226.694511	1525629226.694511	64.905380	52.945404	-317.121552
1525629226.714094	1525629226.714094	65.353973	52.497635	-317.717712
1525629226.714204	1525629226.714204	65.583084	53.398453	-317.796997
1525629226.733413	1525629226.733413	65.506210	52.948441	-317.944733
1525629226.733885	1525629226.733885	65.808807	53.474686	-318.171722
1525629226.753054	1525629226.753054	65.134079	53.547546	-318.099152
1525629226.753164	1525629226.753164	65.285736	53.848450	-318.400360
1525629226.772729	1525629226.772729	65.061920	54.147568	-318.252686
1525629226.772839	1525629226.772839	64.010559	53.844406	-318.254181
1525629226.792380	1525629226.792380	63.487091	54.217621	-318.107788
1525629226.792490	1525629226.792490	62.890015	54.816177	-318.337860
1525629226.812100	1525629226.812100	63.041061	54.967194	-318.713226
1525629226.812213	1525629226.812213	62.441772	55.189941	-318.416290
1525629226.831742	1525629226.831742	62.513016	54.439590	-318.036926
1525629226.831852	1525629226.831852	61.988953	54.811905	-317.290558
1525629226.851411	1525629226.851411	61.010284	54.133072	-316.689758
1525629226.851520	1525629226.851520	60.186417	54.430267	-316.468872
1525629226.871210	1525629226.871210	58.614365	55.100449	-316.402283
1525629226.871320	1525629226.871320	57.414764	55.171967	-316.481262
1525629226.890770	1525629226.890770	56.966370	55.545517	-316.409668
1525629226.890876	1525629226.890876	56.367157	55.619400	-316.861847
1525629226.910444	1525629226.910444	56.667389	55.620621	-317.085968
1525629226.910515	1525629226.910515	56.218094	55.843842	-316.788574
1525629226.930184	1525629226.930184	56.142822	55.768723	-316.863342
1525629226.930255	1525629226.930255	55.617447	55.766586	-316.489929
1525629226.950187	1525629226.950187	55.166458	55.614792	-316.190460
1525629226.950256	1525629226.950256	54.792465	55.838669	-316.192810
1525629226.969698	1525629226.969698	54.043060	55.986313	-316.120850
1525629226.969806	1525629226.969806	53.743622	56.060760	-316.347168
1525629226.989759	1525629226.989759	53.145035	56.359070	-316.425629
1525629226.989870	1525629226.989870	52.618271	55.982376	-316.350098
1525629227.008804	1525629227.008804	52.546097	56.656830	-316.129028
1525629227.009421	1525629227.009421	51.793793	56.129684	-316.203400
1525629227.028482	1525629227.028482	51.418976	56.203339	-316.054932
1525629227.028593	1525629227.028593	50.893921	56.276199	-315.681885
1525629227.048162	1525629227.048162	50.667618	55.901093	-316.055542
1525629227.048233	1525629227.048233	50.369598	56.424637	-315.684265
1525629227.067988	1525629227.067988	49.769440	56.422607	-315.536041
1525629227.068059	1525629227.068059	49.543869	56.197601	-315.985535
1525629227.087930	1525629227.087930	48.794769	56.494705	-315.539368
1525629227.088002	1525629227.088002	48.568634	56.194351	-315.763397
1525629227.107520	1525629227.107520	48.195587	56.643127	-315.691986
1525629227.107631	1525629227.107631	47.593170	56.190750	-315.316315
1525629227.127486	1525629227.127486	47.442764	56.115189	-315.241333
1525629227.127707	1525629227.127707	46.842270	56.038162	-315.092743
1525629227.147043	1525629227.147043	46.692001	55.962830	-315.167755
1525629227.147154	1525629227.147154	46.618393	56.337158	-314.870026
1525629227.166399	1525629227.166399	45.791275	55.884567	-314.795013
1525629227.167292	1525629227.167292	45.641769	55.959351	-314.945892
1525629227.186018	1525629227.186018	45.117691	56.182663	-314.873688
1525629227.186129	1525629227.186129	44.966187	55.881989	-314.722504
1525629227.205491	1525629227.205491	44.592911	56.330414	-314.426056
1525629227.205601	1525629227.205601	44.215775	55.804626	-314.649323
1525629227.225248	1525629227.225248	44.142151	56.178955	-314.351593
1525629227.225357	1525629227.225357	43.392334	56.251480	-314.204254
1525629227.244914	1525629227.244914	43.615875	55.877487	-314.426514
1525629227.245024	1525629227.245024	43.167221	56.176147	-314.429504
1525629227.264551	1525629227.264551	43.165039	55.725906	-314.277039
1525629227.264660	1525629227.264660	42.791397	56.024796	-314.279785
1525629227.284363	1525629227.284363	42.340637	55.873337	-314.205322
1525629227.284477	1525629227.284477	42.413345	55.348648	-314.277222
1525629227.304239	1525629227.304239	41.964462	55.646973	-314.055206
1525629227.304357	1525629227.304357	41.737701	55.271179	-313.978821
1525629227.323575	1525629227.323575	41.514496	55.720184	-313.756958
1525629227.323686	1525629227.323686	40.837692	55.268494	-313.981506
1525629227.343124	1525629227.343124	40.839569	55.718277	-313.833984
1525629227.343234	1525629227.343234	40.462982	55.416809	-313.608459
1525629227.363103	1525629227.363103	40.237457	55.266357	-313.758301
1525629227.363214	1525629227.363214	39.864594	55.789902	-313.537292
1525629227.382623	1525629227.382623	39.711288	55.039551	-313.608643
1525629227.382797	1525629227.382797	39.411850	55.113983	-313.834961
1525629227.402285	1525629227.402285	38.886124	55.036850	-313.461090
1525629227.402396	1525629227.402396	38.961472	55.112076	-313.461304
1525629227.422202	1525629227.422202	38.211380	55.109711	-313.388519
1525629227.422314	1525629227.422314	37.984955	54.808929	-313.312531
1525629227.442859	1525629227.442859	37.609604	54.732803	-313.313232
1525629227.442973	1525629227.442973	37.459946	54.807343	-313.314087
1525629227.461445	1525629227.461445	37.234726	54.806335	-313.089783
1525629227.461671	1525629227.461671	36.558243	54.578644	-312.640564
1525629227.481016	1525629227.481016	36.557114	54.278961	-312.863922
1525629227.481126	1525629227.481126	36.483170	54.578308	-312.565765
1525629227.500779	1525629227.500779	35.956055	54.126602	-312.489899
1525629227.500889	1525629227.500889	36.105759	54.126602	-312.189423
1525629227.520352	1525629227.520352	35.580185	54.049683	-311.965607
1525629227.520460	1525629227.520460	35.277817	53.523773	-311.963623
1525629227.540022	1525629227.540022	34.528030	53.670853	-311.516663
1525629227.540132	1525629227.540132	34.075104	53.069153	-311.289703
1525629227.559722	1525629227.559722	34.150024	53.069275	-311.214508
1525629227.559832	1525629227.559832	33.474304	52.991684	-310.841095
1525629227.579403	1525629227.579403	33.323471	52.841003	-310.690704
1525629227.579513	1525629227.579513	32.948502	52.914429	-310.392242
1525629227.599080	1525629227.599080	33.169983	52.164871	-310.237457
1525629227.599152	1525629227.599152	32.944000	52.013733	-309.937256
1525629227.618879	1525629227.618879	32.416885	51.562042	-309.861389
1525629227.618950	1525629227.618950	32.340912	51.411362	-309.560760
1525629227.638716	1525629227.638716	31.513412	50.958206	-309.110779
1525629227.638787	1525629227.638787	31.511887	50.583420	-309.258698
1525629227.658364	1525629227.658364	31.361908	50.657532	-308.959595
1525629227.658473	1525629227.658473	30.759018	50.129929	-308.433472
1525629227.678371	1525629227.678371	30.682816	49.978912	-307.907867
1525629227.678593	1525629227.678593	30.080475	49.526657	-307.607208
1525629227.697388	1525629227.697388	30.229385	49.301987	-307.530518
1525629227.697989	1525629227.697989	29.401230	48.698822	-307.079712
1525629227.717033	1525629227.717033	29.323746	48.247910	-306.627441
1525629227.717136	1525629227.717136	28.645996	47.720322	-306.251587
1525629227.736854	1525629227.736854	28.343399	47.194061	-306.024597
1525629227.736925	1525629227.736925	27.891556	46.817490	-305.873871
1525629227.756744	1525629227.756744	27.289734	46.515015	-305.424011
1525629227.756868	1525629227.756868	26.834473	45.462845	-304.894592
1525629227.776569	1525629227.776569	26.682144	45.011932	-304.592590
1525629227.776640	1525629227.776640	26.079468	44.484665	-304.291443
1525629227.796249	1525629227.796249	26.152328	44.109207	-303.839172
1525629227.796359	1525629227.796359	25.699921	43.657288	-303.463074
1525629227.816048	1525629227.816048	25.395447	42.681259	-303.383606
1525629227.816221	1525629227.816221	25.018494	42.379227	-302.783051
1525629227.835718	1525629227.835718	24.939804	41.628540	-302.479187
1525629227.835830	1525629227.835830	24.712509	41.251953	-301.877777
1525629227.854811	1525629227.854811	24.483261	40.425476	-301.348938
1525629227.854920	1525629227.854920	24.254807	39.674667	-301.270477
1525629227.874539	1525629227.874539	23.877319	39.222855	-300.819153
1525629227.874648	1525629227.874648	23.495895	37.945694	-300.138245
1525629227.894446	1525629227.894446	23.116272	36.969208	-299.909058
1525629227.894663	1525629227.894663	21.836670	36.064575	-299.382904
1525629227.913835	1525629227.913835	21.384003	35.388779	-299.755524
1525629227.913946	1525629227.913946	20.480728	34.710739	-299.529541
1525629227.933651	1525629227.933651	20.254929	34.485397	-299.753937
1525629227.933758	1525629227.933758	19.732101	34.934052	-299.908020
1525629227.953273	1525629227.953273	19.581848	34.858719	-299.983032
1525629227.953383	1525629227.953383	20.260376	35.610977	-300.135132
1525629227.972921	1525629227.972921	20.636215	35.911316	-299.610657
1525629227.973033	1525629227.973033	21.609909	35.539795	-299.980682
1525629227.992610	1525629227.992610	21.912720	36.215378	-299.758484
1525629227.992720	1525629227.992720	22.360596	35.841034	-299.305115
1525629228.012286	1525629228.012286	23.036453	36.067841	-299.154327
1525629228.012397	1525629228.012397	23.411163	36.068512	-298.853210
1525629228.031971	1525629228.031971	24.386398	36.071777	-299.075287
1525629228.032078	1525629228.032078	24.765045	36.897797	-299.003693
1525629228.051796	1525629228.051796	25.290314	36.974258	-298.927551
1525629228.051906	1525629228.051906	26.644684	37.878769	-299.228455
1525629228.071669	1525629228.071669	27.322983	38.630707	-299.155579
1525629228.071782	1525629228.071782	28.376648	39.309769	-299.756134
1525629228.091021	1525629228.091021	29.430374	40.137924	-299.757507
1525629228.091131	1525629228.091131	29.883545	40.739960	-300.209473
1525629228.110810	1525629228.110810	30.638046	41.642914	-300.662201
1525629228.111026	1525629228.111026	31.166595	42.394714	-300.814728
1525629228.130389	1525629228.130389	32.369568	42.924225	-301.414032
1525629228.130499	1525629228.130499	32.972626	43.601044	-301.415955
1525629228.150105	1525629228.150105	34.024704	43.979752	-301.789886
1525629228.150215	1525629228.150215	35.152634	44.583481	-302.014771
1525629228.169736	1525629228.169736	35.754974	45.035736	-302.315491
1525629228.169846	1525629228.169846	36.882874	45.564911	-302.839996
1525629228.189285	1525629228.189285	37.335770	46.241043	-302.692352
1525629228.189396	1525629228.189396	37.937256	46.468521	-303.141785
1525629228.209182	1525629228.209182	38.913574	46.696899	-303.440125
1525629228.209292	1525629228.209292	38.990677	47.147247	-303.517365
1525629228.228785	1525629228.228785	39.441330	47.224045	-303.816437
1525629228.228895	1525629228.228895	39.592606	47.524384	-303.742645
1525629228.248469	1525629228.248469	39.818619	47.601074	-304.417389
1525629228.248578	1525629228.248578	40.120575	48.051880	-304.343964
1525629228.268213	1525629228.268213	39.970016	47.827103	-304.793213
1525629228.268323	1525629228.268323	40.496552	48.203445	-304.643677
1525629228.288413	1525629228.288413	39.971817	48.276764	-304.570679
1525629228.288495	1525629228.288495	40.196259	48.053116	-305.018738
1525629228.307591	1525629228.307591	40.347717	48.428238	-304.795380
1525629228.307662	1525629228.307662	40.273438	48.503571	-305.171021
1525629228.327752	1525629228.327752	40.498962	48.654022	-305.021149
1525629228.327825	1525629228.327825	40.275467	48.953583	-305.173492
1525629228.347283	1525629228.347283	41.099533	48.731155	-305.244781
1525629228.347354	1525629228.347354	41.026291	49.106064	-305.322083
1525629228.366865	1525629228.366865	41.476379	49.107529	-305.395721
1525629228.366977	1525629228.366977	42.377899	49.410446	-305.544708
1525629228.386763	1525629228.386763	42.227890	49.410004	-305.545135
1525629228.386876	1525629228.386876	42.976440	49.037582	-305.765808
1525629228.406500	1525629228.406500	43.277786	49.338486	-305.766571
1525629228.406612	1525629228.406612	43.277603	49.263702	-305.916199
1525629228.425749	1525629228.425749	43.955200	49.791077	-306.142029
1525629228.426532	1525629228.426532	43.804977	49.790283	-305.917511
1525629228.445482	1525629228.445482	43.954453	49.640961	-306.066223
1525629228.445557	1525629228.445557	43.730011	49.864624	-305.618103
1525629228.464967	1525629228.464967	43.728622	49.490067	-305.916077
1525629228.465038	1525629228.465038	43.356705	50.089508	-306.295502
1525629228.484956	1525629228.484956	43.281998	50.089737	-306.595703
1525629228.485028	1525629228.485028	43.883255	50.316879	-306.820160
1525629228.504583	1525629228.504583	44.034866	50.692230	-306.746735
1525629228.504696	1525629228.504696	45.083496	50.320816	-307.041565
1525629228.524308	1525629228.524308	45.310776	50.846390	-306.968781
1525629228.524419	1525629228.524419	45.534088	50.472046	-306.966034
1525629228.543600	1525629228.543600	46.285080	50.624756	-307.264618
1525629228.544750	1525629228.544750	46.287323	51.075104	-307.492096
1525629228.563293	1525629228.563293	46.588242	51.226349	-307.717041
1525629228.563403	1525629228.563403	46.589584	51.526352	-307.718658
1525629228.582999	1525629228.582999	46.886703	50.852463	-307.864075
1525629228.583109	1525629228.583109	47.113281	51.153473	-308.090057
1525629228.602545	1525629228.602545	46.964035	51.303146	-308.166321
1525629228.602655	1525629228.602655	47.189682	51.379272	-308.466064
1525629228.622594	1525629228.622594	47.190720	51.678818	-308.167725
1525629228.622880	1525629228.622880	47.114746	51.379150	-308.541290
1525629228.641979	1525629228.641979	47.117523	51.979279	-308.619568
1525629228.642088	1525629228.642088	46.817261	51.903488	-308.695068
1525629228.661644	1525629228.661644	47.117981	51.979965	-309.069580
1525629228.661750	1525629228.661750	46.968536	52.203842	-308.621246
1525629228.681384	1525629228.681384	47.043732	52.129852	-309.145599
1525629228.681494	1525629228.681494	47.194778	52.429855	-308.846832
1525629228.701102	1525629228.701102	46.969513	52.354294	-308.922089
1525629228.701213	1525629228.701213	47.420914	52.581207	-309.296997
1525629228.720569	1525629228.720569	47.346100	52.655762	-309.147583
1525629228.720679	1525629228.720679	47.420532	52.431656	-309.596161
1525629228.740264	1525629228.740264	47.573502	53.107010	-309.524384
1525629228.740374	1525629228.740374	47.346024	52.506653	-309.746765
1525629228.760196	1525629228.760196	47.722198	52.733017	-309.896881
1525629228.760306	1525629228.760306	47.198547	53.031448	-309.900085
1525629228.779745	1525629228.779745	47.499268	53.107910	-310.274658
1525629228.779856	1525629228.779856	47.575195	53.333023	-310.200684
1525629228.799824	1525629228.799824	47.799484	53.109146	-310.498749
1525629228.799936	1525629228.799936	47.951935	53.634720	-310.576202
1525629228.819083	1525629228.819083	47.877274	53.709503	-310.576843
1525629228.819192	1525629228.819192	48.103256	53.860626	-310.876984
1525629228.838730	1525629228.838730	48.179077	54.011078	-311.027557
1525629228.838841	1525629228.838841	48.403976	53.937088	-311.251495
1525629228.859776	1525629228.859776	48.556564	54.462891	-311.478943
1525629228.859889	1525629228.859889	48.406555	54.462433	-311.479370
1525629228.878348	1525629228.878348	48.855698	54.239014	-311.626801
1525629228.878570	1525629228.878570	48.632126	54.538452	-311.704132
1525629228.898283	1525629228.898283	48.856339	54.314453	-311.927216
1525629228.898390	1525629228.898390	49.084686	54.990601	-312.230255
1525629228.917604	1525629228.917604	49.159500	54.916046	-312.379608
1525629228.917714	1525629228.917714	49.910309	54.993973	-312.827789
1525629228.937238	1525629228.937238	49.986313	55.219208	-312.828796
1525629228.937349	1525629228.937349	50.735428	54.922119	-313.274902
1525629228.956829	1525629228.956829	50.963135	55.522797	-313.277527
1525629228.956940	1525629228.956940	51.411331	55.074478	-313.498718
1525629228.976675	1525629228.976675	51.562576	55.300278	-313.724518
1525629228.976783	1525629228.976783	51.636230	55.000504	-313.722626
1525629228.996286	1525629228.996286	51.712311	55.225830	-313.798676
1525629228.996364	1525629228.996364	51.939194	55.676300	-313.650421
1525629229.015970	1525629229.015970	51.562134	55.150604	-313.948700
1525629229.016046	1525629229.016046	52.014572	55.677078	-314.025208
1525629229.035797	1525629229.035797	51.639038	55.526184	-314.175537
1525629229.036033	1525629229.036033	51.940704	55.827530	-314.476257
1525629229.055633	1525629229.055633	51.940292	55.752426	-314.400848
1525629229.055742	1525629229.055742	52.164246	55.453537	-314.698547
1525629229.076345	1525629229.076345	52.315704	55.828659	-314.475159
1525629229.076460	1525629229.076460	52.089279	55.527863	-314.399170
1525629229.095724	1525629229.095724	52.315109	55.678772	-314.549347
1525629229.095806	1525629229.095806	52.091080	55.977539	-314.176666
1525629229.114377	1525629229.114377	52.015182	55.677979	-314.625214
1525629229.114998	1525629229.114998	52.016235	55.977539	-314.326874
1525629229.133985	1525629229.133985	52.089951	55.677872	-314.399994
1525629229.134059	1525629229.134059	52.165527	55.753433	-314.625183
1525629229.153464	1525629229.153464	52.241684	55.978897	-314.776184
1525629229.153586	1525629229.153586	52.015930	55.828094	-314.701050
1525629229.173489	1525629229.173489	52.017471	56.202881	-314.553131
1525629229.173563	1525629229.173563	51.790665	55.752533	-314.776306
1525629229.193157	1525629229.193157	52.166611	55.978561	-314.701416
1525629229.193268	1525629229.193268	51.716522	55.977097	-314.627747
1525629229.212967	1525629229.212967	51.716751	55.977432	-314.852753
1525629229.213079	1525629229.213079	51.492310	56.201080	-314.404663
1525629229.232791	1525629229.232791	51.566422	55.901978	-314.852814
1525629229.232903	1525629229.232903	51.718109	56.277435	-314.854401
1525629229.251938	1525629229.251938	51.416153	55.826645	-314.927856
1525629229.252047	1525629229.252047	52.017761	56.203339	-314.853119
1525629229.271723	1525629229.271723	51.567093	56.051987	-314.853638
1525629229.271834	1525629229.271834	51.265991	55.825958	-314.778259
1525629229.291273	1525629229.291273	51.418701	56.426422	-314.781128
1525629229.291383	1525629229.291383	51.116608	55.975403	-314.704559
1525629229.310965	1525629229.310965	51.491409	55.901749	-314.853027
1525629229.311183	1525629229.311183	51.118927	56.425873	-315.007019
1525629229.330641	1525629229.330641	51.418106	56.276535	-314.855316
1525629229.330754	1525629229.330754	51.644226	56.576874	-314.631287
1525629229.350336	1525629229.350336	51.417084	56.051529	-314.854065
1525629229.350446	1525629229.350446	51.642014	56.052094	-314.778381
1525629229.369986	1525629229.369986	51.568100	56.276993	-314.854858
1525629229.370097	1525629229.370097	51.490967	55.752090	-315.077209
1525629229.389663	1525629229.389663	51.643433	56.352219	-314.855042
1525629229.389773	1525629229.389773	51.192581	56.126083	-315.005157
1525629229.409303	1525629229.409303	51.566147	55.827087	-314.927399
1525629229.409412	1525629229.409412	51.341751	55.976303	-314.853882
1525629229.428994	1525629229.428994	51.717163	56.052536	-314.928192
1525629229.429105	1525629229.429105	51.567764	56.201981	-314.854462
1525629229.448922	1525629229.448922	51.566757	55.976990	-314.853210
1525629229.449035	1525629229.449035	51.792542	56.202316	-314.628784
1525629229.468284	1525629229.468284	51.491531	55.976425	-314.628418
1525629229.468392	1525629229.468392	52.016830	55.978439	-314.926880
1525629229.487952	1525629229.487952	51.792542	56.202316	-314.628784
1525629229.488064	1525629229.488064	51.717087	56.052429	-314.853180
1525629229.507703	1525629229.507703	51.794113	56.502670	-314.855408
1525629229.507814	1525629229.507814	51.716751	55.977432	-314.852753
1525629229.528262	1525629229.528262	52.316010	55.829117	-314.775146
1525629229.528372	1525629229.528372	51.716904	55.977661	-315.002747
1525629229.547207	1525629229.547207	52.016113	55.753891	-315.225647
1525629229.547318	1525629229.547318	52.244614	56.579239	-315.004486
1525629229.567164	1525629229.567164	52.316986	55.979568	-315.075989
1525629229.567611	1525629229.567611	52.242661	56.129349	-315.077026
1525629229.586519	1525629229.586519	52.016876	55.904007	-315.301483
1525629229.586630	1525629229.586630	52.466919	55.979904	-315.000519
1525629229.606090	1525629229.606090	52.018738	56.353790	-315.153931
1525629229.606200	1525629229.606200	52.092316	56.053894	-315.077057
1525629229.625768	1525629229.625768	52.243301	56.204803	-315.377441
1525629229.626046	1525629229.626046	51.793564	56.278336	-315.304199
1525629229.645487	1525629229.645487	51.793137	56.203217	-315.228790
1525629229.645597	1525629229.645597	51.569946	56.652222	-315.006897
1525629229.665096	1525629229.665096	51.792130	55.978226	-315.227539
1525629229.665206	1525629229.665206	51.869080	56.428345	-315.154785
1525629229.684802	1525629229.684802	51.792542	56.053329	-315.302979
1525629229.684882	1525629229.684882	52.243073	56.204453	-315.152435
1525629229.704660	1525629229.704660	52.167480	56.054352	-315.226837
1525629229.704733	1525629229.704733	52.167847	56.054901	-315.601837
1525629229.724373	1525629229.724373	52.245483	56.655029	-315.529877
1525629229.724445	1525629229.724445	51.794388	56.428558	-315.455017
1525629229.744299	1525629229.744299	52.020370	56.579697	-315.755157
1525629229.744517	1525629229.744517	51.795471	56.653687	-315.531219
1525629229.763889	1525629229.763889	52.020432	56.579803	-315.830170
1525629229.763998	1525629229.763998	51.795700	56.654022	-315.756226
1525629229.783692	1525629229.783692	51.794266	56.353897	-315.679596
1525629229.783803	1525629229.783803	52.019913	56.430023	-315.979370
1525629229.802868	1525629229.802868	51.645355	56.578568	-315.756287
1525629229.802981	1525629229.802981	51.719955	56.503677	-315.680664
1525629229.822416	1525629229.822416	51.796494	56.878693	-315.532471
1525629229.822487	1525629229.822487	51.719345	56.353790	-315.754822
1525629229.842456	1525629229.842456	51.869690	56.429245	-315.754791
1525629229.842530	1525629229.842530	51.570557	56.653122	-315.606903
1525629229.862039	1525629229.862039	52.019241	56.280029	-315.978546
1525629229.862109	1525629229.862109	51.421371	56.802902	-315.758179
1525629229.881948	1525629229.881948	51.568344	56.128342	-315.754028
1525629229.882019	1525629229.882019	51.644684	56.428574	-315.755463
1525629229.901803	1525629229.901803	51.344604	56.427551	-315.681366
1525629229.901913	1525629229.901913	51.794235	56.279343	-315.979218
1525629229.957325	1525629229.957325	51.494614	56.428009	-315.680908
1525629229.960256	1525629229.960256	51.644455	56.279236	-316.204681
1525629229.960629	1525629229.960629	51.422195	56.953125	-315.909027
1525629229.960840	1525629229.960840	51.420425	56.578003	-315.831970
1525629229.961516	1525629229.961516	51.796295	56.803909	-315.682068
1525629229.961581	1525629229.961581	51.420288	56.577789	-315.681976
1525629229.980019	1525629229.980019	51.570023	56.503357	-315.756073
1525629229.980141	1525629229.980141	51.421066	56.802444	-315.458191
1525629229.999625	1525629229.999625	51.418747	56.203003	-315.829895
1525629229.999816	1525629229.999816	51.720932	56.654129	-315.981506
1525629230.019400	1525629230.019400	51.421371	56.802902	-315.758179
1525629230.019521	1525629230.019521	51.795593	56.579361	-315.980865
1525629230.038778	1525629230.038778	51.496033	56.728134	-315.757538
1525629230.038900	1525629230.038900	51.570175	56.503571	-315.906097
1525629230.058710	1525629230.058710	51.571686	56.803802	-316.057770
1525629230.058824	1525629230.058824	51.346375	56.802673	-315.758392
1525629230.078281	1525629230.078281	51.720779	56.653900	-315.831482
1525629230.078404	1525629230.078404	51.420776	56.653015	-315.832367
1525629230.098046	1525629230.098046	51.571259	56.728683	-315.982361
1525629230.098159	1525629230.098159	51.571869	56.878586	-315.908173
1525629230.117932	1525629230.117932	51.345627	56.503571	-316.356781
1525629230.118053	1525629230.118053	51.570816	56.579025	-316.206543
1525629230.137365	1525629230.137365	51.497025	56.878586	-316.058411
1525629230.137480	1525629230.137480	51.420654	56.578354	-316.057007
1525629230.157256	1525629230.157256	51.571899	56.804138	-316.282745
1525629230.157375	1525629230.157375	51.196716	56.728241	-316.433502
1525629230.177149	1525629230.177149	51.421219	56.653687	-316.282379
1525629230.177474	1525629230.177474	51.272156	56.878128	-316.209076
1525629230.196513	1525629230.196513	51.346069	56.653229	-316.132599
1525629230.196629	1525629230.196629	51.573364	57.178818	-316.059845
1525629230.216484	1525629230.216484	51.421143	56.653580	-316.207397
1525629230.216600	1525629230.216600	51.422241	56.878693	-316.283630
1525629230.235775	1525629230.235775	51.196152	56.652893	-316.208069
1525629230.235886	1525629230.235886	51.271484	56.728134	-316.208252
1525629230.255729	1525629230.255729	51.421555	56.728683	-316.282806
1525629230.255842	1525629230.255842	51.347046	56.803696	-316.433441
1525629230.274983	1525629230.274983	51.199753	57.403259	-316.437195
1525629230.275098	1525629230.275098	50.972946	56.952911	-316.660370
1525629230.296990	1525629230.296990	51.347839	56.879379	-316.883850
1525629230.297198	1525629230.297198	50.898056	57.027344	-316.436035
1525629230.314430	1525629230.314430	51.196945	56.728577	-316.658478
1525629230.314544	1525629230.314544	51.274490	57.328583	-316.511536
1525629230.336236	1525629230.336236	51.047607	56.878128	-316.659729
1525629230.336347	1525629230.336347	51.198929	57.104034	-316.960541
1525629230.353855	1525629230.353855	51.124039	57.178482	-316.736176
1525629230.353982	1525629230.353982	51.046936	56.728134	-316.658905
1525629230.374451	1525629230.374451	51.124649	57.328369	-316.661987
1525629230.374527	1525629230.374527	51.121826	56.653687	-316.883270
1525629230.393274	1525629230.393274	51.199539	57.253937	-316.886353
1525629230.393413	1525629230.393413	50.748779	57.102463	-316.811890
1525629230.413011	1525629230.413011	51.198853	57.103928	-316.885529
1525629230.413081	1525629230.413081	51.049530	57.253479	-316.886810
1525629230.432622	1525629230.432622	50.973175	56.953247	-316.885376
1525629230.432733	1525629230.432733	51.199203	57.178925	-316.885925
1525629230.453223	1525629230.453223	50.972610	56.877914	-316.659973
1525629230.453343	1525629230.453343	51.199265	57.179031	-316.960938
